0 0 0 1 0.279427 -0.519599 12.4334 
0 0 6.5 1 0.222003 0.095966 12.4334 
10 0 0 1 -0.223375 -0.336208 12.4334 
10 0 6.5 1 -0.262154 0.0284277 12.4334 
10 10 0 1 0.129738 -0.205532 12.4334 
10 10 6.5 1 0.104399 0.0570135 12.4334 
0 10 0 1 0.579172 -0.262176 12.4334 
0 10 6.5 1 0.547735 0.109442 12.4334 
0 5 10 1 0.403298 0.358762 12.4334 
10 5 10 1 -0.0654814 0.211536 12.4334 
0 6 0 1 0.493176 -0.33603 12.4334 
0 8 0 1 0.539877 -0.295922 12.4334 
0 8 5 1 0.513328 0.0137703 12.4334 
0 6 5 1 0.463676 0.00275205 12.4334 
0 2 2.5 1 0.34841 -0.236789 12.4334 
0 4 2.5 1 0.420253 -0.19847 12.4334 
0 4 5 1 0.403586 -0.0105823 12.4334 
0 2 5 1 0.32938 -0.027049 12.4334 
0.5 0.5 -0.5 1 0.267086 -0.528768 12.4334 
0.5 0.5 6 1 0.213202 0.0466496 12.4334 
10.5 0.5 -0.5 1 -0.21129 -0.348945 12.4334 
10.5 0.5 6 1 -0.248429 0.0012199 12.4334 
10.5 10.5 -0.5 1 0.128514 -0.218504 12.4334 
10.5 10.5 6 1 0.10389 0.0364562 12.4334 
0.5 10.5 -0.5 1 0.559653 -0.278054 12.4334 
0.5 10.5 6 1 0.529287 0.0785462 12.4334 
0.5 5.5 9.5 1 0.387512 0.307842 12.4334 
10.5 5.5 9.5 1 -0.0604273 0.182471 12.4334 
0.5 6.5 -0.5 1 0.474169 -0.351309 12.4334 
0.5 8.5 -0.5 1 0.520435 -0.311662 12.4334 
0.5 8.5 4.5 1 0.494879 -0.015483 12.4334 
0.5 6.5 4.5 1 0.445895 -0.0286328 12.4334 
0.5 2.5 2 1 0.33341 -0.261198 12.4334 
0.5 4.5 2 1 0.403034 -0.222435 12.4334 
0.5 4.5 4.5 1 0.387149 -0.0444036 12.4334 
0.5 2.5 4.5 1 0.315397 -0.0636656 12.4334 
