0 0 0 1 0.402621 -0.516265 13.6334 
0 0 6.5 1 0.342795 0.0295061 13.6334 
10 0 0 1 -0.276497 -0.455772 13.6334 
10 0 6.5 1 -0.276241 -0.0465542 13.6334 
10 10 0 1 -0.00489957 -0.346525 13.6334 
10 10 6.5 1 -0.0166383 -0.0839001 13.6334 
0 10 0 1 0.433166 -0.359002 13.6334 
0 10 6.5 1 0.396389 -0.0462079 13.6334 
0 5 10 1 0.354386 0.175069 13.6334 
10 5 10 1 -0.123496 0.0894609 13.6334 
0 6 0 1 0.424804 -0.402058 13.6334 
0 8 0 1 0.429383 -0.378481 13.6334 
0 8 5 1 0.398311 -0.111928 13.6334 
0 6 5 1 0.390846 -0.107685 13.6334 
0 2 2.5 1 0.390494 -0.276196 13.6334 
0 4 2.5 1 0.399914 -0.262269 13.6334 
0 4 5 1 0.38172 -0.102499 13.6334 
0 2 5 1 0.370312 -0.0960161 13.6334 
0.5 0.5 -0.5 1 0.366237 -0.543036 13.6334 
0.5 0.5 6 1 0.312031 -0.0181099 13.6334 
10.5 0.5 -0.5 1 -0.280206 -0.477915 13.6334 
10.5 0.5 6 1 -0.279717 -0.0805204 13.6334 
10.5 10.5 -0.5 1 -0.0133721 -0.363267 13.6334 
10.5 10.5 6 1 -0.024496 -0.105548 13.6334 
0.5 10.5 -0.5 1 0.411353 -0.378652 13.6334 
0.5 10.5 6 1 0.376616 -0.0727903 13.6334 
0.5 5.5 9.5 1 0.331754 0.136125 13.6334 
10.5 5.5 9.5 1 -0.130021 0.0597482 13.6334 
0.5 6.5 -0.5 1 0.398818 -0.424325 13.6334 
0.5 8.5 -0.5 1 0.405665 -0.399378 13.6334 
0.5 8.5 4.5 1 0.376481 -0.139369 13.6334 
0.5 6.5 4.5 1 0.367126 -0.137918 13.6334 
0.5 2.5 2 1 0.360192 -0.308239 13.6334 
0.5 4.5 2 1 0.372626 -0.291263 13.6334 
0.5 4.5 4.5 1 0.355763 -0.136155 13.6334 
0.5 2.5 4.5 1 0.341664 -0.133968 13.6334 
