0 0 0 1 -0.0900577 -0.254911 11.2334 
0 0 6.5 1 -0.120484 0.444927 11.2334 
10 0 0 1 -0.248089 -0.0435423 11.2334 
10 0 6.5 1 -0.274118 0.312832 11.2334 
10 10 0 1 0.199423 0.00531714 11.2334 
10 10 6.5 1 0.204094 0.302942 11.2334 
0 10 0 1 0.612998 -0.115902 11.2334 
0 10 6.5 1 0.663108 0.388149 11.2334 
0 5 10 1 0.355618 0.789052 11.2334 
10 5 10 1 -0.0171073 0.499909 11.2334 
0 6 0 1 0.383334 -0.161312 11.2334 
0 8 0 1 0.504779 -0.137299 11.2334 
0 8 5 1 0.536011 0.263405 11.2334 
0 6 5 1 0.406137 0.263922 11.2334 
0 2 2.5 1 0.0882896 0.011406 11.2334 
0 4 2.5 1 0.251675 0.0280058 11.2334 
0 4 5 1 0.25779 0.264512 11.2334 
0 2 5 1 0.0867259 0.265192 11.2334 
0.5 0.5 -0.5 1 -0.0572888 -0.270925 11.2334 
0.5 0.5 6 1 -0.0809479 0.371902 11.2334 
10.5 0.5 -0.5 1 -0.224512 -0.0600696 11.2334 
10.5 0.5 6 1 -0.247901 0.28098 11.2334 
10.5 10.5 -0.5 1 0.205214 -0.0101305 11.2334 
10.5 10.5 6 1 0.210057 0.276742 11.2334 
0.5 10.5 -0.5 1 0.60124 -0.13491 11.2334 
0.5 10.5 6 1 0.647407 0.338987 11.2334 
0.5 5.5 9.5 1 0.357579 0.700191 11.2334 
10.5 5.5 9.5 1 -0.00208973 0.462958 11.2334 
0.5 6.5 -0.5 1 0.383359 -0.179912 11.2334 
0.5 8.5 -0.5 1 0.498234 -0.156185 11.2334 
0.5 8.5 4.5 1 0.527149 0.219749 11.2334 
0.5 6.5 4.5 1 0.404754 0.217514 11.2334 
0.5 2.5 2 1 0.10824 -0.0222093 11.2334 
0.5 4.5 2 1 0.260026 -0.00451843 11.2334 
0.5 4.5 4.5 1 0.266099 0.214982 11.2334 
0.5 2.5 4.5 1 0.107711 0.212091 11.2334 
