0 0 0 1 0.403773 -0.579869 13.8667 
0 0 6.5 1 0.352541 -0.0395247 13.8667 
10 0 0 1 -0.297068 -0.510263 13.8667 
10 0 6.5 1 -0.285024 -0.0867802 13.8667 
10 10 0 1 -0.0414959 -0.388187 13.8667 
10 10 6.5 1 -0.0461058 -0.121845 13.8667 
0 10 0 1 0.395134 -0.407636 13.8667 
0 10 6.5 1 0.365482 -0.0994204 13.8667 
0 5 10 1 0.34257 0.112116 13.8667 
10 5 10 1 -0.139513 0.0525051 13.8667 
0 6 0 1 0.397494 -0.454692 13.8667 
0 8 0 1 0.396201 -0.428916 13.8667 
0 8 5 1 0.370941 -0.165864 13.8667 
0 6 5 1 0.369637 -0.163952 13.8667 
0 2 2.5 1 0.382993 -0.336622 13.8667 
0 4 2.5 1 0.383104 -0.319239 13.8667 
0 4 5 1 0.368042 -0.161613 13.8667 
0 2 5 1 0.366048 -0.158689 13.8667 
0.5 0.5 -0.5 1 0.364028 -0.604904 13.8667 
0.5 0.5 6 1 0.31842 -0.0834319 13.8667 
10.5 0.5 -0.5 1 -0.304568 -0.532245 13.8667 
10.5 0.5 6 1 -0.292354 -0.120421 13.8667 
10.5 10.5 -0.5 1 -0.0517022 -0.404705 13.8667 
10.5 10.5 6 1 -0.055735 -0.143002 13.8667 
0.5 10.5 -0.5 1 0.372507 -0.426285 13.8667 
0.5 10.5 6 1 0.344781 -0.124267 13.8667 
0.5 5.5 9.5 1 0.318223 0.0761393 13.8667 
10.5 5.5 9.5 1 -0.148598 0.0234579 13.8667 
0.5 6.5 -0.5 1 0.370159 -0.475761 13.8667 
0.5 8.5 -0.5 1 0.371442 -0.448723 13.8667 
0.5 8.5 4.5 1 0.347977 -0.191544 13.8667 
0.5 6.5 4.5 1 0.344475 -0.192185 13.8667 
0.5 2.5 2 1 0.350251 -0.366549 13.8667 
0.5 4.5 2 1 0.35399 -0.346408 13.8667 
0.5 4.5 4.5 1 0.340217 -0.192963 13.8667 
0.5 2.5 4.5 1 0.334931 -0.19393 13.8667 
