0 0 0 1 0.263367 -0.144927 18.1334 
0 0 6.5 1 0.248576 0.211513 18.1334 
10 0 0 1 -0.0540143 -0.407819 18.1334 
10 0 6.5 1 -0.110425 0.237212 18.1334 
10 10 0 1 -0.565653 -0.259855 18.1334 
10 10 6.5 1 -0.630509 0.156282 18.1334 
0 10 0 1 -0.144863 -0.107881 18.1334 
0 10 6.5 1 -0.171146 0.165515 18.1334 
0 5 10 1 -0.00232489 0.362973 18.1334 
10 5 10 1 -0.46822 0.490475 18.1334 
0 6 0 1 -0.00620003 -0.120464 18.1334 
0 8 0 1 -0.0788504 -0.113872 18.1334 
0 8 5 1 -0.0979454 0.104765 18.1334 
0 6 5 1 -0.0240382 0.1093 18.1334 
0 2 2.5 1 0.156561 -0.0101273 18.1334 
0 4 2.5 1 0.0661755 -0.00865409 18.1334 
0 4 5 1 0.057949 0.114331 18.1334 
0 2 5 1 0.149418 0.119944 18.1334 
0.5 0.5 -0.5 1 0.229065 -0.176097 18.1334 
0.5 0.5 6 1 0.212555 0.180318 18.1334 
10.5 0.5 -0.5 1 -0.118356 -0.466102 18.1334 
10.5 0.5 6 1 -0.181063 0.178669 18.1334 
10.5 10.5 -0.5 1 -0.609879 -0.297067 18.1334 
10.5 10.5 6 1 -0.677591 0.118987 18.1334 
0.5 10.5 -0.5 1 -0.172553 -0.131796 18.1334 
0.5 10.5 6 1 -0.199939 0.141584 18.1334 
0.5 5.5 9.5 1 -0.0351309 0.335917 18.1334 
10.5 5.5 9.5 1 -0.527236 0.445019 18.1334 
0.5 6.5 -0.5 1 -0.036217 -0.146835 18.1334 
0.5 8.5 -0.5 1 -0.107658 -0.138954 18.1334 
0.5 8.5 4.5 1 -0.127666 0.0796627 18.1334 
0.5 6.5 4.5 1 -0.0550484 0.0829081 18.1334 
0.5 2.5 2 1 0.123226 -0.0395363 18.1334 
0.5 4.5 2 1 0.0343152 -0.0364702 18.1334 
0.5 4.5 4.5 1 0.0255373 0.0865096 18.1334 
0.5 2.5 4.5 1 0.115479 0.0905292 18.1334 
