0 0 0 1 0.0860597 -0.28856 11.7667 
0 0 6.5 1 0.0458209 0.383773 11.7667 
10 0 0 1 -0.242024 -0.111568 11.7667 
10 0 6.5 1 -0.280346 0.248036 11.7667 
10 10 0 1 0.166706 -0.030349 11.7667 
10 10 6.5 1 0.153835 0.250213 11.7667 
0 10 0 1 0.607726 -0.102294 11.7667 
0 10 6.5 1 0.615845 0.337932 11.7667 
0 5 10 1 0.390147 0.678639 11.7667 
10 5 10 1 -0.048344 0.431326 11.7667 
0 6 0 1 0.44851 -0.159144 11.7667 
0 8 0 1 0.533946 -0.128638 11.7667 
0 8 5 1 0.536678 0.229343 11.7667 
0 6 5 1 0.446581 0.226988 11.7667 
0 2 2.5 1 0.221156 -0.0158397 11.7667 
0 4 2.5 1 0.344368 0.00831775 11.7667 
0 4 5 1 0.340065 0.224204 11.7667 
0 2 5 1 0.21219 0.220861 11.7667 
0.5 0.5 -0.5 1 0.0975007 -0.303984 11.7667 
0.5 0.5 6 1 0.0613957 0.315771 11.7667 
10.5 0.5 -0.5 1 -0.222748 -0.127175 11.7667 
10.5 0.5 6 1 -0.258516 0.216853 11.7667 
10.5 10.5 -0.5 1 0.169289 -0.0451274 11.7667 
10.5 10.5 6 1 0.156932 0.225873 11.7667 
0.5 10.5 -0.5 1 0.59097 -0.121444 11.7667 
0.5 10.5 6 1 0.597655 0.295679 11.7667 
0.5 5.5 9.5 1 0.381399 0.604086 11.7667 
10.5 5.5 9.5 1 -0.0373211 0.396604 11.7667 
0.5 6.5 -0.5 1 0.437837 -0.17809 11.7667 
0.5 8.5 -0.5 1 0.519727 -0.147798 11.7667 
0.5 8.5 4.5 1 0.521604 0.19036 11.7667 
0.5 6.5 4.5 1 0.435442 0.185069 11.7667 
0.5 2.5 2 1 0.223082 -0.0481767 11.7667 
0.5 4.5 2 1 0.338748 -0.0227813 11.7667 
0.5 4.5 4.5 1 0.334546 0.178872 11.7667 
0.5 2.5 4.5 1 0.214783 0.171517 11.7667 
