0 0 0 1 0.203425 -0.390472 1.46667 
0 0 6.5 1 0.189051 -0.0888352 1.46667 
10 0 0 1 0.691906 -0.517227 1.46667 
10 0 6.5 1 0.623722 -0.0148562 1.46667 
10 10 0 1 -0.0196311 -0.692893 1.46667 
10 10 6.5 1 -0.0238827 0.0598575 1.46667 
0 10 0 1 -0.267863 -0.443933 1.46667 
0 10 6.5 1 -0.252786 -0.0672213 1.46667 
0 5 10 1 -0.00990133 0.084485 1.46667 
10 5 10 1 0.336874 0.288833 1.46667 
0 6 0 1 -0.0532437 -0.419588 1.46667 
0 8 0 1 -0.15536 -0.431171 1.46667 
0 8 5 1 -0.149963 -0.15083 1.46667 
0 6 5 1 -0.0531601 -0.152119 1.46667 
0 2 2.5 1 0.120968 -0.274006 1.46667 
0 4 2.5 1 0.0376319 -0.278044 1.46667 
0 4 5 1 0.0355079 -0.153299 1.46667 
0 2 5 1 0.117025 -0.154385 1.46667 
0.5 0.5 -0.5 1 0.200144 -0.422052 1.46667 
0.5 0.5 6 1 0.185468 -0.108226 1.46667 
10.5 0.5 -0.5 1 0.717072 -0.579988 1.46667 
10.5 0.5 6 1 0.642558 -0.042877 1.46667 
10.5 10.5 -0.5 1 -0.0507425 -0.809072 1.46667 
10.5 10.5 6 1 -0.0508608 0.0244507 1.46667 
0.5 10.5 -0.5 1 -0.293752 -0.486378 1.46667 
0.5 10.5 6 1 -0.276149 -0.0904702 1.46667 
0.5 5.5 9.5 1 -0.0210633 0.0700667 1.46667 
10.5 5.5 9.5 1 0.339662 0.276781 1.46667 
0.5 6.5 -0.5 1 -0.0676972 -0.456936 1.46667 
0.5 8.5 -0.5 1 -0.175016 -0.470914 1.46667 
0.5 8.5 4.5 1 -0.168331 -0.176809 1.46667 
0.5 6.5 4.5 1 -0.0668634 -0.176964 1.46667 
0.5 2.5 2 1 0.114566 -0.30185 1.46667 
0.5 4.5 2 1 0.0277136 -0.307289 1.46667 
0.5 4.5 4.5 1 0.0257545 -0.177106 1.46667 
0.5 2.5 4.5 1 0.110632 -0.177235 1.46667 
