0 0 0 1 -0.318639 -0.194566 6 
0 0 6.5 1 -0.351197 0.0873551 6 
10 0 0 1 0.080923 -0.130079 6 
10 0 6.5 1 0.0579007 0.11897 6 
10 10 0 1 0.31535 -0.218409 6 
10 10 6.5 1 0.284114 0.174172 6 
0 10 0 1 -0.311165 -0.348294 6 
0 10 6.5 1 -0.366994 0.132692 6 
0 5 10 1 -0.379847 0.301462 6 
10 5 10 1 0.1307 0.308839 6 
0 6 0 1 -0.315138 -0.266586 6 
0 8 0 1 -0.313396 -0.302412 6 
0 8 5 1 -0.350762 0.0199991 6 
0 6 5 1 -0.34837 0.0204989 6 
0 2 2.5 1 -0.331198 -0.0972992 6 
0 4 2.5 1 -0.331387 -0.109416 6 
0 4 5 1 -0.346458 0.0208985 6 
0 2 5 1 -0.344894 0.0212253 6 
0.5 0.5 -0.5 1 -0.292974 -0.217057 6 
0.5 0.5 6 1 -0.32554 0.068187 6 
10.5 0.5 -0.5 1 0.10805 -0.149151 6 
10.5 0.5 6 1 0.0851496 0.102489 6 
10.5 10.5 -0.5 1 0.362459 -0.250159 6 
10.5 10.5 6 1 0.331721 0.148897 6 
0.5 10.5 -0.5 1 -0.266924 -0.390314 6 
0.5 10.5 6 1 -0.322775 0.100417 6 
0.5 5.5 9.5 1 -0.347394 0.280452 6 
10.5 5.5 9.5 1 0.165554 0.291094 6 
0.5 6.5 -0.5 1 -0.280829 -0.297835 6 
0.5 8.5 -0.5 1 -0.274749 -0.338273 6 
0.5 8.5 4.5 1 -0.312124 -0.0101875 6 
0.5 6.5 4.5 1 -0.31407 -0.00625785 6 
0.5 2.5 2 1 -0.303181 -0.12063 6 
0.5 4.5 2 1 -0.300543 -0.135293 6 
0.5 4.5 4.5 1 -0.315619 -0.00312824 6 
0.5 2.5 4.5 1 -0.316882 -0.000576931 6 
