0 0 0 1 0.0493287 -0.31194 2.76667 
0 0 6.5 1 0.0724779 -0.0478986 2.76667 
10 0 0 1 0.4896 -0.43615 2.76667 
10 0 6.5 1 0.509497 -0.0773968 2.76667 
10 10 0 1 0.237116 -0.642907 2.76667 
10 10 6.5 1 0.281816 -0.0256561 2.76667 
0 10 0 1 -0.305347 -0.384067 2.76667 
0 10 6.5 1 -0.262356 -0.00238962 2.76667 
0 5 10 1 -0.0489669 0.133112 2.76667 
10 5 10 1 0.43938 0.174227 2.76667 
0 6 0 1 -0.130992 -0.34861 2.76667 
0 8 0 1 -0.210966 -0.364873 2.76667 
0 8 5 1 -0.182219 -0.0937234 2.76667 
0 6 5 1 -0.10584 -0.0980754 2.76667 
0 2 2.5 1 0.00719394 -0.212953 2.76667 
0 4 2.5 1 -0.0511419 -0.217254 2.76667 
0 4 5 1 -0.0401109 -0.101821 2.76667 
0 2 5 1 0.0170494 -0.105077 2.76667 
0.5 0.5 -0.5 1 0.0515916 -0.340575 2.76667 
0.5 0.5 6 1 0.0754016 -0.0679282 2.76667 
10.5 0.5 -0.5 1 0.511459 -0.480698 2.76667 
10.5 0.5 6 1 0.531597 -0.105881 2.76667 
10.5 10.5 -0.5 1 0.256903 -0.738003 2.76667 
10.5 10.5 6 1 0.303918 -0.0716398 2.76667 
0.5 10.5 -0.5 1 -0.31823 -0.429484 2.76667 
0.5 10.5 6 1 -0.272962 -0.0295621 2.76667 
0.5 5.5 9.5 1 -0.0498761 0.116107 2.76667 
10.5 5.5 9.5 1 0.463348 0.151685 2.76667 
0.5 6.5 -0.5 1 -0.135127 -0.385464 2.76667 
0.5 8.5 -0.5 1 -0.218798 -0.40558 2.76667 
0.5 8.5 4.5 1 -0.188716 -0.122507 2.76667 
0.5 6.5 4.5 1 -0.108948 -0.124785 2.76667 
0.5 2.5 2 1 0.00820445 -0.240038 2.76667 
0.5 4.5 2 1 -0.0521187 -0.246463 2.76667 
0.5 4.5 4.5 1 -0.0406929 -0.126734 2.76667 
0.5 2.5 4.5 1 0.0183736 -0.12842 2.76667 
