0 0 0 1 0.348896 -0.652005 14.6334 
0 0 6.5 1 0.342458 -0.15393 14.6334 
10 0 0 1 -0.372389 -0.581486 14.6334 
10 0 6.5 1 -0.325276 -0.125064 14.6334 
10 10 0 1 -0.17705 -0.419795 14.6334 
10 10 6.5 1 -0.157 -0.147558 14.6334 
0 10 0 1 0.24669 -0.452317 14.6334 
0 10 6.5 1 0.247687 -0.165767 14.6334 
0 5 10 1 0.282543 0.0172464 14.6334 
10 5 10 1 -0.206632 0.0292925 14.6334 
0 6 0 1 0.274981 -0.507592 14.6334 
0 8 0 1 0.259519 -0.477381 14.6334 
0 8 5 1 0.259851 -0.233612 14.6334 
0 6 5 1 0.274667 -0.238569 14.6334 
0 2 2.5 1 0.316486 -0.417011 14.6334 
0 4 2.5 1 0.293329 -0.390918 14.6334 
0 4 5 1 0.292709 -0.244606 14.6334 
0 2 5 1 0.315157 -0.252118 14.6334 
0.5 0.5 -0.5 1 0.30297 -0.67172 14.6334 
0.5 0.5 6 1 0.300265 -0.187564 14.6334 
10.5 0.5 -0.5 1 -0.392435 -0.601878 14.6334 
10.5 0.5 6 1 -0.345246 -0.157137 14.6334 
10.5 10.5 -0.5 1 -0.192756 -0.435081 14.6334 
10.5 10.5 6 1 -0.172368 -0.167021 14.6334 
0.5 10.5 -0.5 1 0.221938 -0.467705 14.6334 
0.5 10.5 6 1 0.224063 -0.185787 14.6334 
0.5 5.5 9.5 1 0.253149 -0.0111295 14.6334 
10.5 5.5 9.5 1 -0.224009 0.00215806 14.6334 
0.5 6.5 -0.5 1 0.244603 -0.524768 14.6334 
0.5 8.5 -0.5 1 0.232238 -0.493637 14.6334 
0.5 8.5 4.5 1 0.233631 -0.254229 14.6334 
0.5 6.5 4.5 1 0.245599 -0.261053 14.6334 
0.5 2.5 2 1 0.27834 -0.440495 14.6334 
0.5 4.5 2 1 0.25992 -0.412514 14.6334 
0.5 4.5 4.5 1 0.260107 -0.269326 14.6334 
0.5 2.5 4.5 1 0.278061 -0.279564 14.6334 
