0 0 0 1 0.403939 -0.540674 13.7334 
0 0 6.5 1 0.34747 0.00210927 13.7334 
10 0 0 1 -0.284766 -0.477116 13.7334 
10 0 6.5 1 -0.279544 -0.0622329 13.7334 
10 10 0 1 -0.0201119 -0.363779 13.7334 
10 10 6.5 1 -0.0289068 -0.0997373 13.7334 
0 10 0 1 0.417251 -0.378938 13.7334 
0 10 6.5 1 0.383314 -0.0683789 13.7334 
0 5 10 1 0.349508 0.148973 13.7334 
10 5 10 1 -0.129991 0.0742919 13.7334 
0 6 0 1 0.41361 -0.423176 13.7334 
0 8 0 1 0.415604 -0.398948 13.7334 
0 8 5 1 0.38684 -0.134116 13.7334 
0 6 5 1 0.382068 -0.130616 13.7334 
0 2 2.5 1 0.387845 -0.299988 13.7334 
0 4 2.5 1 0.393186 -0.28501 13.7334 
0 4 5 1 0.376234 -0.126338 13.7334 
0 2 5 1 0.368941 -0.12099 13.7334 
0.5 0.5 -0.5 1 0.366087 -0.566889 13.7334 
0.5 0.5 6 1 0.315261 -0.0439988 13.7334 
10.5 0.5 -0.5 1 -0.290083 -0.499314 13.7334 
10.5 0.5 6 1 -0.284663 -0.096141 13.7334 
10.5 10.5 -0.5 1 -0.0293185 -0.380473 13.7334 
10.5 10.5 6 1 -0.0375143 -0.121208 13.7334 
0.5 10.5 -0.5 1 0.395104 -0.398216 13.7334 
0.5 10.5 6 1 0.363165 -0.0942416 13.7334 
0.5 5.5 9.5 1 0.326159 0.111293 13.7334 
10.5 5.5 9.5 1 -0.137605 0.0448307 13.7334 
0.5 6.5 -0.5 1 0.387053 -0.445015 13.7334 
0.5 8.5 -0.5 1 0.391452 -0.419447 13.7334 
0.5 8.5 4.5 1 0.364542 -0.160841 13.7334 
0.5 6.5 4.5 1 0.357746 -0.160041 13.7334 
0.5 2.5 2 1 0.356495 -0.331237 13.7334 
0.5 4.5 2 1 0.365122 -0.313309 13.7334 
0.5 4.5 4.5 1 0.349487 -0.159068 13.7334 
0.5 2.5 4.5 1 0.339238 -0.157861 13.7334 
