0 0 0 1 0.0536902 -0.261836 11.6667 
0 0 6.5 1 0.0153423 0.421768 11.6667 
10 0 0 1 -0.244563 -0.0851972 11.6667 
10 0 6.5 1 -0.281449 0.275221 11.6667 
10 10 0 1 0.172712 -0.011241 11.6667 
10 10 6.5 1 0.162751 0.273324 11.6667 
0 10 0 1 0.611302 -0.0871296 11.6667 
0 10 6.5 1 0.627158 0.366725 11.6667 
0 5 10 1 0.386879 0.724041 11.6667 
10 5 10 1 -0.0438729 0.459127 11.6667 
0 6 0 1 0.439246 -0.141037 11.6667 
0 8 0 1 0.531365 -0.112175 11.6667 
0 8 5 1 0.539527 0.255443 11.6667 
0 6 5 1 0.442172 0.25454 11.6667 
0 2 2.5 1 0.198391 0.0103557 11.6667 
0 4 2.5 1 0.329856 0.0322027 11.6667 
0 4 5 1 0.327637 0.253477 11.6667 
0 2 5 1 0.190935 0.252208 11.6667 
0.5 0.5 -0.5 1 0.0691581 -0.278404 11.6667 
0.5 0.5 6 1 0.0353845 0.35064 11.6667 
10.5 0.5 -0.5 1 -0.224321 -0.101311 11.6667 
10.5 0.5 6 1 -0.258568 0.243385 11.6667 
10.5 10.5 -0.5 1 0.175877 -0.0263681 11.6667 
10.5 10.5 6 1 0.166377 0.248317 11.6667 
0.5 10.5 -0.5 1 0.595154 -0.106863 11.6667 
0.5 10.5 6 1 0.609081 0.322355 11.6667 
0.5 5.5 9.5 1 0.379637 0.645136 11.6667 
10.5 5.5 9.5 1 -0.0320138 0.423473 11.6667 
0.5 6.5 -0.5 1 0.430214 -0.160654 11.6667 
0.5 8.5 -0.5 1 0.518225 -0.131952 11.6667 
0.5 8.5 4.5 1 0.525209 0.214686 11.6667 
0.5 6.5 4.5 1 0.432425 0.210722 11.6667 
0.5 2.5 2 1 0.203448 -0.0233901 11.6667 
0.5 4.5 2 1 0.326489 -0.000174157 11.6667 
0.5 4.5 4.5 1 0.3243 0.206104 11.6667 
0.5 2.5 4.5 1 0.196685 0.200653 11.6667 
