0 0 0 1 0.164891 -0.405568 1.8 
0 0 6.5 1 0.162212 -0.110668 1.8 
10 0 0 1 0.654474 -0.53938 1.8 
10 0 6.5 1 0.60944 -0.0711587 1.8 
10 10 0 1 0.0724058 -0.72731 1.8 
10 10 6.5 1 0.0778896 0.0159602 1.8 
0 10 0 1 -0.283643 -0.459236 1.8 
0 10 6.5 1 -0.255913 -0.0749172 1.8 
0 5 10 1 -0.0160408 0.0683811 1.8 
10 5 10 1 0.38513 0.226864 1.8 
0 6 0 1 -0.0743457 -0.434193 1.8 
0 8 0 1 -0.172843 -0.445979 1.8 
0 8 5 1 -0.15806 -0.162963 1.8 
0 6 5 1 -0.0651324 -0.1667 1.8 
0 2 2.5 1 0.0936114 -0.29092 1.8 
0 4 2.5 1 0.0161852 -0.293858 1.8 
0 4 5 1 0.0184705 -0.170062 1.8 
0 2 5 1 0.0940853 -0.173103 1.8 
0.5 0.5 -0.5 1 0.163262 -0.436867 1.8 
0.5 0.5 6 1 0.160582 -0.130115 1.8 
10.5 0.5 -0.5 1 0.680875 -0.598516 1.8 
10.5 0.5 6 1 0.631079 -0.0997385 1.8 
10.5 10.5 -0.5 1 0.0587377 -0.845121 1.8 
10.5 10.5 6 1 0.0665944 -0.0217876 1.8 
0.5 10.5 -0.5 1 -0.307416 -0.503367 1.8 
0.5 10.5 6 1 -0.27672 -0.0986702 1.8 
0.5 5.5 9.5 1 -0.024513 0.0538119 1.8 
10.5 5.5 9.5 1 0.396126 0.212452 1.8 
0.5 6.5 -0.5 1 -0.0864498 -0.472148 1.8 
0.5 8.5 -0.5 1 -0.190145 -0.486798 1.8 
0.5 8.5 4.5 1 -0.173803 -0.189485 1.8 
0.5 6.5 4.5 1 -0.0762516 -0.191915 1.8 
0.5 2.5 2 1 0.0892796 -0.3188 1.8 
0.5 4.5 2 1 0.00858072 -0.323342 1.8 
0.5 4.5 4.5 1 0.0111359 -0.194092 1.8 
0.5 2.5 4.5 1 0.0898694 -0.196054 1.8 
