0 0 0 1 0.10507 -0.415009 2.26667 
0 0 6.5 1 0.117828 -0.13153 2.26667 
10 0 0 1 0.578407 -0.566881 2.26667 
10 0 6.5 1 0.56856 -0.146452 2.26667 
10 10 0 1 0.167353 -0.805345 2.26667 
10 10 6.5 1 0.191557 -0.0935145 2.26667 
0 10 0 1 -0.304868 -0.487099 2.26667 
0 10 6.5 1 -0.264297 -0.0956087 2.26667 
0 5 10 1 -0.0321737 0.0480485 2.26667 
10 5 10 1 0.425173 0.126926 2.26667 
0 6 0 1 -0.107804 -0.452444 2.26667 
0 8 0 1 -0.19923 -0.468522 2.26667 
0 8 5 1 -0.174122 -0.185266 2.26667 
0 6 5 1 -0.0878203 -0.188127 2.26667 
0 2 2.5 1 0.048933 -0.307427 2.26667 
0 4 2.5 1 -0.0198084 -0.312248 2.26667 
0 4 5 1 -0.0120062 -0.19064 2.26667 
0 2 5 1 0.0551229 -0.192866 2.26667 
0.5 0.5 -0.5 1 0.105286 -0.446539 2.26667 
0.5 0.5 6 1 0.118459 -0.152303 2.26667 
10.5 0.5 -0.5 1 0.603433 -0.622252 2.26667 
10.5 0.5 6 1 0.591532 -0.177782 2.26667 
10.5 10.5 -0.5 1 0.17369 -0.925523 2.26667 
10.5 10.5 6 1 0.199222 -0.142091 2.26667 
0.5 10.5 -0.5 1 -0.324573 -0.534998 2.26667 
0.5 10.5 6 1 -0.280975 -0.122699 2.26667 
0.5 5.5 9.5 1 -0.0370914 0.0313006 2.26667 
10.5 5.5 9.5 1 0.444409 0.105279 2.26667 
0.5 6.5 -0.5 1 -0.116476 -0.492174 2.26667 
0.5 8.5 -0.5 1 -0.212682 -0.511972 2.26667 
0.5 8.5 4.5 1 -0.185914 -0.214622 2.26667 
0.5 6.5 4.5 1 -0.0953418 -0.215623 2.26667 
0.5 2.5 2 1 0.0471293 -0.336407 2.26667 
0.5 4.5 2 1 -0.0243728 -0.343276 2.26667 
0.5 4.5 4.5 1 -0.0161909 -0.216498 2.26667 
0.5 2.5 4.5 1 0.0535707 -0.217269 2.26667 
