0 0 0 1 0.292464 -0.292744 19.3334 
0 0 6.5 1 0.253577 0.0512399 19.3334 
10 0 0 1 0.370699 -0.531729 19.3334 
10 0 6.5 1 0.287046 0.179492 19.3334 
10 10 0 1 -0.584847 -0.527764 19.3334 
10 10 6.5 1 -0.60375 0.0561761 19.3334 
0 10 0 1 -0.206141 -0.314517 19.3334 
0 10 6.5 1 -0.227135 -0.00330689 19.3334 
0 5 10 1 -0.0139996 0.190603 19.3334 
10 5 10 1 -0.224332 0.427617 19.3334 
0 6 0 1 -0.0191511 -0.306352 19.3334 
0 8 0 1 -0.114552 -0.310518 19.3334 
0 8 5 1 -0.133179 -0.0648373 19.3334 
0 6 5 1 -0.0403339 -0.0557701 19.3334 
0 2 2.5 1 0.170462 -0.165409 19.3334 
0 4 2.5 1 0.0681948 -0.172661 19.3334 
0 4 5 1 0.0563663 -0.0463265 19.3334 
0 2 5 1 0.157166 -0.0364825 19.3334 
0.5 0.5 -0.5 1 0.269188 -0.327788 19.3334 
0.5 0.5 6 1 0.230159 0.025176 19.3334 
10.5 0.5 -0.5 1 0.324661 -0.619125 19.3334 
10.5 0.5 6 1 0.240109 0.131557 19.3334 
10.5 10.5 -0.5 1 -0.660786 -0.597854 19.3334 
10.5 10.5 6 1 -0.676307 0.012384 19.3334 
0.5 10.5 -0.5 1 -0.237607 -0.346447 19.3334 
0.5 10.5 6 1 -0.258123 -0.0279111 19.3334 
0.5 5.5 9.5 1 -0.0415385 0.169264 19.3334 
10.5 5.5 9.5 1 -0.286204 0.396136 19.3334 
0.5 6.5 -0.5 1 -0.0478254 -0.33946 19.3334 
0.5 8.5 -0.5 1 -0.144693 -0.343026 19.3334 
0.5 8.5 4.5 1 -0.163025 -0.0914112 19.3334 
0.5 6.5 4.5 1 -0.0687968 -0.0827005 19.3334 
0.5 2.5 2 1 0.145203 -0.196351 19.3334 
0.5 4.5 2 1 0.0411978 -0.203101 19.3334 
0.5 4.5 4.5 1 0.0294301 -0.0736202 19.3334 
0.5 2.5 4.5 1 0.131915 -0.0641462 19.3334 
