0 0 0 1 -0.103113 -0.03571 4.3 
0 0 6.5 1 -0.0978021 0.21577 4.3 
10 0 0 1 0.288982 -0.0713495 4.3 
10 0 6.5 1 0.314906 0.201672 4.3 
10 10 0 1 0.324571 -0.233186 4.3 
10 10 6.5 1 0.372068 0.219902 4.3 
0 10 0 1 -0.29583 -0.156562 4.3 
0 10 6.5 1 -0.301862 0.240154 4.3 
0 5 10 1 -0.174567 0.406108 4.3 
10 5 10 1 0.355945 0.410805 4.3 
0 6 0 1 -0.197253 -0.0947449 4.3 
0 8 0 1 -0.241492 -0.122487 4.3 
0 8 5 1 -0.242783 0.14688 4.3 
0 6 5 1 -0.196377 0.149716 4.3 
0 2 2.5 1 -0.127933 0.0488945 4.3 
0 4 2.5 1 -0.15939 0.0378602 4.3 
0 4 5 1 -0.158194 0.15205 4.3 
0 2 5 1 -0.126227 0.154003 4.3 
0.5 0.5 -0.5 1 -0.0914055 -0.06013 4.3 
0.5 0.5 6 1 -0.0854275 0.195224 4.3 
10.5 0.5 -0.5 1 0.309927 -0.0987168 4.3 
10.5 0.5 6 1 0.337518 0.178865 4.3 
10.5 10.5 -0.5 1 0.360941 -0.284744 4.3 
10.5 10.5 6 1 0.413568 0.180942 4.3 
0.5 10.5 -0.5 1 -0.283095 -0.199015 4.3 
0.5 10.5 6 1 -0.288328 0.207379 4.3 
0.5 5.5 9.5 1 -0.16068 0.384666 4.3 
10.5 5.5 9.5 1 0.386911 0.386816 4.3 
0.5 6.5 -0.5 1 -0.184518 -0.127593 4.3 
0.5 8.5 -0.5 1 -0.228619 -0.159546 4.3 
0.5 8.5 4.5 1 -0.229271 0.115583 4.3 
0.5 6.5 4.5 1 -0.183017 0.121613 4.3 
0.5 2.5 2 1 -0.115567 0.0237934 4.3 
0.5 4.5 2 1 -0.146648 0.0102778 4.3 
0.5 4.5 4.5 1 -0.145151 0.126549 4.3 
0.5 2.5 4.5 1 -0.113581 0.130665 4.3 
