0 0 0 1 0.393327 -0.484872 13.3334 
0 0 6.5 1 0.326281 0.0779622 13.3334 
10 0 0 1 -0.255623 -0.417856 13.3334 
10 0 6.5 1 -0.269233 -0.0211941 13.3334 
10 10 0 1 0.0371986 -0.307082 13.3334 
10 10 6.5 1 0.0178868 -0.0466164 13.3334 
0 10 0 1 0.478897 -0.317537 13.3334 
0 10 6.5 1 0.435845 0.00550887 13.3334 
0 5 10 1 0.36933 0.235289 13.3334 
10 5 10 1 -0.106174 0.122174 13.3334 
0 6 0 1 0.455391 -0.363506 13.3334 
0 8 0 1 0.468255 -0.338349 13.3334 
0 8 5 1 0.432148 -0.0637196 13.3334 
0 6 5 1 0.416186 -0.0603449 13.3334 
0 2 2.5 1 0.395256 -0.237439 13.3334 
0 4 2.5 1 0.417605 -0.221489 13.3334 
0 4 5 1 0.396668 -0.0562186 13.3334 
0 2 5 1 0.37226 -0.0510583 13.3334 
0.5 0.5 -0.5 1 0.361455 -0.510681 13.3334 
0.5 0.5 6 1 0.299833 0.0272451 13.3334 
10.5 0.5 -0.5 1 -0.254727 -0.438493 13.3334 
10.5 0.5 6 1 -0.267916 -0.0543621 13.3334 
10.5 10.5 -0.5 1 0.0307971 -0.323402 13.3334 
10.5 10.5 6 1 0.0121496 -0.0683886 13.3334 
0.5 10.5 -0.5 1 0.457842 -0.337496 13.3334 
0.5 10.5 6 1 0.4169 -0.0227904 13.3334 
0.5 5.5 9.5 1 0.348581 0.192914 13.3334 
10.5 5.5 9.5 1 -0.109535 0.0921703 13.3334 
0.5 6.5 -0.5 1 0.430933 -0.385844 13.3334 
0.5 8.5 -0.5 1 0.445619 -0.359459 13.3334 
0.5 8.5 4.5 1 0.411445 -0.0926555 13.3334 
0.5 6.5 4.5 1 0.394026 -0.0921962 13.3334 
0.5 2.5 2 1 0.368008 -0.270204 13.3334 
0.5 4.5 2 1 0.392475 -0.251285 13.3334 
0.5 4.5 4.5 1 0.372875 -0.0916384 13.3334 
0.5 2.5 4.5 1 0.346649 -0.0909469 13.3334 
