0 0 0 1 -0.59348 -0.47852 7.66666 
0 0 6.5 1 -0.556282 -0.0692158 7.66666 
10 0 0 1 -0.114929 -0.384844 7.66666 
10 0 6.5 1 -0.113814 -0.102964 7.66666 
10 10 0 1 0.287886 -0.450308 7.66666 
10 10 6.5 1 0.260664 -0.0597254 7.66666 
0 10 0 1 -0.212848 -0.662354 7.66666 
0 10 6.5 1 -0.198419 0.0251611 7.66666 
0 5 10 1 -0.404545 0.205685 7.66666 
10 5 10 1 0.0399263 0.0757706 7.66666 
0 6 0 1 -0.415694 -0.564385 7.66666 
0 8 0 1 -0.326904 -0.607268 7.66666 
0 8 5 1 -0.307118 -0.129919 7.66666 
0 6 5 1 -0.391174 -0.13915 7.66666 
0 2 2.5 1 -0.530239 -0.321736 7.66666 
0 4 2.5 1 -0.472714 -0.331507 7.66666 
0 4 5 1 -0.459623 -0.146667 7.66666 
0 2 5 1 -0.516444 -0.152907 7.66666 
0.5 0.5 -0.5 1 -0.550309 -0.511188 7.66666 
0.5 0.5 6 1 -0.5162 -0.0979668 7.66666 
10.5 0.5 -0.5 1 -0.0841549 -0.406916 7.66666 
10.5 0.5 6 1 -0.0846456 -0.123171 7.66666 
10.5 10.5 -0.5 1 0.332438 -0.481429 7.66666 
10.5 10.5 6 1 0.301931 -0.0872658 7.66666 
0.5 10.5 -0.5 1 -0.13621 -0.719648 7.66666 
0.5 10.5 6 1 -0.13102 -0.0211215 7.66666 
0.5 5.5 9.5 1 -0.356585 0.172917 7.66666 
10.5 5.5 9.5 1 0.0730242 0.0536484 7.66666 
0.5 6.5 -0.5 1 -0.357178 -0.608411 7.66666 
0.5 8.5 -0.5 1 -0.260537 -0.657061 7.66666 
0.5 8.5 4.5 1 -0.246302 -0.172911 7.66666 
0.5 6.5 4.5 1 -0.337015 -0.177766 7.66666 
0.5 2.5 2 1 -0.48442 -0.355566 7.66666 
0.5 4.5 2 1 -0.422209 -0.368648 7.66666 
0.5 4.5 4.5 1 -0.410813 -0.181715 7.66666 
0.5 2.5 4.5 1 -0.472022 -0.184991 7.66666 
