0 0 0 1 -0.698449 -0.594634 8.26666 
0 0 6.5 1 -0.624234 -0.108924 8.26666 
10 0 0 1 -0.19497 -0.446341 8.26666 
10 0 6.5 1 -0.173797 -0.145811 8.26666 
10 10 0 1 0.258786 -0.546364 8.26666 
10 10 6.5 1 0.255984 -0.153774 8.26666 
0 10 0 1 -0.0942368 -0.886556 8.26666 
0 10 6.5 1 -0.0555316 -0.104165 8.26666 
0 5 10 1 -0.369001 0.169336 8.26666 
10 5 10 1 0.0204528 0.0181916 8.26666 
0 6 0 1 -0.407236 -0.735332 8.26666 
0 8 0 1 -0.267808 -0.802696 8.26666 
0 8 5 1 -0.224774 -0.25208 8.26666 
0 6 5 1 -0.356821 -0.239941 8.26666 
0 2 2.5 1 -0.587783 -0.42022 8.26666 
0 4 2.5 1 -0.493279 -0.446258 8.26666 
0 4 5 1 -0.466972 -0.229815 8.26666 
0 2 5 1 -0.560256 -0.221239 8.26666 
0.5 0.5 -0.5 1 -0.645261 -0.632076 8.26666 
0.5 0.5 6 1 -0.575717 -0.145819 8.26666 
10.5 0.5 -0.5 1 -0.163928 -0.469909 8.26666 
10.5 0.5 6 1 -0.144416 -0.169144 8.26666 
10.5 10.5 -0.5 1 0.297218 -0.57663 8.26666 
10.5 10.5 6 1 0.291897 -0.18368 8.26666 
0.5 10.5 -0.5 1 -0.0141569 -0.944117 8.26666 
0.5 10.5 6 1 0.0143461 -0.160715 8.26666 
0.5 5.5 9.5 1 -0.314722 0.125294 8.26666 
10.5 5.5 9.5 1 0.0517968 -0.00782333 8.26666 
0.5 6.5 -0.5 1 -0.340553 -0.782735 8.26666 
0.5 8.5 -0.5 1 -0.195016 -0.854693 8.26666 
0.5 8.5 4.5 1 -0.158716 -0.303477 8.26666 
0.5 6.5 4.5 1 -0.295826 -0.286802 8.26666 
0.5 2.5 2 1 -0.532918 -0.460302 8.26666 
0.5 4.5 2 1 -0.434312 -0.489606 8.26666 
0.5 4.5 4.5 1 -0.410337 -0.272875 8.26666 
0.5 2.5 4.5 1 -0.507411 -0.261069 8.26666 
