0 0 0 1 -0.304273 -0.145376 5.86666 
0 0 6.5 1 -0.337047 0.132657 5.86666 
10 0 0 1 0.0931573 -0.0885302 5.86666 
10 0 6.5 1 0.0719661 0.16157 5.86666 
10 10 0 1 0.313492 -0.171961 5.86666 
10 10 6.5 1 0.286825 0.225369 5.86666 
0 10 0 1 -0.316687 -0.284335 5.86666 
0 10 6.5 1 -0.373555 0.188461 5.86666 
0 5 10 1 -0.373875 0.350254 5.86666 
10 5 10 1 0.141227 0.357913 5.86666 
0 6 0 1 -0.310105 -0.210658 5.86666 
0 8 0 1 -0.312996 -0.243013 5.86666 
0 8 5 1 -0.350834 0.0734654 5.86666 
0 6 5 1 -0.343674 0.0714342 5.86666 
0 2 2.5 1 -0.319434 -0.0484862 5.86666 
0 4 2.5 1 -0.322706 -0.0587384 5.86666 
0 4 5 1 -0.337946 0.0698091 5.86666 
0 2 5 1 -0.333258 0.0684792 5.86666 
0.5 0.5 -0.5 1 -0.279712 -0.16751 5.86666 
0.5 0.5 6 1 -0.312359 0.113765 5.86666 
10.5 0.5 -0.5 1 0.119871 -0.107695 5.86666 
10.5 0.5 6 1 0.0989781 0.145028 5.86666 
10.5 10.5 -0.5 1 0.360155 -0.204032 5.86666 
10.5 10.5 6 1 0.33453 0.199956 5.86666 
0.5 10.5 -0.5 1 -0.275006 -0.325284 5.86666 
0.5 10.5 6 1 -0.331527 0.156953 5.86666 
0.5 5.5 9.5 1 -0.342674 0.329677 5.86666 
10.5 5.5 9.5 1 0.176075 0.34018 5.86666 
0.5 6.5 -0.5 1 -0.277512 -0.24127 5.86666 
0.5 8.5 -0.5 1 -0.276414 -0.278064 5.86666 
0.5 8.5 4.5 1 -0.314039 0.0438935 5.86666 
0.5 6.5 4.5 1 -0.31091 0.0451686 5.86666 
0.5 2.5 2 1 -0.292616 -0.0714454 5.86666 
0.5 4.5 2 1 -0.293245 -0.0841687 5.86666 
0.5 4.5 4.5 1 -0.308416 0.0461847 5.86666 
0.5 2.5 4.5 1 -0.306382 0.0470134 5.86666 
