0 0 0 1 -0.112565 -0.268217 11.1667 
0 0 6.5 1 -0.141632 0.428062 11.1667 
10 0 0 1 -0.247911 -0.0470509 11.1667 
10 0 6.5 1 -0.27171 0.307273 11.1667 
10 10 0 1 0.203035 -0.00166524 11.1667 
10 10 6.5 1 0.21006 0.296994 11.1667 
0 10 0 1 0.609958 -0.13415 11.1667 
0 10 6.5 1 0.664795 0.375195 11.1667 
0 5 10 1 0.346775 0.777651 11.1667 
10 5 10 1 -0.0126296 0.494287 11.1667 
0 6 0 1 0.371546 -0.178388 11.1667 
0 8 0 1 0.497325 -0.15505 11.1667 
0 8 5 1 0.531604 0.248638 11.1667 
0 6 5 1 0.396874 0.248877 11.1667 
0 2 2.5 1 0.0693976 -0.00409596 11.1667 
0 4 2.5 1 0.236713 0.0120299 11.1667 
0 4 5 1 0.243867 0.249148 11.1667 
0 2 5 1 0.0685925 0.249459 11.1667 
0.5 0.5 -0.5 1 -0.0773091 -0.283471 11.1667 
0.5 0.5 6 1 -0.0993368 0.356534 11.1667 
10.5 0.5 -0.5 1 -0.223944 -0.0634201 11.1667 
10.5 0.5 6 1 -0.245161 0.27581 11.1667 
10.5 10.5 -0.5 1 0.209259 -0.0169917 11.1667 
10.5 10.5 6 1 0.216411 0.270883 11.1667 
0.5 10.5 -0.5 1 0.599215 -0.152538 11.1667 
0.5 10.5 6 1 0.649885 0.326136 11.1667 
0.5 5.5 9.5 1 0.350609 0.68902 11.1667 
10.5 5.5 9.5 1 0.00281228 0.457572 11.1667 
0.5 6.5 -0.5 1 0.373269 -0.196267 11.1667 
0.5 8.5 -0.5 1 0.492133 -0.173263 11.1667 
0.5 8.5 4.5 1 0.524 0.205378 11.1667 
0.5 6.5 4.5 1 0.39717 0.203025 11.1667 
0.5 2.5 2 1 0.0917308 -0.0368049 11.1667 
0.5 4.5 2 1 0.247127 -0.0197124 11.1667 
0.5 4.5 4.5 1 0.254268 0.200373 11.1667 
0.5 2.5 4.5 1 0.0920346 0.197363 11.1667 
