0 0 0 1 0.292543 -0.329202 19.5667 
0 0 6.5 1 0.255024 0.0133824 19.5667 
10 0 0 1 0.452347 -0.558468 19.5667 
10 0 6.5 1 0.363083 0.149151 19.5667 
10 10 0 1 -0.569921 -0.575259 19.5667 
10 10 6.5 1 -0.56989 0.0478736 19.5667 
0 10 0 1 -0.218686 -0.353144 19.5667 
0 10 6.5 1 -0.232973 -0.0316151 19.5667 
0 5 10 1 -0.00976287 0.15745 19.5667 
10 5 10 1 -0.151877 0.409113 19.5667 
0 6 0 1 -0.022646 -0.343963 19.5667 
0 8 0 1 -0.121998 -0.348616 19.5667 
0 8 5 1 -0.136336 -0.0958003 19.5667 
0 6 5 1 -0.0404009 -0.0879286 19.5667 
0 2 2.5 1 0.171714 -0.200672 19.5667 
0 4 2.5 1 0.0686254 -0.207343 19.5667 
0 4 5 1 0.0581264 -0.0798442 19.5667 
0 2 5 1 0.159352 -0.0715383 19.5667 
0.5 0.5 -0.5 1 0.271408 -0.364406 19.5667 
0.5 0.5 6 1 0.233871 -0.0114668 19.5667 
10.5 0.5 -0.5 1 0.415831 -0.648118 19.5667 
10.5 0.5 6 1 0.325211 0.105128 19.5667 
10.5 10.5 -0.5 1 -0.652674 -0.65339 19.5667 
10.5 10.5 6 1 -0.645996 0.00476061 19.5667 
0.5 10.5 -0.5 1 -0.251146 -0.386528 19.5667 
0.5 10.5 6 1 -0.264422 -0.0559058 19.5667 
0.5 5.5 9.5 1 -0.0361416 0.137479 19.5667 
10.5 5.5 9.5 1 -0.209871 0.382119 19.5667 
0.5 6.5 -0.5 1 -0.0509853 -0.378055 19.5667 
0.5 8.5 -0.5 1 -0.15246 -0.38235 19.5667 
0.5 8.5 4.5 1 -0.16615 -0.122231 19.5667 
0.5 6.5 4.5 1 -0.0682384 -0.114525 19.5667 
0.5 2.5 2 1 0.14811 -0.231421 19.5667 
0.5 4.5 2 1 0.0427117 -0.23783 19.5667 
0.5 4.5 4.5 1 0.0323853 -0.106605 19.5667 
0.5 2.5 4.5 1 0.135835 -0.0984627 19.5667 
