0 0 0 1 0.273895 -0.27942 15.8668 
0 0 6.5 1 0.31704 0.117366 15.8668 
10 0 0 1 -0.374175 -0.271098 15.8668 
10 0 6.5 1 -0.332309 0.205055 15.8668 
10 10 0 1 -0.333146 -0.134662 15.8668 
10 10 6.5 1 -0.308371 0.144165 15.8668 
0 10 0 1 0.0705524 -0.154017 15.8668 
0 10 6.5 1 0.0959624 0.0955767 15.8668 
0 5 10 1 0.19862 0.271473 15.8668 
10 5 10 1 -0.300134 0.359266 15.8668 
0 6 0 1 0.130661 -0.191086 15.8668 
0 8 0 1 0.098201 -0.171068 15.8668 
0 8 5 1 0.119466 0.0359014 15.8668 
0 6 5 1 0.154022 0.0338752 15.8668 
0 2 2.5 1 0.230565 -0.108212 15.8668 
0 4 2.5 1 0.18221 -0.0922136 15.8668 
0 4 5 1 0.195217 0.0314598 15.8668 
0 2 5 1 0.245164 0.0285311 15.8668 
0.5 0.5 -0.5 1 0.228398 -0.298819 15.8668 
0.5 0.5 6 1 0.270029 0.0890082 15.8668 
10.5 0.5 -0.5 1 -0.411634 -0.294429 15.8668 
10.5 0.5 6 1 -0.371423 0.168881 15.8668 
10.5 10.5 -0.5 1 -0.355989 -0.150591 15.8668 
10.5 10.5 6 1 -0.331798 0.123783 15.8668 
0.5 10.5 -0.5 1 0.0444808 -0.168054 15.8668 
0.5 10.5 6 1 0.0693332 0.0779654 15.8668 
0.5 5.5 9.5 1 0.164054 0.246766 15.8668 
10.5 5.5 9.5 1 -0.329949 0.329255 15.8668 
0.5 6.5 -0.5 1 0.0991564 -0.206929 15.8668 
0.5 8.5 -0.5 1 0.0696631 -0.185959 15.8668 
0.5 8.5 4.5 1 0.0904242 0.0178192 15.8668 
0.5 6.5 4.5 1 0.121916 0.0142671 15.8668 
0.5 2.5 2 1 0.19044 -0.129028 15.8668 
0.5 4.5 2 1 0.146712 -0.111356 15.8668 
0.5 4.5 4.5 1 0.159349 0.0100449 15.8668 
0.5 2.5 4.5 1 0.20458 0.00494313 15.8668 
