0 0 0 1 0.384643 -0.49507 13.1667 
0 0 6.5 1 0.315654 0.0810545 13.1667 
10 0 0 1 -0.245744 -0.411585 13.1667 
10 0 6.5 1 -0.266206 -0.0201351 13.1667 
10 10 0 1 0.0586612 -0.293249 13.1667 
10 10 6.5 1 0.0361416 -0.0328845 13.1667 
0 10 0 1 0.503199 -0.307872 13.1667 
0 10 6.5 1 0.458447 0.0229996 13.1667 
0 5 10 1 0.37838 0.255188 13.1667 
10 5 10 1 -0.0971834 0.131919 13.1667 
0 6 0 1 0.470532 -0.359452 13.1667 
0 8 0 1 0.4884 -0.331239 13.1667 
0 8 5 1 0.450979 -0.0504692 13.1667 
0 6 5 1 0.429966 -0.0495923 13.1667 
0 2 2.5 1 0.395928 -0.238374 13.1667 
0 4 2.5 1 0.425977 -0.21804 13.1667 
0 4 5 1 0.404274 -0.0485202 13.1667 
0 2 5 1 0.372142 -0.0471794 13.1667 
0.5 0.5 -0.5 1 0.355428 -0.518372 13.1667 
0.5 0.5 6 1 0.291662 0.0298923 13.1667 
10.5 0.5 -0.5 1 -0.242479 -0.430596 13.1667 
10.5 0.5 6 1 -0.262351 -0.0522044 13.1667 
10.5 10.5 -0.5 1 0.0533099 -0.308968 13.1667 
10.5 10.5 6 1 0.0314829 -0.0544376 13.1667 
0.5 10.5 -0.5 1 0.482403 -0.327376 13.1667 
0.5 10.5 6 1 0.439745 -0.00586782 13.1667 
0.5 5.5 9.5 1 0.358499 0.211294 13.1667 
10.5 5.5 9.5 1 -0.0988724 0.102097 13.1667 
0.5 6.5 -0.5 1 0.44682 -0.380901 13.1667 
0.5 8.5 -0.5 1 0.466226 -0.35171 13.1667 
0.5 8.5 4.5 1 0.430712 -0.0796877 13.1667 
0.5 6.5 4.5 1 0.408511 -0.0816637 13.1667 
0.5 2.5 2 1 0.370362 -0.270215 13.1667 
0.5 4.5 2 1 0.401955 -0.247253 13.1667 
0.5 4.5 4.5 1 0.381565 -0.084062 13.1667 
0.5 2.5 4.5 1 0.348171 -0.0870342 13.1667 
