0 0 0 1 -0.235764 -0.017596 5.3 
0 0 6.5 1 -0.261364 0.250615 5.3 
10 0 0 1 0.157707 0.010455 5.3 
10 0 6.5 1 0.150209 0.269819 5.3 
10 10 0 1 0.319127 -0.0829273 5.3 
10 10 6.5 1 0.318356 0.340563 5.3 
0 10 0 1 -0.321053 -0.135034 5.3 
0 10 6.5 1 -0.371213 0.312565 5.3 
0 5 10 1 -0.322027 0.470493 5.3 
10 5 10 1 0.209942 0.484567 5.3 
0 6 0 1 -0.276348 -0.073478 5.3 
0 8 0 1 -0.296121 -0.100704 5.3 
0 8 5 1 -0.328156 0.198305 5.3 
0 6 5 1 -0.304015 0.194425 5.3 
0 2 2.5 1 -0.257595 0.0758107 5.3 
0 4 2.5 1 -0.27219 0.0675242 5.3 
0 4 5 1 -0.284587 0.191302 5.3 
0 2 5 1 -0.268616 0.188735 5.3 
0.5 0.5 -0.5 1 -0.215762 -0.0397553 5.3 
0.5 0.5 6 1 -0.240838 0.231577 5.3 
10.5 0.5 -0.5 1 0.182573 -0.0104969 5.3 
10.5 0.5 6 1 0.176064 0.251791 5.3 
10.5 10.5 -0.5 1 0.363364 -0.119213 5.3 
10.5 10.5 6 1 0.36585 0.312123 5.3 
0.5 10.5 -0.5 1 -0.289783 -0.174895 5.3 
0.5 10.5 6 1 -0.338801 0.281442 5.3 
0.5 5.5 9.5 1 -0.296445 0.450063 5.3 
10.5 5.5 9.5 1 0.244462 0.465411 5.3 
0.5 6.5 -0.5 1 -0.250806 -0.103735 5.3 
0.5 8.5 -0.5 1 -0.267997 -0.13512 5.3 
0.5 8.5 4.5 1 -0.299291 0.168922 5.3 
0.5 6.5 4.5 1 -0.277846 0.168206 5.3 
0.5 2.5 2 1 -0.235801 0.0527969 5.3 
0.5 4.5 2 1 -0.248536 0.0421209 5.3 
0.5 4.5 4.5 1 -0.260664 0.167633 5.3 
0.5 2.5 4.5 1 -0.246589 0.167163 5.3 
