0 0 0 1 0.188535 -0.394114 1.6 
0 0 6.5 1 0.178776 -0.0954115 1.6 
10 0 0 1 0.67837 -0.520243 1.6 
10 0 6.5 1 0.619026 -0.0326286 1.6 
10 10 0 1 0.0191036 -0.695117 1.6 
10 10 6.5 1 0.0184805 0.0525768 1.6 
0 10 0 1 -0.27392 -0.44574 1.6 
0 10 6.5 1 -0.253592 -0.0663662 1.6 
0 5 10 1 -0.0118339 0.0806966 1.6 
10 5 10 1 0.357681 0.270051 1.6 
0 6 0 1 -0.0612203 -0.421996 1.6 
0 8 0 1 -0.161979 -0.433244 1.6 
0 8 5 1 -0.152739 -0.152025 1.6 
0 6 5 1 -0.0574465 -0.154683 1.6 
0 2 2.5 1 0.110549 -0.2781 1.6 
0 4 2.5 1 0.0295729 -0.281351 1.6 
0 4 5 1 0.0292118 -0.1571 1.6 
0 2 5 1 0.108358 -0.159308 1.6 
0.5 0.5 -0.5 1 0.185955 -0.425392 1.6 
0.5 0.5 6 1 0.17601 -0.114616 1.6 
10.5 0.5 -0.5 1 0.704246 -0.580996 1.6 
10.5 0.5 6 1 0.639141 -0.0603812 1.6 
10.5 10.5 -0.5 1 -0.00486384 -0.810745 1.6 
10.5 10.5 6 1 -0.00208567 0.0174689 1.6 
0.5 10.5 -0.5 1 -0.299011 -0.488533 1.6 
0.5 10.5 6 1 -0.275951 -0.0894725 1.6 
0.5 5.5 9.5 1 -0.0219002 0.0664779 1.6 
10.5 5.5 9.5 1 0.363945 0.257722 1.6 
0.5 6.5 -0.5 1 -0.0747324 -0.459333 1.6 
0.5 8.5 -0.5 1 -0.180714 -0.473131 1.6 
0.5 8.5 4.5 1 -0.170063 -0.177911 1.6 
0.5 6.5 4.5 1 -0.0701067 -0.179398 1.6 
0.5 2.5 2 1 0.105007 -0.305737 1.6 
0.5 4.5 2 1 0.0206009 -0.310448 1.6 
0.5 4.5 4.5 1 0.0204479 -0.180745 1.6 
0.5 2.5 4.5 1 0.102867 -0.181971 1.6 
