0 0 0 1 0.292338 -0.343949 19.6334 
0 0 6.5 1 0.255563 -0.00133662 19.6334 
10 0 0 1 0.47537 -0.576361 19.6334 
10 0 6.5 1 0.38471 0.131054 19.6334 
10 10 0 1 -0.564043 -0.597122 19.6334 
10 10 6.5 1 -0.558515 0.0385688 19.6334 
0 10 0 1 -0.222319 -0.367741 19.6334 
0 10 6.5 1 -0.23444 -0.0428305 19.6334 
0 5 10 1 -0.00825446 0.144725 19.6334 
10 5 10 1 -0.130162 0.396221 19.6334 
0 6 0 1 -0.0236919 -0.358559 19.6334 
0 8 0 1 -0.124156 -0.363203 19.6334 
0 8 5 1 -0.137074 -0.108042 19.6334 
0 6 5 1 -0.0402687 -0.100675 19.6334 
0 2 2.5 1 0.172042 -0.214783 19.6334 
0 4 2.5 1 0.0687685 -0.221126 19.6334 
0 4 5 1 0.0587505 -0.0931398 19.6334 
0 2 5 1 0.160061 -0.08543 19.6334 
0.5 0.5 -0.5 1 0.271805 -0.379328 19.6334 
0.5 0.5 6 1 0.23504 -0.0259861 19.6334 
10.5 0.5 -0.5 1 0.441804 -0.667145 19.6334 
10.5 0.5 6 1 0.349523 0.0875581 19.6334 
10.5 10.5 -0.5 1 -0.648666 -0.678174 19.6334 
10.5 10.5 6 1 -0.635465 -0.00466257 19.6334 
0.5 10.5 -0.5 1 -0.255068 -0.401662 19.6334 
0.5 10.5 6 1 -0.266014 -0.0671309 19.6334 
0.5 5.5 9.5 1 -0.0342941 0.125021 19.6334 
10.5 5.5 9.5 1 -0.18682 0.370086 19.6334 
0.5 6.5 -0.5 1 -0.0519244 -0.393051 19.6334 
0.5 8.5 -0.5 1 -0.154704 -0.397408 19.6334 
0.5 8.5 4.5 1 -0.166868 -0.13454 19.6334 
0.5 6.5 4.5 1 -0.0679156 -0.12729 19.6334 
0.5 2.5 2 1 0.14891 -0.245604 19.6334 
0.5 4.5 2 1 0.0431735 -0.251747 19.6334 
0.5 4.5 4.5 1 0.0333588 -0.119871 19.6334 
0.5 2.5 4.5 1 0.137038 -0.112275 19.6334 
