0 0 0 1 0.292285 -0.286545 19.2667 
0 0 6.5 1 0.25338 0.058115 19.2667 
10 0 0 1 0.347239 -0.533492 19.2667 
10 0 6.5 1 0.265335 0.178747 19.2667 
10 10 0 1 -0.587284 -0.520883 19.2667 
10 10 6.5 1 -0.61137 0.0525797 19.2667 
0 10 0 1 -0.202479 -0.306672 19.2667 
0 10 6.5 1 -0.225106 0.00188304 19.2667 
0 5 10 1 -0.0147655 0.196854 19.2667 
10 5 10 1 -0.243674 0.425534 19.2667 
0 6 0 1 -0.0180886 -0.299171 19.2667 
0 8 0 1 -0.112336 -0.303005 19.2667 
0 8 5 1 -0.131972 -0.0591641 19.2667 
0 6 5 1 -0.0400327 -0.0499657 19.2667 
0 2 2.5 1 0.170168 -0.15925 19.2667 
0 4 2.5 1 0.0682009 -0.166447 19.2667 
0 4 5 1 0.0561029 -0.0403474 19.2667 
0 2 5 1 0.156729 -0.0302798 19.2667 
0.5 0.5 -0.5 1 0.26839 -0.321627 19.2667 
0.5 0.5 6 1 0.229301 0.0315911 19.2667 
10.5 0.5 -0.5 1 0.298769 -0.620503 19.2667 
10.5 0.5 6 1 0.215955 0.129248 19.2667 
10.5 10.5 -0.5 1 -0.661202 -0.58906 19.2667 
10.5 10.5 6 1 -0.682728 0.00844409 19.2667 
0.5 10.5 -0.5 1 -0.233664 -0.338262 19.2667 
0.5 10.5 6 1 -0.255954 -0.0228709 19.2667 
0.5 5.5 9.5 1 -0.0426242 0.175033 19.2667 
10.5 5.5 9.5 1 -0.306386 0.392476 19.2667 
0.5 6.5 -0.5 1 -0.0468448 -0.332072 19.2667 
0.5 8.5 -0.5 1 -0.142376 -0.335238 19.2667 
0.5 8.5 4.5 1 -0.161813 -0.0858461 19.2667 
0.5 6.5 4.5 1 -0.0686589 -0.0770657 19.2667 
0.5 2.5 2 1 0.144441 -0.190332 19.2667 
0.5 4.5 2 1 0.040907 -0.196951 19.2667 
0.5 4.5 4.5 1 0.0288368 -0.0678761 19.2667 
0.5 2.5 4.5 1 0.130985 -0.058248 19.2667 
