0 0 0 1 0.0556321 -0.332567 2.7 
0 0 6.5 1 0.0778845 -0.0660048 2.7 
10 0 0 1 0.500158 -0.462534 2.7 
10 0 6.5 1 0.516943 -0.0960526 2.7 
10 10 0 1 0.228496 -0.678873 2.7 
10 10 6.5 1 0.270793 -0.0483007 2.7 
0 10 0 1 -0.306914 -0.406747 2.7 
0 10 6.5 1 -0.263559 -0.0234248 2.7 
0 5 10 1 -0.0471255 0.114105 2.7 
10 5 10 1 0.43808 0.156959 2.7 
0 6 0 1 -0.129134 -0.370372 2.7 
0 8 0 1 -0.210785 -0.387079 2.7 
0 8 5 1 -0.182047 -0.114118 2.7 
0 6 5 1 -0.104233 -0.117886 2.7 
0 2 2.5 1 0.0118409 -0.232727 2.7 
0 4 2.5 1 -0.047904 -0.237408 2.7 
0 4 5 1 -0.0371048 -0.121136 2.7 
0 2 5 1 0.0213982 -0.123968 2.7 
0.5 0.5 -0.5 1 0.0575895 -0.361742 2.7 
0.5 0.5 6 1 0.0804844 -0.0862748 2.7 
10.5 0.5 -0.5 1 0.522378 -0.50872 2.7 
10.5 0.5 6 1 0.539174 -0.125208 2.7 
10.5 10.5 -0.5 1 0.246878 -0.778238 2.7 
10.5 10.5 6 1 0.291293 -0.0955392 2.7 
0.5 10.5 -0.5 1 -0.320828 -0.452887 2.7 
0.5 10.5 6 1 -0.275071 -0.0508778 2.7 
0.5 5.5 9.5 1 -0.048597 0.0969574 2.7 
10.5 5.5 9.5 1 0.461558 0.134071 2.7 
0.5 6.5 -0.5 1 -0.13393 -0.407871 2.7 
0.5 8.5 -0.5 1 -0.219447 -0.428469 2.7 
0.5 8.5 4.5 1 -0.189315 -0.143242 2.7 
0.5 6.5 4.5 1 -0.107974 -0.144924 2.7 
0.5 2.5 2 1 0.0124466 -0.26024 2.7 
0.5 4.5 2 1 -0.0493958 -0.267065 2.7 
0.5 4.5 4.5 1 -0.0381984 -0.146367 2.7 
0.5 2.5 4.5 1 0.0223147 -0.147619 2.7 
