0 0 0 1 -0.580944 -0.468818 7.59999 
0 0 6.5 1 -0.548259 -0.0668698 7.59999 
10 0 0 1 -0.105852 -0.377378 7.59999 
10 0 6.5 1 -0.106992 -0.0975765 7.59999 
10 10 0 1 0.290511 -0.440101 7.59999 
10 10 6.5 1 0.261031 -0.0500411 7.59999 
0 10 0 1 -0.222646 -0.645169 7.59999 
0 10 6.5 1 -0.211505 0.0321808 7.59999 
0 5 10 1 -0.40694 0.206665 7.59999 
10 5 10 1 0.0423163 0.0823774 7.59999 
0 6 0 1 -0.413937 -0.551017 7.59999 
0 8 0 1 -0.330303 -0.592181 7.59999 
0 8 5 1 -0.313627 -0.122656 7.59999 
0 6 5 1 -0.392798 -0.133048 7.59999 
0 2 2.5 1 -0.522552 -0.314438 7.59999 
0 4 2.5 1 -0.468551 -0.323274 7.59999 
0 4 5 1 -0.45714 -0.141494 7.59999 
0 2 5 1 -0.510464 -0.148494 7.59999 
0.5 0.5 -0.5 1 -0.538704 -0.500816 7.59999 
0.5 0.5 6 1 -0.50894 -0.0948144 7.59999 
10.5 0.5 -0.5 1 -0.0751373 -0.399195 7.59999 
10.5 0.5 6 1 -0.0778543 -0.117423 7.59999 
10.5 10.5 -0.5 1 0.335576 -0.47112 7.59999 
10.5 10.5 6 1 0.302785 -0.0772261 7.59999 
0.5 10.5 -0.5 1 -0.146958 -0.701743 7.59999 
0.5 10.5 6 1 -0.144725 -0.0128902 7.59999 
0.5 5.5 9.5 1 -0.359649 0.174965 7.59999 
10.5 5.5 9.5 1 0.0755686 0.0606936 7.59999 
0.5 6.5 -0.5 1 -0.356432 -0.594303 7.59999 
0.5 8.5 -0.5 1 -0.26494 -0.641229 7.59999 
0.5 8.5 4.5 1 -0.253584 -0.164617 7.59999 
0.5 6.5 4.5 1 -0.339449 -0.170709 7.59999 
0.5 2.5 2 1 -0.477618 -0.3475 7.59999 
0.5 4.5 2 1 -0.418947 -0.359605 7.59999 
0.5 4.5 4.5 1 -0.409149 -0.175654 7.59999 
0.5 2.5 4.5 1 -0.466855 -0.179748 7.59999 
