0 0 0 1 0.21771 -0.391056 1.33333 
0 0 6.5 1 0.198905 -0.0860432 1.33333 
10 0 0 1 0.703805 -0.524887 1.33333 
10 0 6.5 1 0.627517 -0.00570257 1.33333 
10 10 0 1 -0.0600557 -0.70844 1.33333 
10 10 6.5 1 -0.0678605 0.0516066 1.33333 
0 10 0 1 -0.26197 -0.448393 1.33333 
0 10 6.5 1 -0.252311 -0.073777 1.33333 
0 5 10 1 -0.0084216 0.0840484 1.33333 
10 5 10 1 0.31448 0.297711 1.33333 
0 6 0 1 -0.0457421 -0.422547 1.33333 
0 8 0 1 -0.149079 -0.434899 1.33333 
0 8 5 1 -0.147577 -0.155116 1.33333 
0 6 5 1 -0.0493335 -0.154627 1.33333 
0 2 2.5 1 0.130836 -0.274399 1.33333 
0 4 2.5 1 0.0451615 -0.279606 1.33333 
0 4 5 1 0.0413071 -0.154176 1.33333 
0 2 5 1 0.125194 -0.153759 1.33333 
0.5 0.5 -0.5 1 0.213676 -0.42323 1.33333 
0.5 0.5 6 1 0.194461 -0.105932 1.33333 
10.5 0.5 -0.5 1 0.727964 -0.590654 1.33333 
10.5 0.5 6 1 0.644873 -0.034844 1.33333 
10.5 10.5 -0.5 1 -0.0983527 -0.827 1.33333 
10.5 10.5 6 1 -0.101361 0.0141107 1.33333 
0.5 10.5 -0.5 1 -0.288587 -0.490921 1.33333 
0.5 10.5 6 1 -0.276644 -0.0976174 1.33333 
0.5 5.5 9.5 1 -0.0206987 0.0690667 1.33333 
10.5 5.5 9.5 1 0.313546 0.284883 1.33333 
0.5 6.5 -0.5 1 -0.0611316 -0.460266 1.33333 
0.5 8.5 -0.5 1 -0.169619 -0.474887 1.33333 
0.5 8.5 4.5 1 -0.16697 -0.181604 1.33333 
0.5 6.5 4.5 1 -0.0640842 -0.179989 1.33333 
0.5 2.5 2 1 0.123538 -0.302776 1.33333 
0.5 4.5 2 1 0.0342758 -0.30935 1.33333 
0.5 4.5 4.5 1 0.0305415 -0.178503 1.33333 
0.5 2.5 4.5 1 0.117863 -0.177132 1.33333 
