0 0 0 1 -0.456775 -0.43836 6.93333 
0 0 6.5 1 -0.464624 -0.0941517 6.93333 
10 0 0 1 -0.016007 -0.338656 6.93333 
10 0 6.5 1 -0.0357497 -0.0744562 6.93333 
10 10 0 1 0.317816 -0.41896 6.93333 
10 10 6.5 1 0.273482 -0.0258863 6.93333 
0 10 0 1 -0.281249 -0.636591 6.93333 
0 10 6.5 1 -0.30659 -0.0356449 6.93333 
0 5 10 1 -0.412759 0.145392 6.93333 
10 5 10 1 0.0747765 0.105859 6.93333 
0 6 0 1 -0.375969 -0.529619 6.93333 
0 8 0 1 -0.334846 -0.576062 6.93333 
0 8 5 1 -0.349671 -0.168204 6.93333 
0 6 5 1 -0.387441 -0.169179 6.93333 
0 2 2.5 1 -0.438682 -0.314304 6.93333 
0 4 2.5 1 -0.413161 -0.32835 6.93333 
0 4 5 1 -0.41763 -0.169958 6.93333 
0 2 5 1 -0.442313 -0.170595 6.93333 
0.5 0.5 -0.5 1 -0.422173 -0.465358 6.93333 
0.5 0.5 6 1 -0.431489 -0.116804 6.93333 
10.5 0.5 -0.5 1 0.0138939 -0.358626 6.93333 
10.5 0.5 6 1 -0.00692628 -0.0918644 6.93333 
10.5 10.5 -0.5 1 0.366533 -0.449873 6.93333 
10.5 10.5 6 1 0.31947 -0.051107 6.93333 
0.5 10.5 -0.5 1 -0.216881 -0.687886 6.93333 
0.5 10.5 6 1 -0.247086 -0.0736134 6.93333 
0.5 5.5 9.5 1 -0.371382 0.12031 6.93333 
10.5 5.5 9.5 1 0.109443 0.0870432 6.93333 
0.5 6.5 -0.5 1 -0.328047 -0.567387 6.93333 
0.5 8.5 -0.5 1 -0.279894 -0.619582 6.93333 
0.5 8.5 4.5 1 -0.297526 -0.203786 6.93333 
0.5 6.5 4.5 1 -0.341671 -0.200753 6.93333 
0.5 2.5 2 1 -0.401244 -0.342047 6.93333 
0.5 4.5 2 1 -0.371551 -0.359129 6.93333 
0.5 4.5 4.5 1 -0.376854 -0.198336 6.93333 
0.5 2.5 4.5 1 -0.405551 -0.196365 6.93333 
