0 0 0 1 -0.709344 -0.500189 8.86667 
0 0 6.5 1 -0.628217 0.0315366 8.86667 
10 0 0 1 -0.241848 -0.342218 8.86667 
10 0 6.5 1 -0.209518 -0.0398697 8.86667 
10 10 0 1 0.234124 -0.432207 8.86667 
10 10 6.5 1 0.254903 -0.070232 8.86667 
0 10 0 1 0.093848 -0.751277 8.86667 
0 10 6.5 1 0.14584 -0.0026437 8.86667 
0 5 10 1 -0.266342 0.320896 8.86667 
10 5 10 1 0.0170944 0.114605 8.86667 
0 6 0 1 -0.2943 -0.629937 8.86667 
0 8 0 1 -0.114695 -0.686084 8.86667 
0 8 5 1 -0.0656596 -0.14505 8.86667 
0 6 5 1 -0.239472 -0.127376 8.86667 
0 2 2.5 1 -0.556418 -0.313191 8.86667 
0 4 2.5 1 -0.420487 -0.340818 8.86667 
0 4 5 1 -0.391793 -0.111886 8.86667 
0 2 5 1 -0.526378 -0.098201 8.86667 
0.5 0.5 -0.5 1 -0.647125 -0.537628 8.86667 
0.5 0.5 6 1 -0.570784 -0.0137345 8.86667 
10.5 0.5 -0.5 1 -0.211621 -0.365277 8.86667 
10.5 0.5 6 1 -0.180569 -0.0654683 8.86667 
10.5 10.5 -0.5 1 0.263835 -0.458478 8.86667 
10.5 10.5 6 1 0.283266 -0.100151 8.86667 
0.5 10.5 -0.5 1 0.158669 -0.796579 8.86667 
0.5 10.5 6 1 0.20468 -0.0635166 8.86667 
0.5 5.5 9.5 1 -0.209641 0.264357 8.86667 
10.5 5.5 9.5 1 0.0453328 0.0855732 8.86667 
0.5 6.5 -0.5 1 -0.229164 -0.671944 8.86667 
0.5 8.5 -0.5 1 -0.0493414 -0.729732 8.86667 
0.5 8.5 4.5 1 -0.00490577 -0.199297 8.86667 
0.5 6.5 4.5 1 -0.178758 -0.178522 8.86667 
0.5 2.5 2 1 -0.49504 -0.355756 8.86667 
0.5 4.5 2 1 -0.35822 -0.385428 8.86667 
0.5 4.5 4.5 1 -0.331564 -0.160261 8.86667 
0.5 2.5 4.5 1 -0.466929 -0.144085 8.86667 
