0 0 0 1 -0.217304 -0.0111701 5.16666 
0 0 6.5 1 -0.239502 0.254369 5.16666 
10 0 0 1 0.175256 0.00974468 5.16666 
10 0 6.5 1 0.17212 0.2707 5.16666 
10 10 0 1 0.321701 -0.0951897 5.16666 
10 10 6.5 1 0.328042 0.331875 5.16666 
0 10 0 1 -0.317245 -0.133014 5.16666 
0 10 6.5 1 -0.363002 0.306455 5.16666 
0 5 10 1 -0.30321 0.469209 5.16666 
10 5 10 1 0.230196 0.484477 5.16666 
0 6 0 1 -0.265044 -0.0693727 5.16666 
0 8 0 1 -0.288182 -0.0975815 5.16666 
0 8 5 1 -0.317011 0.196422 5.16666 
0 6 5 1 -0.289667 0.194578 5.16666 
0 2 2.5 1 -0.239789 0.0801375 5.16666 
0 4 2.5 1 -0.256665 0.0707805 5.16666 
0 4 5 1 -0.267604 0.193089 5.16666 
0 2 5 1 -0.249426 0.191863 5.16666 
0.5 0.5 -0.5 1 -0.19841 -0.0336364 5.16666 
0.5 0.5 6 1 -0.220033 0.235024 5.16666 
10.5 0.5 -0.5 1 0.199599 -0.0119538 5.16666 
10.5 0.5 6 1 0.197586 0.252022 5.16666 
10.5 10.5 -0.5 1 0.365044 -0.133203 5.16666 
10.5 10.5 6 1 0.375068 0.301993 5.16666 
0.5 10.5 -0.5 1 -0.288464 -0.173284 5.16666 
0.5 10.5 6 1 -0.333046 0.274766 5.16666 
0.5 5.5 9.5 1 -0.279107 0.44841 5.16666 
10.5 5.5 9.5 1 0.264412 0.464562 5.16666 
0.5 6.5 -0.5 1 -0.241208 -0.100004 5.16666 
0.5 8.5 -0.5 1 -0.262095 -0.132393 5.16666 
0.5 8.5 4.5 1 -0.290146 0.166564 5.16666 
0.5 6.5 4.5 1 -0.265162 0.167939 5.16666 
0.5 2.5 2 1 -0.219237 0.0567848 5.16666 
0.5 4.5 2 1 -0.234447 0.0450082 5.16666 
0.5 4.5 4.5 1 -0.245094 0.169044 5.16666 
0.5 2.5 4.5 1 -0.228621 0.16995 5.16666 
