0 0 0 1 -0.296017 -0.388934 10.6334 
0 0 6.5 1 -0.310492 0.261919 10.6334 
10 0 0 1 -0.248824 -0.105986 10.6334 
10 0 6.5 1 -0.252802 0.228194 10.6334 
10 10 0 1 0.22188 -0.0956566 10.6334 
10 10 6.5 1 0.245813 0.20771 10.6334 
0 10 0 1 0.552726 -0.325559 10.6334 
0 10 6.5 1 0.633828 0.217601 10.6334 
0 5 10 1 0.234563 0.619498 10.6334 
10 5 10 1 0.0155039 0.405419 10.6334 
0 6 0 1 0.247756 -0.348331 10.6334 
0 8 0 1 0.405241 -0.336572 10.6334 
0 8 5 1 0.455693 0.084498 10.6334 
0 6 5 1 0.286164 0.0872352 10.6334 
0 2 2.5 1 -0.0976798 -0.151168 10.6334 
0 4 2.5 1 0.0908972 -0.145253 10.6334 
0 4 5 1 0.103646 0.090182 10.6334 
0 2 5 1 -0.093412 0.0933637 10.6334 
0.5 0.5 -0.5 1 -0.243452 -0.40117 10.6334 
0.5 0.5 6 1 -0.250419 0.203359 10.6334 
10.5 0.5 -0.5 1 -0.222379 -0.121727 10.6334 
10.5 0.5 6 1 -0.224572 0.199895 10.6334 
10.5 10.5 -0.5 1 0.232018 -0.110349 10.6334 
10.5 10.5 6 1 0.255772 0.182632 10.6334 
0.5 10.5 -0.5 1 0.553213 -0.339252 10.6334 
0.5 10.5 6 1 0.629708 0.171308 10.6334 
0.5 5.5 9.5 1 0.256394 0.538964 10.6334 
10.5 5.5 9.5 1 0.0341316 0.371539 10.6334 
0.5 6.5 -0.5 1 0.265161 -0.36164 10.6334 
0.5 8.5 -0.5 1 0.413656 -0.350098 10.6334 
0.5 8.5 4.5 1 0.461859 0.0454816 10.6334 
0.5 6.5 4.5 1 0.30271 0.0467015 10.6334 
0.5 2.5 2 1 -0.0569808 -0.178156 10.6334 
0.5 4.5 2 1 0.118962 -0.171665 10.6334 
0.5 4.5 4.5 1 0.132126 0.048009 10.6334 
0.5 2.5 4.5 1 -0.051173 0.049414 10.6334 
