0 0 0 1 -0.4817 -0.442945 7.06666 
0 0 6.5 1 -0.482483 -0.0881056 7.06666 
10 0 0 1 -0.033659 -0.345558 7.06666 
10 0 6.5 1 -0.0505027 -0.0784771 7.06666 
10 10 0 1 0.312686 -0.417395 7.06666 
10 10 6.5 1 0.269905 -0.0249997 7.06666 
0 10 0 1 -0.275328 -0.629627 7.06666 
0 10 6.5 1 -0.293288 -0.0131069 7.06666 
0 5 10 1 -0.414962 0.160628 7.06666 
10 5 10 1 0.0669304 0.103383 7.06666 
0 6 0 1 -0.386627 -0.528947 7.06666 
0 8 0 1 -0.338286 -0.572675 7.06666 
0 8 5 1 -0.347133 -0.152549 7.06666 
0 6 5 1 -0.392118 -0.157346 7.06666 
0 2 2.5 1 -0.456849 -0.312168 7.06666 
0 4 2.5 1 -0.426571 -0.323977 7.06666 
0 4 5 1 -0.428159 -0.161189 7.06666 
0 2 5 1 -0.457682 -0.164337 7.06666 
0.5 0.5 -0.5 1 -0.445713 -0.470708 7.06666 
0.5 0.5 6 1 -0.448229 -0.11146 7.06666 
10.5 0.5 -0.5 1 -0.00352698 -0.36577 7.06666 
10.5 0.5 6 1 -0.0215817 -0.0961881 7.06666 
10.5 10.5 -0.5 1 0.360963 -0.448145 7.06666 
10.5 10.5 6 1 0.315198 -0.0503319 7.06666 
0.5 10.5 -0.5 1 -0.208373 -0.681724 7.06666 
0.5 10.5 6 1 -0.232075 -0.0518255 7.06666 
0.5 5.5 9.5 1 -0.372424 0.134747 7.06666 
10.5 5.5 9.5 1 0.10137 0.0842345 7.06666 
0.5 6.5 -0.5 1 -0.336781 -0.567559 7.06666 
0.5 8.5 -0.5 1 -0.281127 -0.61704 7.06666 
0.5 8.5 4.5 1 -0.293295 -0.188889 7.06666 
0.5 6.5 4.5 1 -0.344818 -0.189684 7.06666 
0.5 2.5 2 1 -0.418014 -0.340664 7.06666 
0.5 4.5 2 1 -0.38342 -0.355528 7.06666 
0.5 4.5 4.5 1 -0.38599 -0.190319 7.06666 
0.5 2.5 4.5 1 -0.419645 -0.190839 7.06666 
