0 0 0 1 0.400335 -0.498252 13.5334 
0 0 6.5 1 0.337621 0.0518532 13.5334 
10 0 0 1 -0.268969 -0.438619 13.5334 
10 0 6.5 1 -0.27352 -0.034279 13.5334 
10 10 0 1 0.00967389 -0.331092 13.5334 
10 10 6.5 1 -0.00481456 -0.069537 13.5334 
0 10 0 1 0.448679 -0.341712 13.5334 
0 10 6.5 1 0.409411 -0.0261186 13.5334 
0 5 10 1 0.359216 0.198584 13.5334 
10 5 10 1 -0.117443 0.102732 13.5334 
0 6 0 1 0.43543 -0.384613 13.5334 
0 8 0 1 0.442684 -0.361125 13.5334 
0 8 5 1 0.4096 -0.0923841 13.5334 
0 6 5 1 0.399372 -0.0878866 13.5334 
0 2 2.5 1 0.392533 -0.257313 13.5334 
0 4 2.5 1 0.406148 -0.243616 13.5334 
0 4 5 1 0.386869 -0.0823886 13.5334 
0 2 5 1 0.371237 -0.0755148 13.5334 
0.5 0.5 -0.5 1 0.365437 -0.525186 13.5334 
0.5 0.5 6 1 0.308299 0.00292561 13.5334 
10.5 0.5 -0.5 1 -0.271102 -0.460487 13.5334 
10.5 0.5 6 1 -0.275373 -0.0681514 13.5334 
10.5 10.5 -0.5 1 0.00191602 -0.347792 13.5334 
10.5 10.5 6 1 -0.0119416 -0.0913004 13.5334 
0.5 10.5 -0.5 1 0.427162 -0.361615 13.5334 
0.5 10.5 6 1 0.389968 -0.0533595 13.5334 
0.5 5.5 9.5 1 0.33726 0.158419 13.5334 
10.5 5.5 9.5 1 -0.122893 0.0728376 13.5334 
0.5 6.5 -0.5 1 0.409987 -0.407128 13.5334 
0.5 8.5 -0.5 1 0.419366 -0.382275 13.5334 
0.5 8.5 4.5 1 0.388195 -0.120448 13.5334 
0.5 6.5 4.5 1 0.376218 -0.118813 13.5334 
0.5 2.5 2 1 0.363267 -0.289908 13.5334 
0.5 4.5 2 1 0.379611 -0.273118 13.5334 
0.5 4.5 4.5 1 0.36167 -0.116826 13.5334 
0.5 2.5 4.5 1 0.343625 -0.114363 13.5334 
