0 0 0 1 0.159462 -0.373474 12 
0 0 6.5 1 0.114175 0.271794 12 
10 0 0 1 -0.23432 -0.189379 12 
10 0 6.5 1 -0.274492 0.168603 12 
10 10 0 1 0.153816 -0.0893836 12 
10 10 6.5 1 0.135165 0.182405 12 
0 10 0 1 0.598517 -0.156821 12 
0 10 6.5 1 0.590213 0.253688 12 
0 5 10 1 0.396257 0.554683 12 
10 5 10 1 -0.0558245 0.351699 12 
0 6 0 1 0.467586 -0.221429 12 
0 8 0 1 0.538171 -0.186599 12 
0 8 5 1 0.529094 0.150159 12 
0 6 5 1 0.454854 0.143641 12 
0 2 2.5 1 0.27119 -0.0982703 12 
0 4 2.5 1 0.375272 -0.0677508 12 
0 4 5 1 0.366243 0.135861 12 
0 2 5 1 0.258638 0.126413 12 
0.5 0.5 -0.5 1 0.161871 -0.385466 12 
0.5 0.5 6 1 0.120026 0.21225 12 
10.5 0.5 -0.5 1 -0.217479 -0.203534 12 
10.5 0.5 6 1 -0.255377 0.139335 12 
10.5 10.5 -0.5 1 0.155051 -0.10322 12 
10.5 10.5 6 1 0.137012 0.159775 12 
0.5 10.5 -0.5 1 0.58062 -0.174265 12 
0.5 10.5 6 1 0.571929 0.216503 12 
0.5 5.5 9.5 1 0.38456 0.490484 12 
10.5 5.5 9.5 1 -0.046857 0.319448 12 
0.5 6.5 -0.5 1 0.45355 -0.238355 12 
0.5 8.5 -0.5 1 0.521816 -0.203924 12 
0.5 8.5 4.5 1 0.512609 0.115609 12 
0.5 6.5 4.5 1 0.440961 0.106553 12 
0.5 2.5 2 1 0.266407 -0.126621 12 
0.5 4.5 2 1 0.364969 -0.095314 12 
0.5 4.5 4.5 1 0.356252 0.0958457 12 
0.5 2.5 4.5 1 0.254551 0.0829911 12 
