0 0 0 1 -0.568487 -0.460959 7.53333 
0 0 6.5 1 -0.540277 -0.0659361 7.53333 
10 0 0 1 -0.0968014 -0.37079 7.53333 
10 0 6.5 1 -0.100153 -0.0929371 7.53333 
10 10 0 1 0.293134 -0.431583 7.53333 
10 10 6.5 1 0.261509 -0.0418319 7.53333 
0 10 0 1 -0.231795 -0.632042 7.53333 
0 10 6.5 1 -0.224037 0.035966 7.53333 
0 5 10 1 -0.409116 0.205875 7.53333 
10 5 10 1 0.0448066 0.0880511 7.53333 
0 6 0 1 -0.411858 -0.540547 7.53333 
0 8 0 1 -0.33322 -0.580505 7.53333 
0 8 5 1 -0.319697 -0.11828 7.53333 
0 6 5 1 -0.394116 -0.129389 7.53333 
0 2 2.5 1 -0.514812 -0.309098 7.53333 
0 4 2.5 1 -0.464208 -0.317327 7.53333 
0 4 5 1 -0.454478 -0.138399 7.53333 
0 2 5 1 -0.504422 -0.145854 7.53333 
0.5 0.5 -0.5 1 -0.527136 -0.492309 7.53333 
0.5 0.5 6 1 -0.501684 -0.0931225 7.53333 
10.5 0.5 -0.5 1 -0.0661465 -0.392356 7.53333 
10.5 0.5 6 1 -0.0710438 -0.112437 7.53333 
10.5 10.5 -0.5 1 0.338689 -0.462499 7.53333 
10.5 10.5 6 1 0.303741 -0.0686753 7.53333 
0.5 10.5 -0.5 1 -0.157092 -0.687897 7.53333 
0.5 10.5 6 1 -0.157893 -0.00796762 7.53333 
0.5 5.5 9.5 1 -0.362471 0.175171 7.53333 
10.5 5.5 9.5 1 0.078213 0.0667861 7.53333 
0.5 6.5 -0.5 1 -0.355349 -0.583108 7.53333 
0.5 8.5 -0.5 1 -0.268866 -0.628818 7.53333 
0.5 8.5 4.5 1 -0.260425 -0.159268 7.53333 
0.5 6.5 4.5 1 -0.341561 -0.166147 7.53333 
0.5 2.5 2 1 -0.470728 -0.341429 7.53333 
0.5 4.5 2 1 -0.415479 -0.352884 7.53333 
0.5 4.5 4.5 1 -0.407279 -0.171719 7.53333 
0.5 2.5 4.5 1 -0.461594 -0.176324 7.53333 
