0 0 0 1 0.40186 -0.610919 13.9667 
0 0 6.5 1 0.355157 -0.0719323 13.9667 
10 0 0 1 -0.307219 -0.53649 13.9667 
10 0 6.5 1 -0.28996 -0.106104 13.9667 
10 10 0 1 -0.0583776 -0.40606 13.9667 
10 10 6.5 1 -0.0596931 -0.137849 13.9667 
0 10 0 1 0.377688 -0.428832 13.9667 
0 10 6.5 1 0.351588 -0.122155 13.9667 
0 5 10 1 0.336775 0.0847627 13.9667 
10 5 10 1 -0.147366 0.0364216 13.9667 
0 6 0 1 0.384288 -0.478551 13.9667 
0 8 0 1 0.380672 -0.451313 13.9667 
0 8 5 1 0.358334 -0.189448 13.9667 
0 6 5 1 0.359521 -0.189007 13.9667 
0 2 2.5 1 0.378068 -0.365108 13.9667 
0 4 2.5 1 0.374446 -0.345459 13.9667 
0 4 5 1 0.360972 -0.188468 13.9667 
0 2 5 1 0.362786 -0.187794 13.9667 
0.5 0.5 -0.5 1 0.360782 -0.634883 13.9667 
0.5 0.5 6 1 0.319642 -0.114133 13.9667 
10.5 0.5 -0.5 1 -0.316373 -0.558153 13.9667 
10.5 0.5 6 1 -0.29896 -0.139446 13.9667 
10.5 10.5 -0.5 1 -0.0693407 -0.422386 13.9667 
10.5 10.5 6 1 -0.0700976 -0.158735 13.9667 
0.5 10.5 -0.5 1 0.354693 -0.446952 13.9667 
0.5 10.5 6 1 0.330452 -0.146227 13.9667 
0.5 5.5 9.5 1 0.311666 0.0500433 13.9667 
10.5 5.5 9.5 1 -0.157561 0.00771911 13.9667 
0.5 6.5 -0.5 1 0.356378 -0.498957 13.9667 
0.5 8.5 -0.5 1 0.355457 -0.470532 13.9667 
0.5 8.5 4.5 1 0.334857 -0.214313 13.9667 
0.5 6.5 4.5 1 0.333723 -0.216307 13.9667 
0.5 2.5 2 1 0.344317 -0.393938 13.9667 
0.5 4.5 2 1 0.344559 -0.371699 13.9667 
0.5 4.5 4.5 1 0.332344 -0.218733 13.9667 
0.5 2.5 4.5 1 0.330631 -0.221745 13.9667 
