0 0 0 1 -0.289672 -0.101361 5.73333 
0 0 6.5 1 -0.321931 0.173861 5.73333 
10 0 0 1 0.106382 -0.0516867 5.73333 
10 0 6.5 1 0.0875671 0.200276 5.73333 
10 10 0 1 0.312947 -0.131955 5.73333 
10 10 6.5 1 0.291457 0.271531 5.73333 
0 10 0 1 -0.320989 -0.228507 5.73333 
0 10 6.5 1 -0.378013 0.238143 5.73333 
0 5 10 1 -0.366045 0.394774 5.73333 
10 5 10 1 0.153862 0.403176 5.73333 
0 6 0 1 -0.304424 -0.161253 5.73333 
0 8 0 1 -0.311709 -0.190832 5.73333 
0 8 5 1 -0.349364 0.121119 5.73333 
0 6 5 1 -0.337695 0.117059 5.73333 
0 2 2.5 1 -0.307047 -0.00470334 5.73333 
0 4 2.5 1 -0.313254 -0.0134664 5.73333 
0 4 5 1 -0.328351 0.113808 5.73333 
0 2 5 1 -0.3207 0.111147 5.73333 
0.5 0.5 -0.5 1 -0.266187 -0.123276 5.73333 
0.5 0.5 6 1 -0.298199 0.155133 5.73333 
10.5 0.5 -0.5 1 0.13269 -0.0710583 5.73333 
10.5 0.5 6 1 0.114346 0.183577 5.73333 
10.5 10.5 -0.5 1 0.359159 -0.164563 5.73333 
10.5 10.5 6 1 0.339257 0.24582 5.73333 
0.5 10.5 -0.5 1 -0.281783 -0.268692 5.73333 
0.5 10.5 6 1 -0.338167 0.207183 5.73333 
0.5 5.5 9.5 1 -0.3361 0.374505 5.73333 
10.5 5.5 9.5 1 0.188708 0.385355 5.73333 
0.5 6.5 -0.5 1 -0.273497 -0.191438 5.73333 
0.5 8.5 -0.5 1 -0.277131 -0.225321 5.73333 
0.5 8.5 4.5 1 -0.31439 0.0919655 5.73333 
0.5 6.5 4.5 1 -0.306446 0.0911163 5.73333 
0.5 2.5 2 1 -0.281401 -0.0274339 5.73333 
0.5 4.5 2 1 -0.285147 -0.0386124 5.73333 
0.5 4.5 4.5 1 -0.300112 0.0904392 5.73333 
0.5 2.5 4.5 1 -0.294942 0.0898866 5.73333 
