0 0 0 1 0.258117 -0.0675128 17.1334 
0 0 6.5 1 0.283554 0.311254 17.1334 
10 0 0 1 -0.274947 -0.196399 17.1334 
10 0 6.5 1 -0.299605 0.386266 17.1334 
10 10 0 1 -0.484322 -0.035126 17.1334 
10 10 6.5 1 -0.513274 0.312738 17.1334 
0 10 0 1 -0.0616251 0.0165809 17.1334 
0 10 6.5 1 -0.0610671 0.279908 17.1334 
0 5 10 1 0.0841169 0.476567 17.1334 
10 5 10 1 -0.453323 0.607967 17.1334 
0 6 0 1 0.0400476 -0.0101595 17.1334 
0 8 0 1 -0.014041 0.00406605 17.1334 
0 8 5 1 -0.0115582 0.21701 17.1334 
0 6 5 1 0.0451806 0.217354 17.1334 
0 2 2.5 1 0.180312 0.0829988 17.1334 
0 4 2.5 1 0.10626 0.0927051 17.1334 
0 4 5 1 0.110654 0.21775 17.1334 
0 2 5 1 0.187048 0.218213 17.1334 
0.5 0.5 -0.5 1 0.216286 -0.0925527 17.1334 
0.5 0.5 6 1 0.238266 0.280288 17.1334 
10.5 0.5 -0.5 1 -0.330146 -0.23227 17.1334 
10.5 0.5 6 1 -0.360995 0.336398 17.1334 
10.5 10.5 -0.5 1 -0.516035 -0.0584284 17.1334 
10.5 10.5 6 1 -0.546912 0.284443 17.1334 
0.5 10.5 -0.5 1 -0.0887562 -0.00156458 17.1334 
0.5 10.5 6 1 -0.0896198 0.258898 17.1334 
0.5 5.5 9.5 1 0.0477771 0.449025 17.1334 
10.5 5.5 9.5 1 -0.498745 0.566613 17.1334 
0.5 6.5 -0.5 1 0.00843859 -0.0305559 17.1334 
0.5 8.5 -0.5 1 -0.0432449 -0.0151397 17.1334 
0.5 8.5 4.5 1 -0.0420178 0.195359 17.1334 
0.5 6.5 4.5 1 0.0120962 0.194165 17.1334 
0.5 2.5 2 1 0.141496 0.0579268 17.1334 
0.5 4.5 2 1 0.070973 0.0694166 17.1334 
0.5 4.5 4.5 1 0.0744673 0.192789 17.1334 
0.5 2.5 4.5 1 0.147141 0.191185 17.1334 
