0 0 0 1 -0.694005 -0.590653 8.23333 
0 0 6.5 1 -0.621346 -0.108894 8.23333 
10 0 0 1 -0.190937 -0.445756 8.23333 
10 0 6.5 1 -0.170753 -0.145917 8.23333 
10 10 0 1 0.260682 -0.544609 8.23333 
10 10 6.5 1 0.256409 -0.151374 8.23333 
0 10 0 1 -0.102529 -0.87841 8.23333 
0 10 6.5 1 -0.0648505 -0.099036 8.23333 
0 5 10 1 -0.372155 0.169263 8.23333 
10 5 10 1 0.0213734 0.0188945 8.23333 
0 6 0 1 -0.409707 -0.728966 8.23333 
0 8 0 1 -0.273079 -0.795437 8.23333 
0 8 5 1 -0.230941 -0.247505 8.23333 
0 6 5 1 -0.360289 -0.236502 8.23333 
0 2 2.5 1 -0.586004 -0.41705 8.23333 
0 4 2.5 1 -0.493761 -0.442264 8.23333 
0 4 5 1 -0.467983 -0.227342 8.23333 
0 2 5 1 -0.559041 -0.219597 8.23333 
0.5 0.5 -0.5 1 -0.641411 -0.627977 8.23333 
0.5 0.5 6 1 -0.573347 -0.145348 8.23333 
10.5 0.5 -0.5 1 -0.159885 -0.469309 8.23333 
10.5 0.5 6 1 -0.14137 -0.169108 8.23333 
10.5 10.5 -0.5 1 0.299541 -0.575048 8.23333 
10.5 10.5 6 1 0.292686 -0.18123 8.23333 
0.5 10.5 -0.5 1 -0.0222114 -0.936448 8.23333 
0.5 10.5 6 1 0.00517304 -0.155202 8.23333 
0.5 5.5 9.5 1 -0.318183 0.125859 8.23333 
10.5 5.5 9.5 1 0.0528483 -0.00693708 8.23333 
0.5 6.5 -0.5 1 -0.343319 -0.776479 8.23333 
0.5 8.5 -0.5 1 -0.200371 -0.847693 8.23333 
0.5 8.5 4.5 1 -0.164979 -0.298612 8.23333 
0.5 6.5 4.5 1 -0.299565 -0.283032 8.23333 
0.5 2.5 2 1 -0.53164 -0.456904 8.23333 
0.5 4.5 2 1 -0.435207 -0.485425 8.23333 
0.5 4.5 4.5 1 -0.411741 -0.270046 8.23333 
0.5 2.5 4.5 1 -0.506673 -0.259057 8.23333 
