0 0 0 1 0.399608 -0.630758 14.0334 
0 0 6.5 1 0.356217 -0.0928168 14.0334 
10 0 0 1 -0.314345 -0.553464 14.0334 
10 0 6.5 1 -0.293598 -0.118468 14.0334 
10 10 0 1 -0.0700037 -0.41702 14.0334 
10 10 6.5 1 -0.0690704 -0.147587 14.0334 
0 10 0 1 0.365598 -0.441887 14.0334 
0 10 6.5 1 0.342008 -0.136263 14.0334 
0 5 10 1 0.33254 0.0675422 14.0334 
10 5 10 1 -0.15293 0.026541 14.0334 
0 6 0 1 0.374883 -0.49345 14.0334 
0 8 0 1 0.369797 -0.465202 14.0334 
0 8 5 1 0.349533 -0.204175 14.0334 
0 6 5 1 0.35232 -0.204767 14.0334 
0 2 2.5 1 0.374072 -0.383278 14.0334 
0 4 2.5 1 0.368065 -0.362045 14.0334 
0 4 5 1 0.355727 -0.205491 14.0334 
0 2 5 1 0.359989 -0.206396 14.0334 
0.5 0.5 -0.5 1 0.357703 -0.653983 14.0334 
0.5 0.5 6 1 0.319807 -0.133888 14.0334 
10.5 0.5 -0.5 1 -0.324608 -0.574868 14.0334 
10.5 0.5 6 1 -0.303713 -0.151585 14.0334 
10.5 10.5 -0.5 1 -0.0814709 -0.433201 14.0334 
10.5 10.5 6 1 -0.0799928 -0.168284 14.0334 
0.5 10.5 -0.5 1 0.342363 -0.459646 14.0334 
0.5 10.5 6 1 0.320581 -0.159824 14.0334 
0.5 5.5 9.5 1 0.306927 0.0336372 14.0334 
10.5 5.5 9.5 1 -0.163866 -0.00192683 14.0334 
0.5 6.5 -0.5 1 0.346606 -0.513401 14.0334 
0.5 8.5 -0.5 1 0.344286 -0.484017 14.0334 
0.5 8.5 4.5 1 0.325717 -0.228499 14.0334 
0.5 6.5 4.5 1 0.326105 -0.231447 14.0334 
0.5 2.5 2 1 0.339678 -0.411363 14.0334 
0.5 4.5 2 1 0.337682 -0.387657 14.0334 
0.5 4.5 4.5 1 0.326578 -0.235033 14.0334 
0.5 2.5 4.5 1 0.327166 -0.239487 14.0334 
