0 0 0 1 0.256669 -0.0263774 17.5334 
0 0 6.5 1 0.266227 0.352013 17.5334 
10 0 0 1 -0.212271 -0.184055 17.5334 
10 0 6.5 1 -0.255954 0.446142 17.5334 
10 10 0 1 -0.532323 -0.0481227 17.5334 
10 10 6.5 1 -0.582036 0.331948 17.5334 
0 10 0 1 -0.102594 0.0277381 17.5334 
0 10 6.5 1 -0.114821 0.299051 17.5334 
0 5 10 1 0.0403831 0.50796 17.5334 
10 5 10 1 -0.493181 0.668711 17.5334 
0 6 0 1 0.0143659 0.0101205 17.5334 
0 8 0 1 -0.0475301 0.0194439 17.5334 
0 8 5 1 -0.0550392 0.237833 17.5334 
0 6 5 1 0.00918134 0.24225 17.5334 
0 2 2.5 1 0.165375 0.116908 17.5334 
0 4 2.5 1 0.083405 0.120485 17.5334 
0 4 5 1 0.0823097 0.247279 17.5334 
0 2 5 1 0.166337 0.253058 17.5334 
0.5 0.5 -0.5 1 0.21705 -0.0544045 17.5334 
0.5 0.5 6 1 0.223618 0.319911 17.5334 
10.5 0.5 -0.5 1 -0.273176 -0.228535 17.5334 
10.5 0.5 6 1 -0.324201 0.390321 17.5334 
10.5 10.5 -0.5 1 -0.568358 -0.0762696 17.5334 
10.5 10.5 6 1 -0.620503 0.299673 17.5334 
0.5 10.5 -0.5 1 -0.130041 0.00722486 17.5334 
0.5 10.5 6 1 -0.143668 0.27644 17.5334 
0.5 5.5 9.5 1 0.00479315 0.479668 17.5334 
10.5 5.5 9.5 1 -0.544809 0.623544 17.5334 
0.5 6.5 -0.5 1 -0.0169401 -0.0128573 17.5334 
0.5 8.5 -0.5 1 -0.0767812 -0.00223188 17.5334 
0.5 8.5 4.5 1 -0.0855036 0.214378 17.5334 
0.5 6.5 4.5 1 -0.0235191 0.217262 17.5334 
0.5 2.5 2 1 0.128044 0.0895271 17.5334 
0.5 4.5 2 1 0.0489483 0.0949338 17.5334 
0.5 4.5 4.5 1 0.0470247 0.220544 17.5334 
0.5 2.5 4.5 1 0.128032 0.224312 17.5334 
