0 0 0 1 0.0925212 -0.405185 2.36667 
0 0 6.5 1 0.10801 -0.125286 2.36667 
10 0 0 1 0.559649 -0.555464 2.36667 
10 0 6.5 1 0.556825 -0.14724 2.36667 
10 10 0 1 0.182831 -0.796706 2.36667 
10 10 6.5 1 0.211465 -0.100421 2.36667 
0 10 0 1 -0.307394 -0.480223 2.36667 
0 10 6.5 1 -0.265326 -0.0895301 2.36667 
0 5 10 1 -0.0360422 0.0538853 2.36667 
10 5 10 1 0.429444 0.120114 2.36667 
0 6 0 1 -0.114132 -0.443961 2.36667 
0 8 0 1 -0.203559 -0.46074 2.36667 
0 8 5 1 -0.177036 -0.179137 2.36667 
0 6 5 1 -0.0925004 -0.181799 2.36667 
0 2 2.5 1 0.0394375 -0.299561 2.36667 
0 4 2.5 1 -0.0272956 -0.304708 2.36667 
0 4 5 1 -0.0185762 -0.184127 2.36667 
0 2 5 1 0.0466169 -0.18618 2.36667 
0.5 0.5 -0.5 1 0.0931119 -0.436424 2.36667 
0.5 0.5 6 1 0.109085 -0.146148 2.36667 
10.5 0.5 -0.5 1 0.584034 -0.609164 2.36667 
10.5 0.5 6 1 0.57971 -0.178537 2.36667 
10.5 10.5 -0.5 1 0.192481 -0.913973 2.36667 
10.5 10.5 6 1 0.222514 -0.150029 2.36667 
0.5 10.5 -0.5 1 -0.325939 -0.528292 2.36667 
0.5 10.5 6 1 -0.28094 -0.117086 2.36667 
0.5 5.5 9.5 1 -0.0401928 0.0368123 2.36667 
10.5 5.5 9.5 1 0.449892 0.0975263 2.36667 
0.5 6.5 -0.5 1 -0.121983 -0.483579 2.36667 
0.5 8.5 -0.5 1 -0.216018 -0.504194 2.36667 
0.5 8.5 4.5 1 -0.187871 -0.208802 2.36667 
0.5 6.5 4.5 1 -0.0992023 -0.209505 2.36667 
0.5 2.5 2 1 0.038163 -0.32847 2.36667 
0.5 4.5 2 1 -0.0311909 -0.335727 2.36667 
0.5 4.5 4.5 1 -0.0220797 -0.210116 2.36667 
0.5 2.5 4.5 1 0.0456146 -0.210652 2.36667 
