0 0 0 1 -0.11944 -0.0344847 4.43333 
0 0 6.5 1 -0.11835 0.217631 4.43333 
10 0 0 1 0.271176 -0.0616558 4.43333 
10 0 6.5 1 0.293089 0.207754 4.43333 
10 10 0 1 0.324464 -0.223759 4.43333 
10 10 6.5 1 0.366618 0.220567 4.43333 
0 10 0 1 -0.297541 -0.164014 4.43333 
0 10 6.5 1 -0.310073 0.235174 4.43333 
0 5 10 1 -0.193099 0.406921 4.43333 
10 5 10 1 0.337547 0.412399 4.43333 
0 6 0 1 -0.206229 -0.0976044 4.43333 
0 8 0 1 -0.247153 -0.127368 4.43333 
0 8 5 1 -0.252861 0.143156 4.43333 
0 6 5 1 -0.209382 0.147725 4.43333 
0 2 2.5 1 -0.143841 0.0491431 4.43333 
0 4 2.5 1 -0.173001 0.0368278 4.43333 
0 4 5 1 -0.173699 0.151475 4.43333 
0 2 5 1 -0.143889 0.154607 4.43333 
0.5 0.5 -0.5 1 -0.10669 -0.0587745 4.43333 
0.5 0.5 6 1 -0.104937 0.196969 4.43333 
10.5 0.5 -0.5 1 0.292515 -0.088227 4.43333 
10.5 0.5 6 1 0.316038 0.18532 4.43333 
10.5 10.5 -0.5 1 0.361768 -0.273343 4.43333 
10.5 10.5 6 1 0.408927 0.18224 4.43333 
0.5 10.5 -0.5 1 -0.282408 -0.206543 4.43333 
0.5 10.5 6 1 -0.294083 0.201753 4.43333 
0.5 5.5 9.5 1 -0.177686 0.385015 4.43333 
10.5 5.5 9.5 1 0.368954 0.388456 4.43333 
0.5 6.5 -0.5 1 -0.19185 -0.130389 4.43333 
0.5 8.5 -0.5 1 -0.232313 -0.164416 4.43333 
0.5 8.5 4.5 1 -0.237355 0.111507 4.43333 
0.5 6.5 4.5 1 -0.194364 0.119384 4.43333 
0.5 2.5 2 1 -0.130275 0.0240502 4.43333 
0.5 4.5 2 1 -0.158861 0.00921434 4.43333 
0.5 4.5 4.5 1 -0.159255 0.125816 4.43333 
0.5 2.5 4.5 1 -0.130043 0.131168 4.43333 
