0 0 0 1 -0.192166 -0.327248 10.9334 
0 0 6.5 1 -0.215818 0.348985 10.9334 
10 0 0 1 -0.247404 -0.0711115 10.9334 
10 0 6.5 1 -0.262766 0.274269 10.9334 
10 10 0 1 0.21342 -0.0390486 10.9334 
10 10 6.5 1 0.228396 0.261735 10.9334 
0 10 0 1 0.591237 -0.215731 10.9334 
0 10 6.5 1 0.660164 0.308137 10.9334 
0 5 10 1 0.305782 0.709822 10.9334 
10 5 10 1 0.00171517 0.458849 10.9334 
0 6 0 1 0.32307 -0.253904 10.9334 
0 8 0 1 0.463304 -0.233942 10.9334 
0 8 5 1 0.506416 0.176992 10.9334 
0 6 5 1 0.355565 0.176766 10.9334 
0 2 2.5 1 -0.000756311 -0.073609 10.9334 
0 4 2.5 1 0.177889 -0.0601406 10.9334 
0 4 5 1 0.188001 0.176515 10.9334 
0 2 5 1 0.000781618 0.176234 10.9334 
0.5 0.5 -0.5 1 -0.148791 -0.339868 10.9334 
0.5 0.5 6 1 -0.164797 0.284157 10.9334 
10.5 0.5 -0.5 1 -0.222255 -0.0868746 10.9334 
10.5 0.5 6 1 -0.235323 0.24445 10.9334 
10.5 10.5 -0.5 1 0.221257 -0.0538602 10.9334 
10.5 10.5 6 1 0.236208 0.236214 10.9334 
0.5 10.5 -0.5 1 0.584788 -0.231536 10.9334 
0.5 10.5 6 1 0.649076 0.260543 10.9334 
0.5 5.5 9.5 1 0.317 0.624531 10.9334 
10.5 5.5 9.5 1 0.0185733 0.423447 10.9334 
0.5 6.5 -0.5 1 0.331272 -0.268974 10.9334 
0.5 8.5 -0.5 1 0.463528 -0.249443 10.9334 
0.5 8.5 4.5 1 0.504124 0.136049 10.9334 
0.5 6.5 4.5 1 0.362469 0.13382 10.9334 
0.5 2.5 2 1 0.0298307 -0.102717 10.9334 
0.5 4.5 2 1 0.195868 -0.0886421 10.9334 
0.5 4.5 4.5 1 0.206138 0.131361 10.9334 
0.5 2.5 4.5 1 0.0327253 0.128633 10.9334 
