0 0 0 1 0.179643 -0.400093 12.0667 
0 0 6.5 1 0.132704 0.23849 12.0667 
10 0 0 1 -0.231991 -0.213758 12.0667 
10 0 6.5 1 -0.272342 0.144244 12.0667 
10 10 0 1 0.150338 -0.108248 12.0667 
10 10 6.5 1 0.130309 0.161427 12.0667 
0 10 0 1 0.595868 -0.174782 12.0667 
0 10 6.5 1 0.583363 0.228261 12.0667 
0 5 10 1 0.397826 0.51883 12.0667 
10 5 10 1 -0.0573931 0.327537 12.0667 
0 6 0 1 0.472517 -0.241555 12.0667 
0 8 0 1 0.539096 -0.205514 12.0667 
0 8 5 1 0.526928 0.125934 12.0667 
0 6 5 1 0.456894 0.118257 12.0667 
0 2 2.5 1 0.284636 -0.123761 12.0667 
0 4 2.5 1 0.38342 -0.0914352 12.0667 
0 4 5 1 0.373102 0.109072 12.0667 
0 2 5 1 0.271056 0.0978862 12.0667 
0.5 0.5 -0.5 1 0.179595 -0.411155 12.0667 
0.5 0.5 6 1 0.136001 0.181226 12.0667 
10.5 0.5 -0.5 1 -0.215874 -0.227512 12.0667 
10.5 0.5 6 1 -0.254043 0.115507 12.0667 
10.5 10.5 -0.5 1 0.15119 -0.121837 12.0667 
10.5 10.5 6 1 0.131795 0.139255 12.0667 
0.5 10.5 -0.5 1 0.577687 -0.191774 12.0667 
0.5 10.5 6 1 0.565061 0.192389 12.0667 
0.5 5.5 9.5 1 0.385396 0.457317 12.0667 
10.5 5.5 9.5 1 -0.0490276 0.295963 12.0667 
0.5 6.5 -0.5 1 0.457616 -0.257943 12.0667 
0.5 8.5 -0.5 1 0.522201 -0.222351 12.0667 
0.5 8.5 4.5 1 0.510097 0.0925431 12.0667 
0.5 6.5 4.5 1 0.442311 0.0824391 12.0667 
0.5 2.5 2 1 0.278091 -0.151047 12.0667 
0.5 4.5 2 1 0.37191 -0.118059 12.0667 
0.5 4.5 4.5 1 0.361972 0.0704641 12.0667 
0.5 2.5 4.5 1 0.265236 0.056045 12.0667 
