0 0 0 1 -0.0749779 -0.0358878 4.06666 
0 0 6.5 1 -0.0628015 0.215536 4.06666 
10 0 0 1 0.321201 -0.0842514 4.06666 
10 0 6.5 1 0.353146 0.196867 4.06666 
10 10 0 1 0.325405 -0.236636 4.06666 
10 10 6.5 1 0.380865 0.236374 4.06666 
0 10 0 1 -0.292883 -0.135534 4.06666 
0 10 6.5 1 -0.287647 0.259055 4.06666 
0 5 10 1 -0.143223 0.410805 4.06666 
10 5 10 1 0.387165 0.418809 4.06666 
0 6 0 1 -0.181835 -0.0847525 4.06666 
0 8 0 1 -0.231777 -0.107591 4.06666 
0 8 5 1 -0.225526 0.16129 4.06666 
0 6 5 1 -0.174182 0.159497 4.06666 
0 2 2.5 1 -0.100665 0.0518508 4.06666 
0 4 2.5 1 -0.136076 0.0441339 4.06666 
0 4 5 1 -0.131746 0.158016 4.06666 
0 2 5 1 -0.0960863 0.156771 4.06666 
0.5 0.5 -0.5 1 -0.0649995 -0.0603187 4.06666 
0.5 0.5 6 1 -0.0521439 0.195518 4.06666 
10.5 0.5 -0.5 1 0.341657 -0.112844 4.06666 
10.5 0.5 6 1 0.375346 0.173791 4.06666 
10.5 10.5 -0.5 1 0.360324 -0.291249 4.06666 
10.5 10.5 6 1 0.421053 0.197529 4.06666 
0.5 10.5 -0.5 1 -0.284274 -0.177324 4.06666 
0.5 10.5 6 1 -0.278275 0.228226 4.06666 
0.5 5.5 9.5 1 -0.131888 0.39073 4.06666 
10.5 5.5 9.5 1 0.417499 0.395552 4.06666 
0.5 6.5 -0.5 1 -0.171889 -0.117355 4.06666 
0.5 8.5 -0.5 1 -0.222267 -0.144237 4.06666 
0.5 8.5 4.5 1 -0.215392 0.13122 4.06666 
0.5 6.5 4.5 1 -0.163616 0.132313 4.06666 
0.5 2.5 2 1 -0.0903012 0.0270421 4.06666 
0.5 4.5 2 1 -0.125684 0.0169683 4.06666 
0.5 4.5 4.5 1 -0.121051 0.133213 4.06666 
0.5 2.5 4.5 1 -0.0854386 0.133965 4.06666 
