0 0 0 1 -0.438346 -0.431024 6.83333 
0 0 6.5 1 -0.450976 -0.0948932 6.83333 
10 0 0 1 -0.00318944 -0.330808 6.83333 
10 0 6.5 1 -0.0247321 -0.0688929 6.83333 
10 10 0 1 0.320951 -0.417444 6.83333 
10 10 6.5 1 0.276051 -0.0243966 6.83333 
0 10 0 1 -0.284356 -0.63617 6.83333 
0 10 6.5 1 -0.314934 -0.0483311 6.83333 
0 5 10 1 -0.41008 0.137749 6.83333 
10 5 10 1 0.0808672 0.110098 6.83333 
0 6 0 1 -0.367435 -0.525492 6.83333 
0 8 0 1 -0.33136 -0.573551 6.83333 
0 8 5 1 -0.35033 -0.175614 6.83333 
0 6 5 1 -0.383011 -0.17388 6.83333 
0 2 2.5 1 -0.424869 -0.311896 6.83333 
0 4 2.5 1 -0.402652 -0.327446 6.83333 
0 4 5 1 -0.409099 -0.172496 6.83333 
0 2 5 1 -0.430407 -0.171366 6.83333 
0.5 0.5 -0.5 1 -0.404767 -0.457481 6.83333 
0.5 0.5 6 1 -0.418673 -0.117083 6.83333 
10.5 0.5 -0.5 1 0.0265005 -0.350624 6.83333 
10.5 0.5 6 1 0.00399091 -0.0861185 6.83333 
10.5 10.5 -0.5 1 0.36986 -0.448502 6.83333 
10.5 10.5 6 1 0.322471 -0.049597 6.83333 
0.5 10.5 -0.5 1 -0.222055 -0.686797 6.83333 
0.5 10.5 6 1 -0.256838 -0.0858216 6.83333 
0.5 5.5 9.5 1 -0.369601 0.11317 6.83333 
10.5 5.5 9.5 1 0.115664 0.0914721 6.83333 
0.5 6.5 -0.5 1 -0.320987 -0.562631 6.83333 
0.5 8.5 -0.5 1 -0.278132 -0.616417 6.83333 
0.5 8.5 4.5 1 -0.299527 -0.210688 6.83333 
0.5 6.5 4.5 1 -0.338426 -0.204943 6.83333 
0.5 2.5 2 1 -0.388478 -0.339119 6.83333 
0.5 4.5 2 1 -0.362211 -0.357685 6.83333 
0.5 4.5 4.5 1 -0.369382 -0.200372 6.83333 
0.5 2.5 4.5 1 -0.394604 -0.196647 6.83333 
