0 0 0 1 -0.231198 -0.0152414 5.26666 
0 0 6.5 1 -0.255997 0.252338 5.26666 
10 0 0 1 0.162058 0.0110766 5.26666 
10 0 6.5 1 0.155623 0.270885 5.26666 
10 10 0 1 0.319805 -0.0849348 5.26666 
10 10 6.5 1 0.3208 0.339597 5.26666 
0 10 0 1 -0.320213 -0.133578 5.26666 
0 10 6.5 1 -0.369361 0.312103 5.26666 
0 5 10 1 -0.317495 0.471133 5.26666 
10 5 10 1 0.214947 0.485591 5.26666 
0 6 0 1 -0.273595 -0.0716036 5.26666 
0 8 0 1 -0.294224 -0.099029 5.26666 
0 8 5 1 -0.325514 0.198785 5.26666 
0 6 5 1 -0.300549 0.195356 5.26666 
0 2 2.5 1 -0.253216 0.0776787 5.26666 
0 4 2.5 1 -0.268391 0.0691598 5.26666 
0 4 5 1 -0.280447 0.192594 5.26666 
0 2 5 1 -0.263912 0.190322 5.26666 
0.5 0.5 -0.5 1 -0.211471 -0.0374701 5.26666 
0.5 0.5 6 1 -0.235732 0.23323 5.26666 
10.5 0.5 -0.5 1 0.186798 -0.0100522 5.26666 
10.5 0.5 6 1 0.181386 0.252704 5.26666 
10.5 10.5 -0.5 1 0.363832 -0.121629 5.26666 
10.5 10.5 6 1 0.368197 0.31082 5.26666 
0.5 10.5 -0.5 1 -0.289562 -0.173526 5.26666 
0.5 10.5 6 1 -0.337556 0.280854 5.26666 
0.5 5.5 9.5 1 -0.292276 0.450621 5.26666 
10.5 5.5 9.5 1 0.249401 0.466259 5.26666 
0.5 6.5 -0.5 1 -0.248476 -0.101943 5.26666 
0.5 8.5 -0.5 1 -0.266606 -0.133531 5.26666 
0.5 8.5 4.5 1 -0.297143 0.169295 5.26666 
0.5 6.5 4.5 1 -0.274791 0.169042 5.26666 
0.5 2.5 2 1 -0.23173 0.0545878 5.26666 
0.5 4.5 2 1 -0.245092 0.043673 5.26666 
0.5 4.5 4.5 1 -0.256873 0.168839 5.26666 
0.5 2.5 4.5 1 -0.242188 0.168672 5.26666 
