0 0 0 1 0.22119 -0.391812 1.3 
0 0 6.5 1 0.201316 -0.0858971 1.3 
10 0 0 1 0.706506 -0.528496 1.3 
10 0 6.5 1 0.628333 -0.00479114 1.3 
10 10 0 1 -0.0703317 -0.714866 1.3 
10 10 6.5 1 -0.0790442 0.047245 1.3 
0 10 0 1 -0.260493 -0.450336 1.3 
0 10 6.5 1 -0.252208 -0.0761871 1.3 
0 5 10 1 -0.00809777 0.0833432 1.3 
10 5 10 1 0.308651 0.298398 1.3 
0 6 0 1 -0.0439245 -0.424023 1.3 
0 8 0 1 -0.147539 -0.436612 1.3 
0 8 5 1 -0.147013 -0.156939 1.3 
0 6 5 1 -0.0484258 -0.155961 1.3 
0 2 2.5 1 0.133228 -0.275139 1.3 
0 4 2.5 1 0.0469761 -0.280683 1.3 
0 4 5 1 0.0426973 -0.155058 1.3 
0 2 5 1 0.127173 -0.15422 1.3 
0.5 0.5 -0.5 1 0.216959 -0.424175 1.3 
0.5 0.5 6 1 0.196649 -0.105957 1.3 
10.5 0.5 -0.5 1 0.730362 -0.595172 1.3 
10.5 0.5 6 1 0.645285 -0.0343523 1.3 
10.5 10.5 -0.5 1 -0.110408 -0.83426 1.3 
10.5 10.5 6 1 -0.114182 0.00896645 1.3 
0.5 10.5 -0.5 1 -0.287278 -0.492938 1.3 
0.5 10.5 6 1 -0.276774 -0.100235 1.3 
0.5 5.5 9.5 1 -0.0206556 0.0681682 1.3 
10.5 5.5 9.5 1 0.306747 0.28521 1.3 
0.5 6.5 -0.5 1 -0.0595455 -0.461882 1.3 
0.5 8.5 -0.5 1 -0.168292 -0.476712 1.3 
0.5 8.5 4.5 1 -0.166657 -0.183611 1.3 
0.5 6.5 4.5 1 -0.0634375 -0.181505 1.3 
0.5 2.5 2 1 0.1257 -0.303695 1.3 
0.5 4.5 2 1 0.0358463 -0.3106 1.3 
0.5 4.5 4.5 1 0.0316762 -0.179565 1.3 
0.5 2.5 4.5 1 0.119603 -0.177771 1.3 
