0 0 0 1 0.180838 -0.397348 1.66667 
0 0 6.5 1 0.173429 -0.0999639 1.66667 
10 0 0 1 0.670933 -0.525148 1.66667 
10 0 6.5 1 0.616235 -0.0442634 1.66667 
10 10 0 1 0.0375962 -0.70258 1.66667 
10 10 6.5 1 0.0388944 0.0433878 1.66667 
0 10 0 1 -0.277071 -0.449001 1.66667 
0 10 6.5 1 -0.254202 -0.0680713 1.66667 
0 5 10 1 -0.0130398 0.07731 1.66667 
10 5 10 1 0.36739 0.257316 1.66667 
0 6 0 1 -0.0654321 -0.425128 1.66667 
0 8 0 1 -0.165468 -0.436412 1.66667 
0 8 5 1 -0.154343 -0.154632 1.66667 
0 6 5 1 -0.0598245 -0.157785 1.66667 
0 2 2.5 1 0.105092 -0.281685 1.66667 
0 4 2.5 1 0.0252973 -0.284715 1.66667 
0 4 5 1 0.0258216 -0.160642 1.66667 
0 2 5 1 0.103788 -0.163243 1.66667 
0.5 0.5 -0.5 1 0.178588 -0.428579 1.66667 
0.5 0.5 6 1 0.171053 -0.119187 1.66667 
10.5 0.5 -0.5 1 0.697058 -0.585217 1.66667 
10.5 0.5 6 1 0.636914 -0.072157 1.66667 
10.5 10.5 -0.5 1 0.0171341 -0.818606 1.66667 
10.5 10.5 6 1 0.0214715 0.00777316 1.66667 
0.5 10.5 -0.5 1 -0.30174 -0.49214 1.66667 
0.5 10.5 6 1 -0.276049 -0.091284 1.66667 
0.5 5.5 9.5 1 -0.0225678 0.063055 1.66667 
10.5 5.5 9.5 1 0.375298 0.244488 1.66667 
0.5 6.5 -0.5 1 -0.0784742 -0.462595 1.66667 
0.5 8.5 -0.5 1 -0.183733 -0.476524 1.66667 
0.5 8.5 4.5 1 -0.171142 -0.180634 1.66667 
0.5 6.5 4.5 1 -0.0719675 -0.182581 1.66667 
0.5 2.5 2 1 0.0999639 -0.309339 1.66667 
0.5 4.5 2 1 0.0167883 -0.313869 1.66667 
0.5 4.5 4.5 1 0.0175418 -0.184339 1.66667 
0.5 2.5 4.5 1 0.0987331 -0.185934 1.66667 
