0 0 0 1 -0.349499 -0.295781 6.26666 
0 0 6.5 1 -0.379375 -0.0016683 6.26666 
10 0 0 1 0.0574491 -0.215396 6.26666 
10 0 6.5 1 0.0323908 0.0346817 6.26666 
10 10 0 1 0.321077 -0.313265 6.26666 
10 10 6.5 1 0.282464 0.0753572 6.26666 
0 10 0 1 -0.299626 -0.481369 6.26666 
0 10 6.5 1 -0.35102 0.0250873 6.26666 
0 5 10 1 -0.389348 0.208913 6.26666 
10 5 10 1 0.113895 0.214727 6.26666 
0 6 0 1 -0.326279 -0.382186 6.26666 
0 8 0 1 -0.314634 -0.425521 6.26666 
0 8 5 1 -0.349178 -0.0852112 6.26666 
0 6 5 1 -0.356962 -0.0799926 6.26666 
0 2 2.5 1 -0.355709 -0.195918 6.26666 
0 4 2.5 1 -0.349371 -0.211765 6.26666 
0 4 5 1 -0.363176 -0.0758264 6.26666 
0 2 5 1 -0.368252 -0.0724234 6.26666 
0.5 0.5 -0.5 1 -0.321483 -0.319329 6.26666 
0.5 0.5 6 1 -0.351698 -0.0216414 6.26666 
10.5 0.5 -0.5 1 0.0854447 -0.234546 6.26666 
10.5 0.5 6 1 0.0601498 0.018112 6.26666 
10.5 10.5 -0.5 1 0.369101 -0.344778 6.26666 
10.5 10.5 6 1 0.329924 0.0501105 6.26666 
0.5 10.5 -0.5 1 -0.249899 -0.526215 6.26666 
0.5 10.5 6 1 -0.302301 -0.00906522 6.26666 
0.5 5.5 9.5 1 -0.354338 0.18681 6.26666 
10.5 5.5 9.5 1 0.148807 0.196785 6.26666 
0.5 6.5 -0.5 1 -0.288313 -0.415194 6.26666 
0.5 8.5 -0.5 1 -0.271574 -0.463572 6.26666 
0.5 8.5 4.5 1 -0.306709 -0.117002 6.26666 
0.5 6.5 4.5 1 -0.319461 -0.108074 6.26666 
0.5 2.5 2 1 -0.325165 -0.220326 6.26666 
0.5 4.5 2 1 -0.315611 -0.238903 6.26666 
0.5 4.5 4.5 1 -0.329603 -0.100974 6.26666 
0.5 2.5 4.5 1 -0.337863 -0.0951911 6.26666 
