0 0 0 1 0.278158 -0.287193 15.7668 
0 0 6.5 1 0.319773 0.11373 15.7668 
10 0 0 1 -0.37574 -0.268681 15.7668 
10 0 6.5 1 -0.330523 0.202203 15.7668 
10 10 0 1 -0.320952 -0.142587 15.7668 
10 10 6.5 1 -0.29432 0.13331 15.7668 
0 10 0 1 0.0823778 -0.165779 15.7668 
0 10 6.5 1 0.107742 0.0845266 15.7668 
0 5 10 1 0.206234 0.262627 15.7668 
10 5 10 1 -0.289518 0.347277 15.7668 
0 6 0 1 0.13993 -0.20147 15.7668 
0 8 0 1 0.108818 -0.182176 15.7668 
0 8 5 1 0.129967 0.0258553 15.7668 
0 6 5 1 0.163037 0.0249406 15.7668 
0 2 2.5 1 0.236343 -0.115206 15.7668 
0 4 2.5 1 0.189786 -0.100511 15.7668 
0 4 5 1 0.202536 0.023848 15.7668 
0 2 5 1 0.250542 0.0225201 15.7668 
0.5 0.5 -0.5 1 0.232484 -0.306924 15.7668 
0.5 0.5 6 1 0.272945 0.0848374 15.7668 
10.5 0.5 -0.5 1 -0.41191 -0.292228 15.7668 
10.5 0.5 6 1 -0.368086 0.166068 15.7668 
10.5 10.5 -0.5 1 -0.34325 -0.158514 15.7668 
10.5 10.5 6 1 -0.317106 0.113013 15.7668 
0.5 10.5 -0.5 1 0.0563865 -0.179928 15.7668 
0.5 10.5 6 1 0.0813136 0.0667747 15.7668 
0.5 5.5 9.5 1 0.171996 0.23767 15.7668 
10.5 5.5 9.5 1 -0.318309 0.317498 15.7668 
0.5 6.5 -0.5 1 0.108464 -0.217485 15.7668 
0.5 8.5 -0.5 1 0.0803433 -0.197205 15.7668 
0.5 8.5 4.5 1 0.101099 0.00759457 15.7668 
0.5 6.5 4.5 1 0.131101 0.00510422 15.7668 
0.5 2.5 2 1 0.196252 -0.136361 15.7668 
0.5 4.5 2 1 0.154365 -0.119918 15.7668 
0.5 4.5 4.5 1 0.166831 0.00213853 15.7668 
0.5 2.5 4.5 1 0.210099 -0.00145294 15.7668 
