0 0 0 1 -0.519038 -0.445867 7.26666 
0 0 6.5 1 -0.508038 -0.0749602 7.26666 
10 0 0 1 -0.0606711 -0.353416 7.26666 
10 0 6.5 1 -0.0722605 -0.0821168 7.26666 
10 10 0 1 0.304132 -0.415651 7.26666 
10 10 6.5 1 0.26519 -0.0249881 7.26666 
0 10 0 1 -0.261258 -0.617135 7.26666 
0 10 6.5 1 -0.267898 0.0201965 7.26666 
0 5 10 1 -0.414875 0.185931 7.26666 
10 5 10 1 0.0563167 0.100773 7.26666 
0 6 0 1 -0.399913 -0.525013 7.26666 
0 8 0 1 -0.339586 -0.565094 7.26666 
0 8 5 1 -0.338914 -0.127819 7.26666 
0 6 5 1 -0.395698 -0.137372 7.26666 
0 2 2.5 1 -0.482778 -0.305361 7.26666 
0 4 2.5 1 -0.44452 -0.314289 7.26666 
0 4 5 1 -0.441411 -0.145063 7.26666 
0 2 5 1 -0.479003 -0.151387 7.26666 
0.5 0.5 -0.5 1 -0.480892 -0.474958 7.26666 
0.5 0.5 6 1 -0.472042 -0.0996521 7.26666 
10.5 0.5 -0.5 1 -0.0302787 -0.374104 7.26666 
10.5 0.5 6 1 -0.0432474 -0.100447 7.26666 
10.5 10.5 -0.5 1 0.351423 -0.446315 7.26666 
10.5 10.5 6 1 0.309252 -0.0507451 7.26666 
0.5 10.5 -0.5 1 -0.190775 -0.670542 7.26666 
0.5 10.5 6 1 -0.204429 -0.0201633 7.26666 
0.5 5.5 9.5 1 -0.370628 0.158429 7.26666 
10.5 5.5 9.5 1 0.0903366 0.0809087 7.26666 
0.5 6.5 -0.5 1 -0.34724 -0.56506 7.26666 
0.5 8.5 -0.5 1 -0.279283 -0.610874 7.26666 
0.5 8.5 4.5 1 -0.282701 -0.165686 7.26666 
0.5 6.5 4.5 1 -0.346172 -0.171203 7.26666 
0.5 2.5 2 1 -0.441803 -0.335224 7.26666 
0.5 4.5 2 1 -0.399054 -0.347252 7.26666 
0.5 4.5 4.5 1 -0.397158 -0.175634 7.26666 
0.5 2.5 4.5 1 -0.439015 -0.179271 7.26666 
