0 0 0 1 0.148223 -0.413936 1.93333 
0 0 6.5 1 0.150234 -0.121598 1.93333 
10 0 0 1 0.635599 -0.555271 1.93333 
10 0 6.5 1 0.600601 -0.0994852 1.93333 
10 10 0 1 0.103888 -0.758769 1.93333 
10 10 6.5 1 0.114114 -0.0190615 1.93333 
0 10 0 1 -0.290411 -0.471904 1.93333 
0 10 6.5 1 -0.25822 -0.0842637 1.93333 
0 5 10 1 -0.0198813 0.0584199 1.93333 
10 5 10 1 0.400248 0.193126 1.93333 
0 6 0 1 -0.08384 -0.444605 1.93333 
0 8 0 1 -0.180636 -0.457397 1.93333 
0 8 5 1 -0.162418 -0.17331 1.93333 
0 6 5 1 -0.0711707 -0.177126 1.93333 
0 2 2.5 1 0.0813708 -0.300771 1.93333 
0 4 2.5 1 0.00633812 -0.304031 1.93333 
0 4 5 1 0.0103411 -0.180534 1.93333 
0 2 5 1 0.0835961 -0.183597 1.93333 
0.5 0.5 -0.5 1 0.147164 -0.44542 1.93333 
0.5 0.5 6 1 0.149299 -0.141437 1.93333 
10.5 0.5 -0.5 1 0.661968 -0.613722 1.93333 
10.5 0.5 6 1 0.622953 -0.129046 1.93333 
10.5 10.5 -0.5 1 0.0966224 -0.878851 1.93333 
10.5 10.5 6 1 0.108688 -0.0599835 1.93333 
0.5 10.5 -0.5 1 -0.313202 -0.517279 1.93333 
0.5 10.5 6 1 -0.277949 -0.108896 1.93333 
0.5 5.5 9.5 1 -0.0273234 0.0432917 1.93333 
10.5 5.5 9.5 1 0.414031 0.176609 1.93333 
0.5 6.5 -0.5 1 -0.0950025 -0.48322 1.93333 
0.5 8.5 -0.5 1 -0.196935 -0.499131 1.93333 
0.5 8.5 4.5 1 -0.17709 -0.200632 1.93333 
0.5 6.5 4.5 1 -0.081276 -0.203 1.93333 
0.5 2.5 2 1 0.0777938 -0.329038 1.93333 
0.5 4.5 2 1 -0.000388028 -0.334029 1.93333 
0.5 4.5 4.5 1 0.00392296 -0.205106 1.93333 
0.5 2.5 4.5 1 0.0801779 -0.20699 1.93333 
