0 0 0 1 0.345404 -0.642483 14.6667 
0 0 6.5 1 0.341079 -0.14837 14.6667 
10 0 0 1 -0.374299 -0.573682 14.6667 
10 0 6.5 1 -0.326244 -0.117529 14.6667 
10 10 0 1 -0.182446 -0.413468 14.6667 
10 10 6.5 1 -0.161551 -0.141603 14.6667 
0 10 0 1 0.240243 -0.44591 14.6667 
0 10 6.5 1 0.242523 -0.160978 14.6667 
0 5 10 1 0.279601 0.0215418 14.6667 
10 5 10 1 -0.20929 0.0359161 14.6667 
0 6 0 1 0.269399 -0.500411 14.6667 
0 8 0 1 0.253468 -0.470631 14.6667 
0 8 5 1 0.254882 -0.228373 14.6667 
0 6 5 1 0.270268 -0.233158 14.6667 
0 2 2.5 1 0.312898 -0.409969 14.6667 
0 4 2.5 1 0.288977 -0.384349 14.6667 
0 4 5 1 0.288993 -0.238981 14.6667 
0 2 5 1 0.312277 -0.246222 14.6667 
0.5 0.5 -0.5 1 0.299428 -0.662223 14.6667 
0.5 0.5 6 1 0.298693 -0.181781 14.6667 
10.5 0.5 -0.5 1 -0.394864 -0.594168 14.6667 
10.5 0.5 6 1 -0.346742 -0.149658 14.6667 
10.5 10.5 -0.5 1 -0.198365 -0.428753 14.6667 
10.5 10.5 6 1 -0.177148 -0.161046 14.6667 
0.5 10.5 -0.5 1 0.215446 -0.461235 14.6667 
0.5 10.5 6 1 0.218806 -0.180875 14.6667 
0.5 5.5 9.5 1 0.250047 -0.00664227 14.6667 
10.5 5.5 9.5 1 -0.227006 0.00878291 14.6667 
0.5 6.5 -0.5 1 0.23897 -0.517533 14.6667 
0.5 8.5 -0.5 1 0.226139 -0.486827 14.6667 
0.5 8.5 4.5 1 0.22857 -0.248868 14.6667 
0.5 6.5 4.5 1 0.241095 -0.255508 14.6667 
0.5 2.5 2 1 0.274653 -0.433353 14.6667 
0.5 4.5 2 1 0.255479 -0.405844 14.6667 
0.5 4.5 4.5 1 0.256272 -0.263554 14.6667 
0.5 2.5 4.5 1 0.275042 -0.273504 14.6667 
