0 0 0 1 -0.712227 -0.512868 8.83334 
0 0 6.5 1 -0.630441 0.0170452 8.83334 
10 0 0 1 -0.240643 -0.352802 8.83334 
10 0 6.5 1 -0.208569 -0.0503243 8.83334 
10 10 0 1 0.234645 -0.444341 8.83334 
10 10 6.5 1 0.254355 -0.0802696 8.83334 
0 10 0 1 0.0818795 -0.770154 8.83334 
0 10 6.5 1 0.133179 -0.0169808 8.83334 
0 5 10 1 -0.274349 0.305227 8.83334 
10 5 10 1 0.0164948 0.104389 8.83334 
0 6 0 1 -0.303721 -0.645222 8.83334 
0 8 0 1 -0.125726 -0.702891 8.83334 
0 8 5 1 -0.0767053 -0.15947 8.83334 
0 6 5 1 -0.248619 -0.141552 8.83334 
0 2 2.5 1 -0.561321 -0.326569 8.83334 
0 4 2.5 1 -0.427647 -0.35462 8.83334 
0 4 5 1 -0.398777 -0.125902 8.83334 
0 2 5 1 -0.531062 -0.112115 8.83334 
0.5 0.5 -0.5 1 -0.650403 -0.55031 8.83334 
0.5 0.5 6 1 -0.573476 -0.0276523 8.83334 
10.5 0.5 -0.5 1 -0.210352 -0.375888 8.83334 
10.5 0.5 6 1 -0.179587 -0.0757786 8.83334 
10.5 10.5 -0.5 1 0.264852 -0.470811 8.83334 
10.5 10.5 6 1 0.283158 -0.110181 8.83334 
0.5 10.5 -0.5 1 0.147956 -0.816025 8.83334 
0.5 10.5 6 1 0.192993 -0.0775822 8.83334 
0.5 5.5 9.5 1 -0.217615 0.249533 8.83334 
10.5 5.5 9.5 1 0.044928 0.0755468 8.83334 
0.5 6.5 -0.5 1 -0.23817 -0.687512 8.83334 
0.5 8.5 -0.5 1 -0.0595733 -0.746954 8.83334 
0.5 8.5 4.5 1 -0.015332 -0.213527 8.83334 
0.5 6.5 4.5 1 -0.18763 -0.192419 8.83334 
0.5 2.5 2 1 -0.50016 -0.368972 8.83334 
0.5 4.5 2 1 -0.365344 -0.399141 8.83334 
0.5 4.5 4.5 1 -0.338561 -0.173928 8.83334 
0.5 2.5 4.5 1 -0.471866 -0.157597 8.83334 
