0 0 0 1 -0.115334 -0.0349696 4.4 
0 0 6.5 1 -0.113175 0.21693 4.4 
10 0 0 1 0.275585 -0.0643238 4.4 
10 0 6.5 1 0.298531 0.205906 4.4 
10 10 0 1 0.324454 -0.226759 4.4 
10 10 6.5 1 0.367987 0.219535 4.4 
0 10 0 1 -0.29709 -0.162636 4.4 
0 10 6.5 1 -0.307997 0.235797 4.4 
0 5 10 1 -0.188423 0.406305 4.4 
10 5 10 1 0.342164 0.411434 4.4 
0 6 0 1 -0.20396 -0.0972213 4.4 
0 8 0 1 -0.245713 -0.126549 4.4 
0 8 5 1 -0.250314 0.143596 4.4 
0 6 5 1 -0.2061 0.147816 4.4 
0 2 2.5 1 -0.139835 0.0488293 4.4 
0 4 2.5 1 -0.16957 0.0367789 4.4 
0 4 5 1 -0.169791 0.151282 4.4 
0 2 5 1 -0.13944 0.15418 4.4 
0.5 0.5 -0.5 1 -0.102848 -0.059301 4.4 
0.5 0.5 6 1 -0.100025 0.196283 4.4 
10.5 0.5 -0.5 1 0.296818 -0.0911005 4.4 
10.5 0.5 6 1 0.321389 0.183364 4.4 
10.5 10.5 -0.5 1 0.361515 -0.27685 4.4 
10.5 10.5 6 1 0.410086 0.181005 4.4 
0.5 10.5 -0.5 1 -0.282559 -0.205167 4.4 
0.5 10.5 6 1 -0.292626 0.202502 4.4 
0.5 5.5 9.5 1 -0.173395 0.384491 4.4 
10.5 5.5 9.5 1 0.373454 0.387448 4.4 
0.5 6.5 -0.5 1 -0.189996 -0.130036 4.4 
0.5 8.5 -0.5 1 -0.231369 -0.163617 4.4 
0.5 8.5 4.5 1 -0.235311 0.112009 4.4 
0.5 6.5 4.5 1 -0.1915 0.119513 4.4 
0.5 2.5 2 1 -0.126573 0.0237216 4.4 
0.5 4.5 2 1 -0.155783 0.00915826 4.4 
0.5 4.5 4.5 1 -0.1557 0.125646 4.4 
0.5 2.5 4.5 1 -0.125897 0.130751 4.4 
