0 0 0 1 0.258981 -0.0994604 17.9667 
0 0 6.5 1 0.250448 0.263162 17.9667 
10 0 0 1 -0.105643 -0.328739 17.9667 
10 0 6.5 1 -0.159845 0.31346 17.9667 
10 10 0 1 -0.560898 -0.185533 17.9667 
10 10 6.5 1 -0.62396 0.219684 17.9667 
0 10 0 1 -0.136035 -0.0586185 17.9667 
0 10 6.5 1 -0.159374 0.214045 17.9667 
0 5 10 1 0.00522593 0.415677 17.9667 
10 5 10 1 -0.485713 0.557657 17.9667 
0 6 0 1 -0.00348868 -0.0723229 17.9667 
0 8 0 1 -0.0731401 -0.0651214 17.9667 
0 8 5 1 -0.0896884 0.153288 17.9667 
0 6 5 1 -0.0184261 0.157982 17.9667 
0 2 2.5 1 0.156022 0.0373141 17.9667 
0 4 2.5 1 0.0677744 0.0391441 17.9667 
0 4 5 1 0.0612371 0.16323 17.9667 
0 2 5 1 0.15088 0.169134 17.9667 
0.5 0.5 -0.5 1 0.223107 -0.129706 17.9667 
0.5 0.5 6 1 0.212496 0.231701 17.9667 
10.5 0.5 -0.5 1 -0.169643 -0.382508 17.9667 
10.5 0.5 6 1 -0.230768 0.255704 17.9667 
10.5 10.5 -0.5 1 -0.602518 -0.219691 17.9667 
10.5 10.5 6 1 -0.668397 0.183962 17.9667 
0.5 10.5 -0.5 1 -0.16361 -0.0814793 17.9667 
0.5 10.5 6 1 -0.188159 0.190496 17.9667 
0.5 5.5 9.5 1 -0.0284199 0.388237 17.9667 
10.5 5.5 9.5 1 -0.542923 0.512149 17.9667 
0.5 6.5 -0.5 1 -0.0338768 -0.097658 17.9667 
0.5 8.5 -0.5 1 -0.102053 -0.0891558 17.9667 
0.5 8.5 4.5 1 -0.119617 0.128671 17.9667 
0.5 6.5 4.5 1 -0.049938 0.131999 17.9667 
0.5 2.5 2 1 0.121498 0.00850007 17.9667 
0.5 4.5 2 1 0.0351403 0.0120007 17.9667 
0.5 4.5 4.5 1 0.0279658 0.135719 17.9667 
0.5 2.5 4.5 1 0.115642 0.139907 17.9667 
