0 0 0 1 -0.266192 -0.0502497 5.53333 
0 0 6.5 1 -0.296302 0.221785 5.53333 
10 0 0 1 0.128583 -0.0106088 5.53333 
10 0 6.5 1 0.114349 0.244913 5.53333 
10 10 0 1 0.314685 -0.0918984 5.53333 
10 10 6.5 1 0.302103 0.321765 5.53333 
0 10 0 1 -0.323822 -0.167358 5.53333 
0 10 6.5 1 -0.379157 0.291403 5.53333 
0 5 10 1 -0.34944 0.445152 5.53333 
10 5 10 1 0.177169 0.455863 5.53333 
0 6 0 1 -0.293454 -0.105648 5.53333 
0 8 0 1 -0.306842 -0.132853 5.53333 
0 8 5 1 -0.342879 0.173439 5.53333 
0 6 5 1 -0.325022 0.168043 5.53333 
0 2 2.5 1 -0.28613 0.0455981 5.53333 
0 4 2.5 1 -0.296426 0.0379408 5.53333 
0 4 5 1 -0.3107 0.163715 5.53333 
0 2 5 1 -0.298957 0.160166 5.53333 
0.5 0.5 -0.5 1 -0.244301 -0.072107 5.53333 
0.5 0.5 6 1 -0.274014 0.203069 5.53333 
10.5 0.5 -0.5 1 0.154265 -0.0305355 5.53333 
10.5 0.5 6 1 0.140753 0.227762 5.53333 
10.5 10.5 -0.5 1 0.360131 -0.125817 5.53333 
10.5 10.5 6 1 0.349942 0.295171 5.53333 
0.5 10.5 -0.5 1 -0.288265 -0.207009 5.53333 
0.5 10.5 6 1 -0.342648 0.260746 5.53333 
0.5 5.5 9.5 1 -0.321434 0.425037 5.53333 
10.5 5.5 9.5 1 0.211961 0.437648 5.53333 
0.5 6.5 -0.5 1 -0.264995 -0.135604 5.53333 
0.5 8.5 -0.5 1 -0.275225 -0.166995 5.53333 
0.5 8.5 4.5 1 -0.310662 0.144478 5.53333 
0.5 6.5 4.5 1 -0.296066 0.14222 5.53333 
0.5 2.5 2 1 -0.262236 0.0229231 5.53333 
0.5 4.5 2 1 -0.270344 0.012891 5.53333 
0.5 4.5 4.5 1 -0.284409 0.140416 5.53333 
0.5 2.5 4.5 1 -0.274885 0.138943 5.53333 
