0 0 0 1 -0.221961 -0.0120588 5.2 
0 0 6.5 1 -0.245057 0.254184 5.2 
10 0 0 1 0.170839 0.010694 5.2 
10 0 6.5 1 0.166587 0.271297 5.2 
10 10 0 1 0.3211 -0.0911138 5.2 
10 10 6.5 1 0.325655 0.335203 5.2 
0 10 0 1 -0.318297 -0.132623 5.2 
0 10 6.5 1 -0.36524 0.308985 5.2 
0 5 10 1 -0.308073 0.470447 5.2 
10 5 10 1 0.225085 0.485509 5.2 
0 6 0 1 -0.267933 -0.0695932 5.2 
0 8 0 1 -0.290245 -0.0975158 5.2 
0 8 5 1 -0.319929 0.197792 5.2 
0 6 5 1 -0.293364 0.195387 5.2 
0 2 2.5 1 -0.244305 0.0798077 5.2 
0 4 2.5 1 -0.260619 0.0707495 5.2 
0 4 5 1 -0.271945 0.193448 5.2 
0 2 5 1 -0.254308 0.191851 5.2 
0.5 0.5 -0.5 1 -0.202788 -0.0344416 5.2 
0.5 0.5 6 1 -0.22532 0.234921 5.2 
10.5 0.5 -0.5 1 0.195317 -0.0108085 5.2 
10.5 0.5 6 1 0.192155 0.25279 5.2 
10.5 10.5 -0.5 1 0.36468 -0.128673 5.2 
10.5 10.5 6 1 0.372817 0.305704 5.2 
0.5 10.5 -0.5 1 -0.288891 -0.172778 5.2 
0.5 10.5 6 1 -0.334663 0.277451 5.2 
0.5 5.5 9.5 1 -0.283594 0.449749 5.2 
10.5 5.5 9.5 1 0.259388 0.465796 5.2 
0.5 6.5 -0.5 1 -0.243668 -0.100121 5.2 
0.5 8.5 -0.5 1 -0.263645 -0.132217 5.2 
0.5 8.5 4.5 1 -0.292558 0.168063 5.2 
0.5 6.5 4.5 1 -0.268438 0.168862 5.2 
0.5 2.5 2 1 -0.22344 0.0565468 5.2 
0.5 4.5 2 1 -0.238039 0.0450774 5.2 
0.5 4.5 4.5 1 -0.249078 0.169504 5.2 
0.5 2.5 4.5 1 -0.233194 0.17003 5.2 
