0 0 0 1 0.25568 -0.179598 16.7001 
0 0 6.5 1 0.293371 0.193211 16.7001 
10 0 0 1 -0.323298 -0.280176 16.7001 
10 0 6.5 1 -0.323287 0.244242 16.7001 
10 10 0 1 -0.429968 -0.0872762 16.7001 
10 10 6.5 1 -0.435708 0.226229 16.7001 
0 10 0 1 -0.0180124 -0.0561975 16.7001 
0 10 6.5 1 -0.00484788 0.19603 16.7001 
0 5 10 1 0.126534 0.370222 16.7001 
10 5 10 1 -0.397243 0.467163 16.7001 
0 6 0 1 0.0670346 -0.094543 16.7001 
0 8 0 1 0.021567 -0.0740428 16.7001 
0 8 5 1 0.0337051 0.131208 16.7001 
0 6 5 1 0.081833 0.125776 16.7001 
0 2 2.5 1 0.192883 -0.0200065 16.7001 
0 4 2.5 1 0.128729 -0.00184305 16.7001 
0 4 5 1 0.138014 0.119437 16.7001 
0 2 5 1 0.204454 0.111939 16.7001 
0.5 0.5 -0.5 1 0.212594 -0.200699 16.7001 
0.5 0.5 6 1 0.24695 0.165096 16.7001 
10.5 0.5 -0.5 1 -0.371602 -0.307455 16.7001 
10.5 0.5 6 1 -0.375995 0.203146 16.7001 
10.5 10.5 -0.5 1 -0.457885 -0.106071 16.7001 
10.5 10.5 6 1 -0.465037 0.202484 16.7001 
0.5 10.5 -0.5 1 -0.0446305 -0.0717296 16.7001 
0.5 10.5 6 1 -0.0327348 0.177284 16.7001 
0.5 5.5 9.5 1 0.0904599 0.344901 16.7001 
10.5 5.5 9.5 1 -0.436317 0.432063 16.7001 
0.5 6.5 -0.5 1 0.0355546 -0.111934 16.7001 
0.5 8.5 -0.5 1 -0.00728492 -0.0904542 16.7001 
0.5 8.5 4.5 1 0.00371871 0.112024 16.7001 
0.5 6.5 4.5 1 0.0490029 0.105192 16.7001 
0.5 2.5 2 1 0.153498 -0.0418309 16.7001 
0.5 4.5 2 1 0.0933185 -0.0221227 16.7001 
0.5 4.5 4.5 1 0.10177 0.0972304 16.7001 
0.5 2.5 4.5 1 0.16404 0.087835 16.7001 
