0 0 0 1 -0.518031 -0.316551 9.93335 
0 0 6.5 1 -0.494205 0.311412 9.93335 
10 0 0 1 -0.252617 -0.116811 9.93335 
10 0 6.5 1 -0.232277 0.203415 9.93335 
10 10 0 1 0.234893 -0.161931 9.93335 
10 10 6.5 1 0.2711 0.160236 9.93335 
0 10 0 1 0.432037 -0.40899 9.93335 
0 10 6.5 1 0.518049 0.226412 9.93335 
0 5 10 1 0.038786 0.644308 9.93335 
10 5 10 1 0.0340265 0.363536 9.93335 
0 6 0 1 0.0474638 -0.371572 9.93335 
0 8 0 1 0.238981 -0.390206 9.93335 
0 8 5 1 0.294435 0.0902487 9.93335 
0 6 5 1 0.0933424 0.107783 9.93335 
0 2 2.5 1 -0.317752 -0.101801 9.93335 
0 4 2.5 1 -0.124736 -0.119629 9.93335 
0 4 5 1 -0.106075 0.12517 9.93335 
0 2 5 1 -0.303838 0.142414 9.93335 
0.5 0.5 -0.5 1 -0.450834 -0.345643 9.93335 
0.5 0.5 6 1 -0.424174 0.248464 9.93335 
10.5 0.5 -0.5 1 -0.223917 -0.137239 9.93335 
10.5 0.5 6 1 -0.203222 0.173958 9.93335 
10.5 10.5 -0.5 1 0.251356 -0.181404 9.93335 
10.5 10.5 6 1 0.287119 0.131619 9.93335 
0.5 10.5 -0.5 1 0.453838 -0.434096 9.93335 
0.5 10.5 6 1 0.536705 0.166621 9.93335 
0.5 5.5 9.5 1 0.0834662 0.560801 9.93335 
10.5 5.5 9.5 1 0.0565889 0.329132 9.93335 
0.5 6.5 -0.5 1 0.0878514 -0.398312 9.93335 
0.5 8.5 -0.5 1 0.270148 -0.416136 9.93335 
0.5 8.5 4.5 1 0.32421 0.0385037 9.93335 
0.5 6.5 4.5 1 0.133259 0.0553484 9.93335 
0.5 2.5 2 1 -0.258698 -0.142284 9.93335 
0.5 4.5 2 1 -0.0750406 -0.159383 9.93335 
0.5 4.5 4.5 1 -0.0561823 0.0720599 9.93335 
0.5 2.5 4.5 1 -0.244132 0.0886399 9.93335 
