0 0 0 1 -0.353761 -0.307676 6.3 
0 0 6.5 1 -0.383079 -0.0115981 6.3 
10 0 0 1 0.054432 -0.225374 6.3 
10 0 6.5 1 0.0292749 0.0251258 6.3 
10 10 0 1 0.321767 -0.324014 6.3 
10 10 6.5 1 0.282401 0.0646035 6.3 
0 10 0 1 -0.298349 -0.49687 6.3 
0 10 6.5 1 -0.348968 0.0136746 6.3 
0 5 10 1 -0.390508 0.199105 6.3 
10 5 10 1 0.112004 0.204377 6.3 
0 6 0 1 -0.327984 -0.395687 6.3 
0 8 0 1 -0.315042 -0.439875 6.3 
0 8 5 1 -0.349051 -0.0967251 6.3 
0 6 5 1 -0.358163 -0.091093 6.3 
0 2 2.5 1 -0.359066 -0.207226 6.3 
0 4 2.5 1 -0.35188 -0.223447 6.3 
0 4 5 1 -0.365436 -0.0865975 6.3 
0 2 5 1 -0.371376 -0.0829261 6.3 
0.5 0.5 -0.5 1 -0.325437 -0.331381 6.3 
0.5 0.5 6 1 -0.355139 -0.0316883 6.3 
10.5 0.5 -0.5 1 0.0825389 -0.244551 6.3 
10.5 0.5 6 1 0.0571001 0.00853138 6.3 
10.5 10.5 -0.5 1 0.369901 -0.355515 6.3 
10.5 10.5 6 1 0.329842 0.0393527 6.3 
0.5 10.5 -0.5 1 -0.247901 -0.542107 6.3 
0.5 10.5 6 1 -0.299675 -0.0207195 6.3 
0.5 5.5 9.5 1 -0.355172 0.176857 6.3 
10.5 5.5 9.5 1 0.146926 0.186402 6.3 
0.5 6.5 -0.5 1 -0.289538 -0.428945 6.3 
0.5 8.5 -0.5 1 -0.271403 -0.478233 6.3 
0.5 8.5 4.5 1 -0.306088 -0.128732 6.3 
0.5 6.5 4.5 1 -0.320249 -0.119358 6.3 
0.5 2.5 2 1 -0.328192 -0.231791 6.3 
0.5 4.5 2 1 -0.31774 -0.250765 6.3 
0.5 4.5 4.5 1 -0.33151 -0.111903 6.3 
0.5 2.5 4.5 1 -0.340679 -0.105833 6.3 
