0 0 0 1 -0.681306 -0.404646 9.10001 
0 0 6.5 1 -0.607378 0.141841 9.10001 
10 0 0 1 -0.246945 -0.263554 9.10001 
10 0 6.5 1 -0.21395 0.0389709 9.10001 
10 10 0 1 0.233335 -0.342729 9.10001 
10 10 6.5 1 0.260663 0.00604224 9.10001 
0 10 0 1 0.179186 -0.612853 9.10001 
0 10 6.5 1 0.236959 0.105791 9.10001 
0 5 10 1 -0.204911 0.440999 9.10001 
10 5 10 1 0.0231113 0.192683 9.10001 
0 6 0 1 -0.222289 -0.515711 9.10001 
0 8 0 1 -0.0333403 -0.561429 9.10001 
0 8 5 1 0.0159242 -0.0363126 9.10001 
0 6 5 1 -0.169856 -0.0202332 9.10001 
0 2 2.5 1 -0.515046 -0.212226 9.10001 
0 4 2.5 1 -0.363623 -0.23682 9.10001 
0 4 5 1 -0.336679 -0.00579446 9.10001 
0 2 5 1 -0.487306 0.00724244 9.10001 
0.5 0.5 -0.5 1 -0.616609 -0.442287 9.10001 
0.5 0.5 6 1 -0.546671 0.091912 9.10001 
10.5 0.5 -0.5 1 -0.217146 -0.286508 9.10001 
10.5 0.5 6 1 -0.185174 0.0122159 9.10001 
10.5 10.5 -0.5 1 0.259679 -0.367783 9.10001 
10.5 10.5 6 1 0.286001 -0.0240588 9.10001 
0.5 10.5 -0.5 1 0.234681 -0.654898 9.10001 
0.5 10.5 6 1 0.288225 0.0426033 9.10001 
0.5 5.5 9.5 1 -0.148912 0.377705 9.10001 
10.5 5.5 9.5 1 0.049997 0.162156 9.10001 
0.5 6.5 -0.5 1 -0.160813 -0.556123 9.10001 
0.5 8.5 -0.5 1 0.0256862 -0.602701 9.10001 
0.5 8.5 4.5 1 0.0715873 -0.0922864 9.10001 
0.5 6.5 4.5 1 -0.111733 -0.0737491 9.10001 
0.5 2.5 2 1 -0.452544 -0.256257 9.10001 
0.5 4.5 2 1 -0.302191 -0.282382 9.10001 
0.5 4.5 4.5 1 -0.27686 -0.0570513 9.10001 
0.5 2.5 4.5 1 -0.426376 -0.0419323 9.10001 
