0 0 0 1 0.29204 -0.346282 15.4334 
0 0 6.5 1 0.325021 0.0704778 15.4334 
10 0 0 1 -0.37943 -0.30681 15.4334 
10 0 6.5 1 -0.326972 0.148111 15.4334 
10 10 0 1 -0.281392 -0.19708 15.4334 
10 10 6.5 1 -0.251682 0.0712882 15.4334 
0 10 0 1 0.122634 -0.227009 15.4334 
0 10 6.5 1 0.145236 0.0276078 15.4334 
0 5 10 1 0.227801 0.209736 15.4334 
10 5 10 1 -0.259852 0.276642 15.4334 
0 6 0 1 0.171581 -0.261471 15.4334 
0 8 0 1 0.145034 -0.242781 15.4334 
0 8 5 1 0.163679 -0.0296651 15.4334 
0 6 5 1 0.191598 -0.0286442 15.4334 
0 2 2.5 1 0.254558 -0.167651 15.4334 
0 4 2.5 1 0.214413 -0.154807 15.4334 
0 4 5 1 0.225133 -0.0274179 15.4334 
0 2 5 1 0.26617 -0.0259174 15.4334 
0.5 0.5 -0.5 1 0.246111 -0.366952 15.4334 
0.5 0.5 6 1 0.279276 0.039969 15.4334 
10.5 0.5 -0.5 1 -0.411126 -0.330503 15.4334 
10.5 0.5 6 1 -0.359329 0.112724 15.4334 
10.5 10.5 -0.5 1 -0.301834 -0.212958 15.4334 
10.5 10.5 6 1 -0.272313 0.0512981 15.4334 
0.5 10.5 -0.5 1 0.0969923 -0.241586 15.4334 
0.5 10.5 6 1 0.119594 0.0093258 15.4334 
0.5 5.5 9.5 1 0.194893 0.183963 15.4334 
10.5 5.5 9.5 1 -0.285232 0.247781 15.4334 
0.5 6.5 -0.5 1 0.140382 -0.278064 15.4334 
0.5 8.5 -0.5 1 0.11688 -0.258306 15.4334 
0.5 8.5 4.5 1 0.135532 -0.0485615 15.4334 
0.5 6.5 4.5 1 0.160419 -0.0492548 15.4334 
0.5 2.5 2 1 0.214871 -0.189865 15.4334 
0.5 4.5 2 1 0.179471 -0.175073 15.4334 
0.5 4.5 4.5 1 0.190213 -0.0500849 15.4334 
0.5 2.5 4.5 1 0.226523 -0.0510965 15.4334 
