0 0 0 1 -0.475455 -0.442201 7.03333 
0 0 6.5 1 -0.478072 -0.0900088 7.03333 
10 0 0 1 -0.0292029 -0.344099 7.03333 
10 0 6.5 1 -0.0468214 -0.0777235 7.03333 
10 10 0 1 0.314043 -0.417979 7.03333 
10 10 6.5 1 0.270792 -0.0253515 7.03333 
0 10 0 1 -0.277038 -0.63187 7.03333 
0 10 6.5 1 -0.296872 -0.0190573 7.03333 
0 5 10 1 -0.414575 0.15647 7.03333 
10 5 10 1 0.0688474 0.103796 7.03333 
0 6 0 1 -0.384073 -0.529554 7.03333 
0 8 0 1 -0.337592 -0.573986 7.03333 
0 8 5 1 -0.347972 -0.156832 7.03333 
0 6 5 1 -0.391105 -0.160684 7.03333 
0 2 2.5 1 -0.452358 -0.313103 7.03333 
0 4 2.5 1 -0.42331 -0.325475 7.03333 
0 4 5 1 -0.42564 -0.163768 7.03333 
0 2 5 1 -0.453914 -0.166293 7.03333 
0.5 0.5 -0.5 1 -0.439817 -0.469767 7.03333 
0.5 0.5 6 1 -0.444099 -0.113176 7.03333 
10.5 0.5 -0.5 1 0.000876356 -0.364245 7.03333 
10.5 0.5 6 1 -0.0179213 -0.0953515 7.03333 
10.5 10.5 -0.5 1 0.362448 -0.448764 7.03333 
10.5 10.5 6 1 0.31627 -0.0506446 7.03333 
0.5 10.5 -0.5 1 -0.210711 -0.68377 7.03333 
0.5 10.5 6 1 -0.236069 -0.0575697 7.03333 
0.5 5.5 9.5 1 -0.372324 0.130806 7.03333 
10.5 5.5 9.5 1 0.103349 0.0847407 7.03333 
0.5 6.5 -0.5 1 -0.334703 -0.567951 7.03333 
0.5 8.5 -0.5 1 -0.280975 -0.618138 7.03333 
0.5 8.5 4.5 1 -0.294547 -0.192969 7.03333 
0.5 6.5 4.5 1 -0.344183 -0.192818 7.03333 
0.5 2.5 2 1 -0.413873 -0.341402 7.03333 
0.5 4.5 2 1 -0.380542 -0.356824 7.03333 
0.5 4.5 4.5 1 -0.383818 -0.192698 7.03333 
0.5 2.5 4.5 1 -0.416197 -0.1926 7.03333 
