0 0 0 1 0.0645253 -0.269846 11.7 
0 0 6.5 1 0.0255598 0.410148 11.7 
10 0 0 1 -0.243788 -0.0933767 11.7 
10 0 6.5 1 -0.281198 0.2668 11.7 
10 10 0 1 0.170679 -0.017069 11.7 
10 10 6.5 1 0.159721 0.266169 11.7 
0 10 0 1 0.610167 -0.0914392 11.7 
0 10 6.5 1 0.623407 0.357868 11.7 
0 5 10 1 0.388046 0.709784 11.7 
10 5 10 1 -0.0454549 0.450468 11.7 
0 6 0 1 0.44243 -0.146284 11.7 
0 8 0 1 0.532306 -0.116897 11.7 
0 8 5 1 0.538641 0.247518 11.7 
0 6 5 1 0.44373 0.24617 11.7 
0 2 2.5 1 0.206071 0.00250565 11.7 
0 4 2.5 1 0.334795 0.0250778 11.7 
0 4 5 1 0.331881 0.244582 11.7 
0 2 5 1 0.198115 0.242682 11.7 
0.5 0.5 -0.5 1 0.0786442 -0.286075 11.7 
0.5 0.5 6 1 0.0440983 0.33999 11.7 
10.5 0.5 -0.5 1 -0.223861 -0.109335 11.7 
10.5 0.5 6 1 -0.258658 0.235161 11.7 
10.5 10.5 -0.5 1 0.17365 -0.0320878 11.7 
10.5 10.5 6 1 0.163171 0.241375 11.7 
0.5 10.5 -0.5 1 0.593805 -0.110999 11.7 
0.5 10.5 6 1 0.605284 0.314183 11.7 
0.5 5.5 9.5 1 0.380282 0.632291 11.7 
10.5 5.5 9.5 1 -0.0338706 0.415107 11.7 
0.5 6.5 -0.5 1 0.432836 -0.165704 11.7 
0.5 8.5 -0.5 1 0.518792 -0.136492 11.7 
0.5 8.5 4.5 1 0.524057 0.207327 11.7 
0.5 6.5 4.5 1 0.433502 0.202955 11.7 
0.5 2.5 2 1 0.210068 -0.030812 11.7 
0.5 4.5 2 1 0.330659 -0.00690742 11.7 
0.5 4.5 4.5 1 0.327797 0.197851 11.7 
0.5 2.5 4.5 1 0.202793 0.191815 11.7 
