0 0 0 1 0.218461 -0.451249 12.2 
0 0 6.5 1 0.167933 0.17634 12.2 
10 0 0 1 -0.227741 -0.262161 12.2 
10 0 6.5 1 -0.268022 0.0969351 12.2 
10 10 0 1 0.143358 -0.146075 12.2 
10 10 6.5 1 0.120947 0.120119 12.2 
0 10 0 1 0.590457 -0.210306 12.2 
0 10 6.5 1 0.570239 0.179493 12.2 
0 5 10 1 0.400645 0.451639 12.2 
10 5 10 1 -0.0601953 0.280659 12.2 
0 6 0 1 0.481546 -0.280848 12.2 
0 8 0 1 0.540468 -0.242684 12.2 
0 8 5 1 0.522539 0.0794469 12.2 
0 6 5 1 0.460453 0.0698244 12.2 
0 2 2.5 1 0.310095 -0.172308 12.2 
0 4 2.5 1 0.398626 -0.136814 12.2 
0 4 5 1 0.385838 0.05826 12.2 
0 2 5 1 0.294474 0.0440997 12.2 
0.5 0.5 -0.5 1 0.213694 -0.460858 12.2 
0.5 0.5 6 1 0.166447 0.122986 12.2 
10.5 0.5 -0.5 1 -0.213086 -0.275257 12.2 
10.5 0.5 6 1 -0.251377 0.0690859 12.2 
10.5 10.5 -0.5 1 0.143447 -0.159266 12.2 
10.5 10.5 6 1 0.121706 0.0987374 12.2 
0.5 10.5 -0.5 1 0.571745 -0.226579 12.2 
0.5 10.5 6 1 0.551892 0.145902 12.2 
0.5 5.5 9.5 1 0.386867 0.394839 12.2 
10.5 5.5 9.5 1 -0.0530383 0.250274 12.2 
0.5 6.5 -0.5 1 0.465024 -0.296408 12.2 
0.5 8.5 -0.5 1 0.522563 -0.25876 12.2 
0.5 8.5 4.5 1 0.505063 0.0480416 12.2 
0.5 6.5 4.5 1 0.444592 0.0361719 12.2 
0.5 2.5 2 1 0.300232 -0.197867 12.2 
0.5 4.5 2 1 0.384858 -0.161907 12.2 
0.5 4.5 4.5 1 0.372592 0.0220392 12.2 
0.5 2.5 4.5 1 0.285419 0.00492821 12.2 
