0 0 0 1 0.260498 -0.117374 18.0334 
0 0 6.5 1 0.249401 0.242612 18.0334 
10 0 0 1 -0.0855774 -0.360191 18.0334 
10 0 6.5 1 -0.140704 0.282765 18.0334 
10 10 0 1 -0.56305 -0.21474 18.0334 
10 10 6.5 1 -0.627047 0.194533 18.0334 
0 10 0 1 -0.139779 -0.0779453 18.0334 
0 10 6.5 1 -0.16439 0.19489 18.0334 
0 5 10 1 0.00183076 0.394749 18.0334 
10 5 10 1 -0.479486 0.530799 18.0334 
0 6 0 1 -0.0048116 -0.0912401 18.0334 
0 8 0 1 -0.0756522 -0.0842621 18.0334 
0 8 5 1 -0.0932854 0.134137 18.0334 
0 6 5 1 -0.0209704 0.138743 18.0334 
0 2 2.5 1 0.155972 0.0185691 18.0334 
0 4 2.5 1 0.0668657 0.0202825 18.0334 
0 4 5 1 0.059623 0.143878 18.0334 
0 2 5 1 0.150003 0.149635 18.0334 
0.5 0.5 -0.5 1 0.225253 -0.147976 18.0334 
0.5 0.5 6 1 0.212224 0.211266 18.0334 
10.5 0.5 -0.5 1 -0.149762 -0.415672 18.0334 
10.5 0.5 6 1 -0.211587 0.224731 18.0334 
10.5 10.5 -0.5 1 -0.605669 -0.250049 18.0334 
10.5 10.5 6 1 -0.672509 0.158214 18.0334 
0.5 10.5 -0.5 1 -0.16739 -0.101211 18.0334 
0.5 10.5 6 1 -0.193171 0.171196 18.0334 
0.5 5.5 9.5 1 -0.0314771 0.367468 18.0334 
10.5 5.5 9.5 1 -0.537434 0.485325 18.0334 
0.5 6.5 -0.5 1 -0.0350465 -0.116974 18.0334 
0.5 8.5 -0.5 1 -0.104516 -0.1087 18.0334 
0.5 8.5 4.5 1 -0.123125 0.109335 18.0334 
0.5 6.5 4.5 1 -0.0522779 0.112606 18.0334 
0.5 2.5 2 1 0.121924 -0.0104716 18.0334 
0.5 4.5 2 1 0.0345432 -0.00711823 18.0334 
0.5 4.5 4.5 1 0.0266974 0.116252 18.0334 
0.5 2.5 4.5 1 0.115285 0.120342 18.0334 
