0 0 0 1 0.169608 -0.386788 12.0334 
0 0 6.5 1 0.123507 0.255047 12.0334 
10 0 0 1 -0.233148 -0.201531 12.0334 
10 0 6.5 1 -0.273428 0.156421 12.0334 
10 10 0 1 0.152072 -0.0987718 12.0334 
10 10 6.5 1 0.132717 0.171931 12.0334 
0 10 0 1 0.597193 -0.165764 12.0334 
0 10 6.5 1 0.58676 0.240944 12.0334 
0 5 10 1 0.397051 0.53664 12.0334 
10 5 10 1 -0.0566303 0.339608 12.0334 
0 6 0 1 0.470082 -0.231469 12.0334 
0 8 0 1 0.538649 -0.196026 12.0334 
0 8 5 1 0.528009 0.138025 12.0334 
0 6 5 1 0.455892 0.130917 12.0334 
0 2 2.5 1 0.277966 -0.111041 12.0334 
0 4 2.5 1 0.379386 -0.0796065 12.0334 
0 4 5 1 0.369709 0.122422 12.0334 
0 2 5 1 0.2649 0.112092 12.0334 
0.5 0.5 -0.5 1 0.170781 -0.398303 12.0334 
0.5 0.5 6 1 0.128068 0.196664 12.0334 
10.5 0.5 -0.5 1 -0.216668 -0.215482 12.0334 
10.5 0.5 6 1 -0.254719 0.127424 12.0334 
10.5 10.5 -0.5 1 0.153115 -0.112481 12.0334 
10.5 10.5 6 1 0.134383 0.149534 12.0334 
0.5 10.5 -0.5 1 0.579152 -0.182976 12.0334 
0.5 10.5 6 1 0.568467 0.204427 12.0334 
0.5 5.5 9.5 1 0.384982 0.473808 12.0334 
10.5 5.5 9.5 1 -0.0479633 0.307701 12.0334 
0.5 6.5 -0.5 1 0.455608 -0.248119 12.0334 
0.5 8.5 -0.5 1 0.522021 -0.2131 12.0334 
0.5 8.5 4.5 1 0.511349 0.104066 12.0334 
0.5 6.5 4.5 1 0.441649 0.0944764 12.0334 
0.5 2.5 2 1 0.272294 -0.138847 12.0334 
0.5 4.5 2 1 0.368473 -0.106689 12.0334 
0.5 4.5 4.5 1 0.359141 0.083125 12.0334 
0.5 2.5 4.5 1 0.259937 0.0694767 12.0334 
