0 0 0 1 -0.0950251 -0.0357746 4.23333 
0 0 6.5 1 -0.0876723 0.215588 4.23333 
10 0 0 1 0.298062 -0.0753459 4.23333 
10 0 6.5 1 0.325854 0.19979 4.23333 
10 10 0 1 0.324765 -0.23552 4.23333 
10 10 6.5 1 0.374744 0.222769 4.23333 
0 10 0 1 -0.295018 -0.151186 4.23333 
0 10 6.5 1 -0.297805 0.244748 4.23333 
0 5 10 1 -0.165465 0.407057 4.23333 
10 5 10 1 0.365049 0.412054 4.23333 
0 6 0 1 -0.19283 -0.092215 4.23333 
0 8 0 1 -0.238718 -0.118696 4.23333 
0 8 5 1 -0.237821 0.150397 4.23333 
0 6 5 1 -0.189973 0.152067 4.23333 
0 2 2.5 1 -0.120073 0.0495797 4.23333 
0 4 2.5 1 -0.152673 0.0393839 4.23333 
0 4 5 1 -0.150553 0.153442 4.23333 
0 2 5 1 -0.117516 0.154595 4.23333 
0.5 0.5 -0.5 1 -0.0838245 -0.060224 4.23333 
0.5 0.5 6 1 -0.0758018 0.195154 4.23333 
10.5 0.5 -0.5 1 0.31884 -0.103084 4.23333 
10.5 0.5 6 1 0.348326 0.176858 4.23333 
10.5 10.5 -0.5 1 0.360702 -0.288005 4.23333 
10.5 10.5 6 1 0.415863 0.183682 4.23333 
0.5 10.5 -0.5 1 -0.283472 -0.193515 4.23333 
0.5 10.5 6 1 -0.28548 0.212433 4.23333 
0.5 5.5 9.5 1 -0.152323 0.38594 4.23333 
10.5 5.5 9.5 1 0.395819 0.388172 4.23333 
0.5 6.5 -0.5 1 -0.180903 -0.125036 4.23333 
0.5 8.5 -0.5 1 -0.226817 -0.15569 4.23333 
0.5 8.5 4.5 1 -0.225289 0.119377 4.23333 
0.5 6.5 4.5 1 -0.177425 0.124166 4.23333 
0.5 2.5 2 1 -0.108293 0.024525 4.23333 
0.5 4.5 2 1 -0.140615 0.0118767 4.23333 
0.5 4.5 4.5 1 -0.138194 0.128091 4.23333 
0.5 2.5 4.5 1 -0.105455 0.131366 4.23333 
