0 0 0 1 0.26682 -0.171884 18.2334 
0 0 6.5 1 0.248525 0.181663 18.2334 
10 0 0 1 -0.0209574 -0.453568 18.2334 
10 0 6.5 1 -0.0786541 0.195204 18.2334 
10 10 0 1 -0.567855 -0.304862 18.2334 
10 10 6.5 1 -0.632932 0.119402 18.2334 
0 10 0 1 -0.149487 -0.137776 18.2334 
0 10 6.5 1 -0.177158 0.13667 18.2334 
0 5 10 1 -0.00551414 0.33225 18.2334 
10 5 10 1 -0.45506 0.452726 18.2334 
0 6 0 1 -0.00703402 -0.149447 18.2334 
0 8 0 1 -0.0815347 -0.143343 18.2334 
0 8 5 1 -0.101892 0.0759355 18.2334 
0 6 5 1 -0.0263684 0.0805182 18.2334 
0 2 2.5 1 0.157807 -0.0381053 18.2334 
0 4 2.5 1 0.0661422 -0.0370042 18.2334 
0 4 5 1 0.0570211 0.0855783 18.2334 
0 2 5 1 0.149572 0.0911942 18.2334 
0.5 0.5 -0.5 1 0.233456 -0.20366 18.2334 
0.5 0.5 6 1 0.213644 0.150592 18.2334 
10.5 0.5 -0.5 1 -0.0853163 -0.514941 18.2334 
10.5 0.5 6 1 -0.148843 0.136054 18.2334 
10.5 10.5 -0.5 1 -0.61384 -0.344206 18.2334 
10.5 10.5 6 1 -0.68175 0.0810287 18.2334 
0.5 10.5 -0.5 1 -0.177292 -0.162391 18.2334 
0.5 10.5 6 1 -0.205994 0.112479 18.2334 
0.5 5.5 9.5 1 -0.0378327 0.305402 18.2334 
10.5 5.5 9.5 1 -0.515107 0.407254 18.2334 
0.5 6.5 -0.5 1 -0.036854 -0.176502 18.2334 
0.5 8.5 -0.5 1 -0.110315 -0.169121 18.2334 
0.5 8.5 4.5 1 -0.131519 0.0505047 18.2334 
0.5 6.5 4.5 1 -0.0570997 0.053845 18.2334 
0.5 2.5 2 1 0.125176 -0.0679145 18.2334 
0.5 4.5 2 1 0.0347305 -0.0652698 18.2334 
0.5 4.5 4.5 1 0.0251097 0.0575349 18.2334 
0.5 2.5 4.5 1 0.1164 0.0616325 18.2334 
