0 0 0 1 0.0844649 -0.395458 2.43333 
0 0 6.5 1 0.101605 -0.118135 2.43333 
10 0 0 1 0.547158 -0.543336 2.43333 
10 0 6.5 1 0.548762 -0.14351 2.43333 
10 10 0 1 0.192531 -0.783626 2.43333 
10 10 6.5 1 0.224074 -0.0992738 2.43333 
0 10 0 1 -0.308406 -0.471704 2.43333 
0 10 6.5 1 -0.265632 -0.082032 2.43333 
0 5 10 1 -0.0385221 0.0608596 2.43333 
10 5 10 1 0.431703 0.120126 2.43333 
0 6 0 1 -0.117927 -0.434737 2.43333 
0 8 0 1 -0.205921 -0.451815 2.43333 
0 8 5 1 -0.178648 -0.171648 2.43333 
0 6 5 1 -0.0953653 -0.17429 2.43333 
0 2 2.5 1 0.0333578 -0.291128 2.43333 
0 4 2.5 1 -0.0320064 -0.296385 2.43333 
0 4 5 1 -0.0227477 -0.176594 2.43333 
0 2 5 1 0.0411298 -0.17862 2.43333 
0.5 0.5 -0.5 1 0.085311 -0.426408 2.43333 
0.5 0.5 6 1 0.102977 -0.138984 2.43333 
10.5 0.5 -0.5 1 0.571092 -0.595731 2.43333 
10.5 0.5 6 1 0.571544 -0.174608 2.43333 
10.5 10.5 -0.5 1 0.204194 -0.898167 2.43333 
10.5 10.5 6 1 0.237231 -0.149094 2.43333 
0.5 10.5 -0.5 1 -0.326114 -0.519682 2.43333 
0.5 10.5 6 1 -0.280492 -0.109774 2.43333 
0.5 5.5 9.5 1 -0.0421535 0.043646 2.43333 
10.5 5.5 9.5 1 0.452866 0.0971389 2.43333 
0.5 6.5 -0.5 1 -0.125206 -0.474134 2.43333 
0.5 8.5 -0.5 1 -0.217679 -0.495099 2.43333 
0.5 8.5 4.5 1 -0.188815 -0.201396 2.43333 
0.5 6.5 4.5 1 -0.101504 -0.202027 2.43333 
0.5 2.5 2 1 0.0324426 -0.319893 2.43333 
0.5 4.5 2 1 -0.0354438 -0.327289 2.43333 
0.5 4.5 4.5 1 -0.0257881 -0.202574 2.43333 
0.5 2.5 4.5 1 0.0404981 -0.203052 2.43333 
