0 0 0 1 -0.337346 -0.258568 6.16666 
0 0 6.5 1 -0.368591 0.0302313 6.16666 
10 0 0 1 0.0662994 -0.184112 6.16666 
10 0 6.5 1 0.0417483 0.0650772 6.16666 
10 10 0 1 0.318852 -0.278917 6.16666 
10 10 6.5 1 0.28273 0.110323 6.16666 
0 10 0 1 -0.303766 -0.432515 6.16666 
0 10 6.5 1 -0.357186 0.0628534 6.16666 
0 5 10 1 -0.385914 0.241296 6.16666 
10 5 10 1 0.119751 0.248131 6.16666 
0 6 0 1 -0.321674 -0.339752 6.16666 
0 8 0 1 -0.313839 -0.380338 6.16666 
0 8 5 1 -0.349739 -0.0477587 6.16666 
0 6 5 1 -0.353613 -0.0440872 6.16666 
0 2 2.5 1 -0.346117 -0.160077 6.16666 
0 4 2.5 1 -0.34228 -0.174633 6.16666 
0 4 5 1 -0.356708 -0.0411543 6.16666 
0 2 5 1 -0.359237 -0.0387576 6.16666 
0.5 0.5 -0.5 1 -0.310236 -0.281675 6.16666 
0.5 0.5 6 1 -0.341687 0.0105914 6.16666 
10.5 0.5 -0.5 1 0.0939634 -0.2032 6.16666 
10.5 0.5 6 1 0.0693108 0.0485661 6.16666 
10.5 10.5 -0.5 1 0.366534 -0.310479 6.16666 
10.5 10.5 6 1 0.330241 0.0850858 6.16666 
0.5 10.5 -0.5 1 -0.256159 -0.476225 6.16666 
0.5 10.5 6 1 -0.310176 0.0294296 6.16666 
0.5 5.5 9.5 1 -0.351874 0.219623 6.16666 
10.5 5.5 9.5 1 0.154635 0.23028 6.16666 
0.5 6.5 -0.5 1 -0.285118 -0.372041 6.16666 
0.5 8.5 -0.5 1 -0.272482 -0.417502 6.16666 
0.5 8.5 4.5 1 -0.308732 -0.0789114 6.16666 
0.5 6.5 4.5 1 -0.317335 -0.0716353 6.16666 
0.5 2.5 2 1 -0.316545 -0.18404 6.16666 
0.5 4.5 2 1 -0.30964 -0.201253 6.16666 
0.5 4.5 4.5 1 -0.324181 -0.0658451 6.16666 
0.5 2.5 4.5 1 -0.329759 -0.061128 6.16666 
