0 0 0 1 0.135351 -0.418426 2.03333 
0 0 6.5 1 0.140782 -0.128278 2.03333 
10 0 0 1 0.619787 -0.564909 2.03333 
10 0 6.5 1 0.592436 -0.118874 2.03333 
10 10 0 1 0.125153 -0.781148 2.03333 
10 10 6.5 1 0.139308 -0.0462161 2.03333 
0 10 0 1 -0.295362 -0.480608 2.03333 
0 10 6.5 1 -0.26018 -0.0909178 2.03333 
0 5 10 1 -0.023267 0.0519554 2.03333 
10 5 10 1 0.409658 0.168588 2.03333 
0 6 0 1 -0.0911806 -0.45113 2.03333 
0 8 0 1 -0.186557 -0.4649 2.03333 
0 8 5 1 -0.165974 -0.18039 2.03333 
0 6 5 1 -0.0760763 -0.184009 2.03333 
0 2 2.5 1 0.0717778 -0.306687 2.03333 
0 4 2.5 1 -0.00142473 -0.310378 2.03333 
0 4 5 1 0.00381169 -0.187225 2.03333 
0 2 5 1 0.0752739 -0.190102 2.03333 
0.5 0.5 -0.5 1 0.13469 -0.450038 2.03333 
0.5 0.5 6 1 0.14034 -0.14845 2.03333 
10.5 0.5 -0.5 1 0.645927 -0.622761 2.03333 
10.5 0.5 6 1 0.615145 -0.149173 2.03333 
10.5 10.5 -0.5 1 0.122362 -0.90252 2.03333 
10.5 10.5 6 1 0.138074 -0.0897745 2.03333 
0.5 10.5 -0.5 1 -0.317338 -0.526934 2.03333 
0.5 10.5 6 1 -0.279059 -0.116329 2.03333 
0.5 5.5 9.5 1 -0.029949 0.0363215 2.03333 
10.5 5.5 9.5 1 0.425313 0.150369 2.03333 
0.5 6.5 -0.5 1 -0.101625 -0.490238 2.03333 
0.5 8.5 -0.5 1 -0.202064 -0.507324 2.03333 
0.5 8.5 4.5 1 -0.179821 -0.208392 2.03333 
0.5 6.5 4.5 1 -0.0854205 -0.21044 2.03333 
0.5 2.5 2 1 0.0687444 -0.335263 2.03333 
0.5 4.5 2 1 -0.00750345 -0.340788 2.03333 
0.5 4.5 4.5 1 -0.00193323 -0.212252 2.03333 
0.5 2.5 4.5 1 0.0724299 -0.213865 2.03333 
