0 0 0 1 0.291852 -0.280028 19.1667 
0 0 6.5 1 0.253253 0.065689 19.1667 
10 0 0 1 0.311948 -0.541748 19.1667 
10 0 6.5 1 0.232759 0.171062 19.1667 
10 10 0 1 -0.589347 -0.513827 19.1667 
10 10 6.5 1 -0.620864 0.0439747 19.1667 
0 10 0 1 -0.196873 -0.29672 19.1667 
0 10 6.5 1 -0.221683 0.00795138 19.1667 
0 5 10 1 -0.0154813 0.204092 19.1667 
10 5 10 1 -0.271302 0.417504 19.1667 
0 6 0 1 -0.0164163 -0.290557 19.1667 
0 8 0 1 -0.1089 -0.293716 19.1667 
0 8 5 1 -0.129846 -0.0525825 19.1667 
0 6 5 1 -0.0392999 -0.0433848 19.1667 
0 2 2.5 1 0.169779 -0.152573 19.1667 
0 4 2.5 1 0.0683361 -0.159473 19.1667 
0 4 5 1 0.0559359 -0.0337107 19.1667 
0 2 5 1 0.156235 -0.0235222 19.1667 
0.5 0.5 -0.5 1 0.267028 -0.315181 19.1667 
0.5 0.5 6 1 0.228174 0.0384289 19.1667 
10.5 0.5 -0.5 1 0.260128 -0.628122 19.1667 
10.5 0.5 6 1 0.179891 0.119054 19.1667 
10.5 10.5 -0.5 1 -0.660186 -0.579253 19.1667 
10.5 10.5 6 1 -0.690268 -0.000638963 19.1667 
0.5 10.5 -0.5 1 -0.227637 -0.327817 19.1667 
0.5 10.5 6 1 -0.252308 -0.0170341 19.1667 
0.5 5.5 9.5 1 -0.0438063 0.181516 19.1667 
10.5 5.5 9.5 1 -0.335012 0.381997 19.1667 
0.5 6.5 -0.5 1 -0.0452825 -0.323159 19.1667 
0.5 8.5 -0.5 1 -0.138781 -0.325547 19.1667 
0.5 8.5 4.5 1 -0.159666 -0.0794367 19.1667 
0.5 6.5 4.5 1 -0.0681557 -0.070754 19.1667 
0.5 2.5 2 1 0.143357 -0.183884 19.1667 
0.5 4.5 2 1 0.0406104 -0.190088 19.1667 
0.5 4.5 4.5 1 0.0281876 -0.0616126 19.1667 
0.5 2.5 4.5 1 0.129757 -0.0519755 19.1667 
