0 0 0 1 -0.556097 -0.454922 7.46666 
0 0 6.5 1 -0.532306 -0.0664152 7.46666 
10 0 0 1 -0.0877666 -0.36515 7.46666 
10 0 6.5 1 -0.0932788 -0.0891101 7.46666 
10 10 0 1 0.295791 -0.424906 7.46666 
10 10 6.5 1 0.262138 -0.0352323 7.46666 
0 10 0 1 -0.240264 -0.622985 7.46666 
0 10 6.5 1 -0.235982 0.0364734 7.46666 
0 5 10 1 -0.411041 0.203283 7.46666 
10 5 10 1 0.0474272 0.0927043 7.46666 
0 6 0 1 -0.409443 -0.532961 7.46666 
0 8 0 1 -0.335635 -0.572235 7.46666 
0 8 5 1 -0.325299 -0.11681 7.46666 
0 6 5 1 -0.395102 -0.128178 7.46666 
0 2 2.5 1 -0.506997 -0.305704 7.46666 
0 4 2.5 1 -0.459666 -0.313655 7.46666 
0 4 5 1 -0.451611 -0.137381 7.46666 
0 2 5 1 -0.498294 -0.144983 7.46666 
0.5 0.5 -0.5 1 -0.515595 -0.485653 7.46666 
0.5 0.5 6 1 -0.494404 -0.0928959 7.46666 
10.5 0.5 -0.5 1 -0.0571731 -0.386475 7.46666 
10.5 0.5 6 1 -0.0641953 -0.108283 7.46666 
10.5 10.5 -0.5 1 0.341815 -0.455728 7.46666 
10.5 10.5 6 1 0.304841 -0.061756 7.46666 
0.5 10.5 -0.5 1 -0.166574 -0.678149 7.46666 
0.5 10.5 6 1 -0.170485 -0.00641269 7.46666 
0.5 5.5 9.5 1 -0.365021 0.173498 7.46666 
10.5 5.5 9.5 1 0.0809879 0.071834 7.46666 
0.5 6.5 -0.5 1 -0.353912 -0.574827 7.46666 
0.5 8.5 -0.5 1 -0.272291 -0.619843 7.46666 
0.5 8.5 4.5 1 -0.266793 -0.156895 7.46666 
0.5 6.5 4.5 1 -0.343324 -0.164098 7.46666 
0.5 2.5 2 1 -0.463731 -0.337345 7.46666 
0.5 4.5 2 1 -0.411785 -0.348483 7.46666 
0.5 4.5 4.5 1 -0.40518 -0.16992 7.46666 
0.5 2.5 4.5 1 -0.456214 -0.174723 7.46666 
