0 0 0 1 0.160788 -0.407762 1.83333 
0 0 6.5 1 0.15929 -0.113481 1.83333 
10 0 0 1 0.649992 -0.543412 1.83333 
10 0 6.5 1 0.607439 -0.0782814 1.83333 
10 10 0 1 0.0806039 -0.734888 1.83333 
10 10 6.5 1 0.0872185 0.00767193 1.83333 
0 10 0 1 -0.285329 -0.462317 1.83333 
0 10 6.5 1 -0.256441 -0.0771368 1.83333 
0 5 10 1 -0.0169225 0.0658867 1.83333 
10 5 10 1 0.389172 0.218559 1.83333 
0 6 0 1 -0.076672 -0.436801 1.83333 
0 8 0 1 -0.174761 -0.448796 1.83333 
0 8 5 1 -0.159095 -0.16548 1.83333 
0 6 5 1 -0.0665771 -0.169281 1.83333 
0 2 2.5 1 0.0906199 -0.293439 1.83333 
0 4 2.5 1 0.0137886 -0.296424 1.83333 
0 4 5 1 0.0165089 -0.172693 1.83333 
0 2 5 1 0.0915356 -0.175775 1.83333 
0.5 0.5 -0.5 1 0.159306 -0.439102 1.83333 
0.5 0.5 6 1 0.157838 -0.133015 1.83333 
10.5 0.5 -0.5 1 0.676415 -0.602371 1.83333 
10.5 0.5 6 1 0.629281 -0.107091 1.83333 
10.5 10.5 -0.5 1 0.0685778 -0.853266 1.83333 
10.5 10.5 6 1 0.0774172 -0.030797 1.83333 
0.5 10.5 -0.5 1 -0.308866 -0.506743 1.83333 
0.5 10.5 6 1 -0.276983 -0.101084 1.83333 
0.5 5.5 9.5 1 -0.025135 0.0511964 1.83333 
10.5 5.5 9.5 1 0.400894 0.203657 1.83333 
0.5 6.5 -0.5 1 -0.0885415 -0.474911 1.83333 
0.5 8.5 -0.5 1 -0.191817 -0.489832 1.83333 
0.5 8.5 4.5 1 -0.174572 -0.192181 1.83333 
0.5 6.5 4.5 1 -0.0774422 -0.194643 1.83333 
0.5 2.5 2 1 0.0864805 -0.321407 1.83333 
0.5 4.5 2 1 0.00640587 -0.326024 1.83333 
0.5 4.5 4.5 1 0.00940596 -0.196845 1.83333 
0.5 2.5 4.5 1 0.0875229 -0.198825 1.83333 
