0 0 0 1 -0.461582 -0.359009 10.1334 
0 0 6.5 1 -0.451248 0.276948 10.1334 
10 0 0 1 -0.252864 -0.119484 10.1334 
10 0 6.5 1 -0.238758 0.204316 10.1334 
10 10 0 1 0.231473 -0.150938 10.1334 
10 10 6.5 1 0.265765 0.164792 10.1334 
0 10 0 1 0.47141 -0.409947 10.1334 
0 10 6.5 1 0.559676 0.195438 10.1334 
0 5 10 1 0.0960835 0.615547 10.1334 
10 5 10 1 0.0301845 0.368084 10.1334 
0 6 0 1 0.106886 -0.390045 10.1334 
0 8 0 1 0.290549 -0.400072 10.1334 
0 8 5 1 0.346144 0.0611213 10.1334 
0 6 5 1 0.151107 0.0755974 10.1334 
0 2 2.5 1 -0.259266 -0.139648 10.1334 
0 4 2.5 1 -0.0639192 -0.152169 10.1334 
0 4 5 1 -0.0471723 0.0903143 10.1334 
0 2 5 1 -0.248777 0.105278 10.1334 
0.5 0.5 -0.5 1 -0.397084 -0.382052 10.1334 
0.5 0.5 6 1 -0.382009 0.215812 10.1334 
10.5 0.5 -0.5 1 -0.224636 -0.138276 10.1334 
10.5 0.5 6 1 -0.209754 0.175385 10.1334 
10.5 10.5 -0.5 1 0.245988 -0.16851 10.1334 
10.5 10.5 6 1 0.279906 0.137565 10.1334 
0.5 10.5 -0.5 1 0.486309 -0.429575 10.1334 
0.5 10.5 6 1 0.570932 0.141149 10.1334 
0.5 5.5 9.5 1 0.13512 0.533153 10.1334 
10.5 5.5 9.5 1 0.0516853 0.334006 10.1334 
0.5 6.5 -0.5 1 0.140741 -0.410985 10.1334 
0.5 8.5 -0.5 1 0.314785 -0.420348 10.1334 
0.5 8.5 4.5 1 0.368837 0.0146642 10.1334 
0.5 6.5 4.5 1 0.184613 0.0279888 10.1334 
0.5 2.5 2 1 -0.204199 -0.174993 10.1334 
0.5 4.5 2 1 -0.0196892 -0.186577 10.1334 
0.5 4.5 4.5 1 -0.00250515 0.0415227 10.1334 
0.5 2.5 4.5 1 -0.192587 0.055271 10.1334 
