0 0 0 1 -0.698832 -0.459849 8.96667 
0 0 6.5 1 -0.620272 0.0776086 8.96667 
10 0 0 1 -0.244665 -0.30899 8.96667 
10 0 6.5 1 -0.211815 -0.00685052 8.96667 
10 10 0 1 0.233224 -0.394253 8.96667 
10 10 6.5 1 0.257008 -0.0383149 8.96667 
0 10 0 1 0.130231 -0.692078 8.96667 
0 10 6.5 1 0.184476 0.0430614 8.96667 
0 5 10 1 -0.241052 0.370865 8.96667 
10 5 10 1 0.0193471 0.147109 8.96667 
0 6 0 1 -0.264553 -0.581495 8.96667 
0 8 0 1 -0.0805416 -0.633038 8.96667 
0 8 5 1 -0.0314687 -0.0991778 8.96667 
0 6 5 1 -0.210687 -0.0822722 8.96667 
0 2 2.5 1 -0.540035 -0.270652 8.96667 
0 4 2.5 1 -0.397396 -0.296941 8.96667 
0 4 5 1 -0.369361 -0.0673044 8.96667 
0 2 5 1 -0.510832 -0.0539594 8.96667 
0.5 0.5 -0.5 1 -0.635495 -0.497334 8.96667 
0.5 0.5 6 1 -0.561442 0.0304785 8.96667 
10.5 0.5 -0.5 1 -0.214629 -0.331987 8.96667 
10.5 0.5 6 1 -0.182954 -0.0329142 8.96667 
10.5 10.5 -0.5 1 0.261465 -0.419967 8.96667 
10.5 10.5 6 1 0.284059 -0.0682868 8.96667 
0.5 10.5 -0.5 1 0.191147 -0.735849 8.96667 
0.5 10.5 6 1 0.240218 -0.0187266 8.96667 
0.5 5.5 9.5 1 -0.184553 0.31161 8.96667 
10.5 5.5 9.5 1 0.0470011 0.117472 8.96667 
0.5 6.5 -0.5 1 -0.200836 -0.622748 8.96667 
0.5 8.5 -0.5 1 -0.0177597 -0.675572 8.96667 
0.5 8.5 4.5 1 0.0272544 -0.15409 8.96667 
0.5 6.5 4.5 1 -0.150947 -0.134354 8.96667 
0.5 2.5 2 1 -0.478097 -0.313782 8.96667 
0.5 4.5 2 1 -0.33537 -0.341896 8.96667 
0.5 4.5 4.5 1 -0.309205 -0.116826 8.96667 
0.5 2.5 4.5 1 -0.45069 -0.101156 8.96667 
