0 0 0 1 0.37645 -0.68752 14.3667 
0 0 6.5 1 0.352677 -0.163452 14.3667 
10 0 0 1 -0.350536 -0.606552 14.3667 
10 0 6.5 1 -0.313337 -0.153447 14.3667 
10 10 0 1 -0.130585 -0.445155 14.3667 
10 10 6.5 1 -0.118392 -0.171805 14.3667 
0 10 0 1 0.300336 -0.476895 14.3667 
0 10 6.5 1 0.290406 -0.179223 14.3667 
0 5 10 1 0.306549 0.0105686 14.3667 
10 5 10 1 -0.183235 0.00210359 14.3667 
0 6 0 1 0.321196 -0.534619 14.3667 
0 8 0 1 0.309775 -0.503016 14.3667 
0 8 5 1 0.30091 -0.248957 14.3667 
0 6 5 1 0.310874 -0.25365 14.3667 
0 2 2.5 1 0.345452 -0.439016 14.3667 
0 4 2.5 1 0.328994 -0.412007 14.3667 
0 4 5 1 0.323044 -0.259383 14.3667 
0 2 5 1 0.338246 -0.266542 14.3667 
0.5 0.5 -0.5 1 0.331501 -0.707823 14.3667 
0.5 0.5 6 1 0.312484 -0.199603 14.3667 
10.5 0.5 -0.5 1 -0.366316 -0.626827 14.3667 
10.5 0.5 6 1 -0.328997 -0.185577 14.3667 
10.5 10.5 -0.5 1 -0.144497 -0.460659 14.3667 
10.5 10.5 6 1 -0.131853 -0.191641 14.3667 
0.5 10.5 -0.5 1 0.276084 -0.493052 14.3667 
0.5 10.5 6 1 0.26763 -0.200518 14.3667 
0.5 5.5 9.5 1 0.278624 -0.0197887 14.3667 
10.5 5.5 9.5 1 -0.197821 -0.0253564 14.3667 
0.5 6.5 -0.5 1 0.29145 -0.552604 14.3667 
0.5 8.5 -0.5 1 0.283054 -0.520065 14.3667 
0.5 8.5 4.5 1 0.275577 -0.270878 14.3667 
0.5 6.5 4.5 1 0.282835 -0.277589 14.3667 
0.5 2.5 2 1 0.308474 -0.463894 14.3667 
0.5 4.5 2 1 0.296567 -0.434879 14.3667 
0.5 4.5 4.5 1 0.291656 -0.285747 14.3667 
0.5 2.5 4.5 1 0.302609 -0.295874 14.3667 
