0 0 0 1 0.189557 -0.413288 12.1 
0 0 6.5 1 0.141755 0.222237 12.1 
10 0 0 1 -0.23086 -0.225996 12.1 
10 0 6.5 1 -0.271246 0.13214 12.1 
10 10 0 1 0.148607 -0.117764 12.1 
10 10 6.5 1 0.127936 0.150944 12.1 
0 10 0 1 0.594539 -0.183809 12.1 
0 10 6.5 1 0.580018 0.215711 12.1 
0 5 10 1 0.398579 0.501346 12.1 
10 5 10 1 -0.0581219 0.315548 12.1 
0 6 0 1 0.474888 -0.251608 12.1 
0 8 0 1 0.539508 -0.214991 12.1 
0 8 5 1 0.525847 0.113963 12.1 
0 6 5 1 0.457858 0.105744 12.1 
0 2 2.5 1 0.291192 -0.136337 12.1 
0 4 2.5 1 0.387368 -0.10315 12.1 
0 4 5 1 0.376419 0.0958995 12.1 
0 2 5 1 0.2771 0.0838936 12.1 
0.5 0.5 -0.5 1 0.188304 -0.423927 12.1 
0.5 0.5 6 1 0.143816 0.166043 12.1 
10.5 0.5 -0.5 1 -0.215107 -0.239564 12.1 
10.5 0.5 6 1 -0.253359 0.103652 12.1 
10.5 10.5 -0.5 1 0.149268 -0.131239 12.1 
10.5 10.5 6 1 0.12924 0.128987 12.1 
0.5 10.5 -0.5 1 0.576221 -0.200594 12.1 
0.5 10.5 6 1 0.561706 0.180455 12.1 
0.5 5.5 9.5 1 0.385798 0.441099 12.1 
10.5 5.5 9.5 1 -0.0500583 0.284295 12.1 
0.5 6.5 -0.5 1 0.459568 -0.267753 12.1 
0.5 8.5 -0.5 1 0.522351 -0.231608 12.1 
0.5 8.5 4.5 1 0.508848 0.0811134 12.1 
0.5 6.5 4.5 1 0.442942 0.0705187 12.1 
0.5 2.5 2 1 0.283792 -0.163133 12.1 
0.5 4.5 2 1 0.375274 -0.129343 12.1 
0.5 4.5 4.5 1 0.364739 0.0579473 12.1 
0.5 2.5 4.5 1 0.270443 0.0427887 12.1 
