0 0 0 1 0.400836 -0.621001 14.0001 
0 0 6.5 1 0.355759 -0.0825059 14.0001 
10 0 0 1 -0.310752 -0.545085 14.0001 
10 0 6.5 1 -0.291748 -0.112384 14.0001 
10 10 0 1 -0.0641561 -0.411671 14.0001 
10 10 6.5 1 -0.0643514 -0.142842 14.0001 
0 10 0 1 0.37169 -0.435509 14.0001 
0 10 6.5 1 0.346831 -0.12935 14.0001 
0 5 10 1 0.334698 0.0760107 14.0001 
10 5 10 1 -0.150117 0.0313632 14.0001 
0 6 0 1 0.379647 -0.486152 14.0001 
0 8 0 1 0.375288 -0.458408 14.0001 
0 8 5 1 0.353976 -0.196951 14.0001 
0 6 5 1 0.355969 -0.197026 14.0001 
0 2 2.5 1 0.376145 -0.374335 14.0001 
0 4 2.5 1 0.371319 -0.353895 14.0001 
0 4 5 1 0.358405 -0.197116 14.0001 
0 2 5 1 0.361453 -0.19723 14.0001 
0.5 0.5 -0.5 1 0.359337 -0.644595 14.0001 
0.5 0.5 6 1 0.319792 -0.124139 14.0001 
10.5 0.5 -0.5 1 -0.32046 -0.566622 14.0001 
10.5 0.5 6 1 -0.301305 -0.145615 14.0001 
10.5 10.5 -0.5 1 -0.0753715 -0.427925 14.0001 
10.5 10.5 6 1 -0.0750149 -0.163634 14.0001 
0.5 10.5 -0.5 1 0.348574 -0.453449 14.0001 
0.5 10.5 6 1 0.32555 -0.153165 14.0001 
0.5 5.5 9.5 1 0.309336 0.0417015 14.0001 
10.5 5.5 9.5 1 -0.160683 0.00277805 14.0001 
0.5 6.5 -0.5 1 0.351551 -0.506331 14.0001 
0.5 8.5 -0.5 1 0.349924 -0.477425 14.0001 
0.5 8.5 4.5 1 0.330328 -0.221545 14.0001 
0.5 6.5 4.5 1 0.329961 -0.224015 14.0001 
0.5 2.5 2 1 0.342068 -0.402792 14.0001 
0.5 4.5 2 1 0.341181 -0.37982 14.0001 
0.5 4.5 4.5 1 0.329515 -0.227019 14.0001 
0.5 2.5 4.5 1 0.328961 -0.23075 14.0001 
