0 0 0 1 0.0524377 -0.322441 2.73333 
0 0 6.5 1 0.0751574 -0.0571578 2.73333 
10 0 0 1 0.49481 -0.449561 2.73333 
10 0 6.5 1 0.513186 -0.0869921 2.73333 
10 10 0 1 0.232818 -0.66122 2.73333 
10 10 6.5 1 0.276332 -0.0373699 2.73333 
0 10 0 1 -0.306177 -0.395655 2.73333 
0 10 6.5 1 -0.262981 -0.0131719 2.73333 
0 5 10 1 -0.0480567 0.123368 2.73333 
10 5 10 1 0.438736 0.165262 2.73333 
0 6 0 1 -0.130103 -0.359708 2.73333 
0 8 0 1 -0.210918 -0.376207 2.73333 
0 8 5 1 -0.182159 -0.104165 2.73333 
0 6 5 1 -0.105061 -0.108211 2.73333 
0 2 2.5 1 0.00948421 -0.223043 2.73333 
0 4 2.5 1 -0.0495551 -0.227543 2.73333 
0 4 5 1 -0.0386325 -0.111698 2.73333 
0 2 5 1 0.0191979 -0.114733 2.73333 
0.5 0.5 -0.5 1 0.0545464 -0.351348 2.73333 
0.5 0.5 6 1 0.0779182 -0.0773105 2.73333 
10.5 0.5 -0.5 1 0.516845 -0.494926 2.73333 
10.5 0.5 6 1 0.535349 -0.115816 2.73333 
10.5 10.5 -0.5 1 0.251914 -0.758451 2.73333 
10.5 10.5 6 1 0.297643 -0.0839995 2.73333 
0.5 10.5 -0.5 1 -0.319579 -0.441441 2.73333 
0.5 10.5 6 1 -0.274043 -0.040492 2.73333 
0.5 5.5 9.5 1 -0.0492481 0.106288 2.73333 
10.5 5.5 9.5 1 0.462462 0.142536 2.73333 
0.5 6.5 -0.5 1 -0.134571 -0.396889 2.73333 
0.5 8.5 -0.5 1 -0.219167 -0.417261 2.73333 
0.5 8.5 4.5 1 -0.189043 -0.133124 2.73333 
0.5 6.5 4.5 1 -0.108487 -0.13509 2.73333 
0.5 2.5 2 1 0.0102911 -0.250345 2.73333 
0.5 4.5 2 1 -0.0507907 -0.25698 2.73333 
0.5 4.5 4.5 1 -0.0394715 -0.136774 2.73333 
0.5 2.5 4.5 1 0.0203172 -0.138233 2.73333 
