0 0 0 1 0.290913 -0.387437 19.8 
0 0 6.5 1 0.256661 -0.0438475 19.8 
10 0 0 1 0.531248 -0.638246 19.8 
10 0 6.5 1 0.437808 0.0710327 19.8 
10 10 0 1 -0.546798 -0.668216 19.8 
10 10 6.5 1 -0.527617 0.00257048 19.8 
0 10 0 1 -0.231912 -0.410198 19.8 
0 10 6.5 1 -0.238192 -0.0758477 19.8 
0 5 10 1 -0.00441362 0.108112 19.8 
10 5 10 1 -0.0748244 0.351613 19.8 
0 6 0 1 -0.0268424 -0.401271 19.8 
0 8 0 1 -0.130036 -0.405763 19.8 
0 8 5 1 -0.139067 -0.144049 19.8 
0 6 5 1 -0.0401187 -0.138114 19.8 
0 2 2.5 1 0.172326 -0.256272 19.8 
0 4 2.5 1 0.0686971 -0.261653 19.8 
0 4 5 1 0.0600658 -0.132104 19.8 
0 2 5 1 0.16151 -0.126019 19.8 
0.5 0.5 -0.5 1 0.271853 -0.42353 19.8 
0.5 0.5 6 1 0.237678 -0.0683022 19.8 
10.5 0.5 -0.5 1 0.505345 -0.73299 19.8 
10.5 0.5 6 1 0.409424 0.0276531 19.8 
10.5 10.5 -0.5 1 -0.635899 -0.758246 19.8 
10.5 10.5 6 1 -0.606349 -0.0418303 19.8 
0.5 10.5 -0.5 1 -0.265393 -0.44576 19.8 
0.5 10.5 6 1 -0.270073 -0.100413 19.8 
0.5 5.5 9.5 1 -0.0295962 0.0888107 19.8 
10.5 5.5 9.5 1 -0.127767 0.326685 19.8 
0.5 6.5 -0.5 1 -0.0547889 -0.437045 19.8 
0.5 8.5 -0.5 1 -0.160788 -0.441431 19.8 
0.5 8.5 4.5 1 -0.168793 -0.17097 19.8 
0.5 6.5 4.5 1 -0.0672698 -0.165041 19.8 
0.5 2.5 2 1 0.150374 -0.287553 19.8 
0.5 4.5 2 1 0.0439117 -0.292883 19.8 
0.5 4.5 4.5 1 0.0355581 -0.159035 19.8 
0.5 2.5 4.5 1 0.139716 -0.152952 19.8 
