0 0 0 1 -0.625057 -0.509883 7.83333 
0 0 6.5 1 -0.576548 -0.0803762 7.83333 
10 0 0 1 -0.137747 -0.406184 7.83333 
10 0 6.5 1 -0.13088 -0.118674 7.83333 
10 10 0 1 0.281031 -0.481186 7.83333 
10 10 6.5 1 0.259924 -0.0886913 7.83333 
0 10 0 1 -0.185615 -0.720846 7.83333 
0 10 6.5 1 -0.163404 -0.00483324 7.83333 
0 5 10 1 -0.397661 0.196618 7.83333 
10 5 10 1 0.034209 0.0563766 7.83333 
0 6 0 1 -0.418588 -0.609002 7.83333 
0 8 0 1 -0.316273 -0.658121 7.83333 
0 8 5 1 -0.288968 -0.159227 7.83333 
0 6 5 1 -0.385789 -0.16382 7.83333 
0 2 2.5 1 -0.549164 -0.347529 7.83333 
0 4 2.5 1 -0.482284 -0.360922 7.83333 
0 4 5 1 -0.465047 -0.167579 7.83333 
0 2 5 1 -0.531121 -0.170713 7.83333 
0.5 0.5 -0.5 1 -0.579368 -0.54424 7.83333 
0.5 0.5 6 1 -0.534389 -0.111312 7.83333 
10.5 0.5 -0.5 1 -0.106835 -0.428872 7.83333 
10.5 0.5 6 1 -0.101626 -0.139816 7.83333 
10.5 10.5 -0.5 1 0.324184 -0.512479 7.83333 
10.5 10.5 6 1 0.299913 -0.11712 7.83333 
0.5 10.5 -0.5 1 -0.106858 -0.779708 7.83333 
0.5 10.5 6 1 -0.0945859 -0.0543309 7.83333 
0.5 5.5 9.5 1 -0.347938 0.160918 7.83333 
10.5 5.5 9.5 1 0.0669087 0.0331106 7.83333 
0.5 6.5 -0.5 1 -0.357508 -0.6548 7.83333 
0.5 8.5 -0.5 1 -0.24747 -0.709636 7.83333 
0.5 8.5 4.5 1 -0.226251 -0.204928 7.83333 
0.5 6.5 4.5 1 -0.329554 -0.204962 7.83333 
0.5 2.5 2 1 -0.50098 -0.383351 7.83333 
0.5 4.5 2 1 -0.429416 -0.400151 7.83333 
0.5 4.5 4.5 1 -0.414079 -0.20499 7.83333 
0.5 2.5 4.5 1 -0.48452 -0.205013 7.83333 
