0 0 0 1 0.394683 -0.656944 14.1334 
0 0 6.5 1 0.356686 -0.121293 14.1334 
10 0 0 1 -0.325368 -0.576418 14.1334 
10 0 6.5 1 -0.299439 -0.134835 14.1334 
10 10 0 1 -0.0878996 -0.430966 14.1334 
10 10 6.5 1 -0.083551 -0.15987 14.1334 
0 10 0 1 0.346775 -0.458615 14.1334 
0 10 6.5 1 0.32713 -0.154786 14.1334 
0 5 10 1 0.325563 0.0444298 14.1334 
10 5 10 1 -0.161703 0.0140069 14.1334 
0 6 0 1 0.359857 -0.512774 14.1334 
0 8 0 1 0.352691 -0.483104 14.1334 
0 8 5 1 0.335702 -0.223571 14.1334 
0 6 5 1 0.340789 -0.225673 14.1334 
0 2 2.5 1 0.366944 -0.407511 14.1334 
0 4 2.5 1 0.357536 -0.384005 14.1334 
0 4 5 1 0.347008 -0.228242 14.1334 
0 2 5 1 0.354787 -0.231454 14.1334 
0.5 0.5 -0.5 1 0.351656 -0.679102 14.1334 
0.5 0.5 6 1 0.319005 -0.16073 14.1334 
10.5 0.5 -0.5 1 -0.337295 -0.597415 14.1334 
10.5 0.5 6 1 -0.311226 -0.167606 14.1334 
10.5 10.5 -0.5 1 -0.100117 -0.446922 14.1334 
10.5 10.5 6 1 -0.0952473 -0.180284 14.1334 
0.5 10.5 -0.5 1 0.323195 -0.475842 14.1334 
0.5 10.5 6 1 0.305273 -0.177606 14.1334 
0.5 5.5 9.5 1 0.299212 0.0116935 14.1334 
10.5 5.5 9.5 1 -0.173746 -0.0141171 14.1334 
0.5 6.5 -0.5 1 0.331066 -0.532056 14.1334 
0.5 8.5 -0.5 1 0.326763 -0.501328 14.1334 
0.5 8.5 4.5 1 0.311391 -0.247107 14.1334 
0.5 6.5 4.5 1 0.313973 -0.25145 14.1334 
0.5 2.5 2 1 0.331652 -0.43451 14.1334 
0.5 4.5 2 1 0.326452 -0.408698 14.1334 
0.5 4.5 4.5 1 0.317113 -0.256732 14.1334 
0.5 2.5 4.5 1 0.321014 -0.263296 14.1334 
