0 0 0 1 0.363024 -0.679372 14.5001 
0 0 6.5 1 0.347942 -0.166787 14.5001 
10 0 0 1 -0.362811 -0.602603 14.5001 
10 0 6.5 1 -0.320153 -0.146497 14.5001 
10 10 0 1 -0.154441 -0.438289 14.5001 
10 10 6.5 1 -0.138103 -0.165023 14.5001 
0 10 0 1 0.273218 -0.47082 14.5001 
0 10 6.5 1 0.268864 -0.178223 14.5001 
0 5 10 1 0.294574 0.00755482 14.5001 
10 5 10 1 -0.195334 0.00984873 14.5001 
0 6 0 1 0.297935 -0.52822 14.5001 
0 8 0 1 0.284413 -0.496817 14.5001 
0 8 5 1 0.280235 -0.247424 14.5001 
0 6 5 1 0.292703 -0.252638 14.5001 
0 2 2.5 1 0.331121 -0.43603 14.5001 
0 4 2.5 1 0.311164 -0.408793 14.5001 
0 4 5 1 0.307912 -0.258998 14.5001 
0 2 5 1 0.326877 -0.266929 14.5001 
0.5 0.5 -0.5 1 0.317441 -0.699183 14.5001 
0.5 0.5 6 1 0.306639 -0.201509 14.5001 
10.5 0.5 -0.5 1 -0.380748 -0.62279 14.5001 
10.5 0.5 6 1 -0.337987 -0.178489 14.5001 
10.5 10.5 -0.5 1 -0.16927 -0.453637 14.5001 
10.5 10.5 6 1 -0.152534 -0.184627 14.5001 
0.5 10.5 -0.5 1 0.248683 -0.486529 14.5001 
0.5 10.5 6 1 0.245637 -0.198815 14.5001 
0.5 5.5 9.5 1 0.265871 -0.0217097 14.5001 
10.5 5.5 9.5 1 -0.211332 -0.0173799 14.5001 
0.5 6.5 -0.5 1 0.267818 -0.545709 14.5001 
0.5 8.5 -0.5 1 0.257369 -0.513395 14.5001 
0.5 8.5 4.5 1 0.254423 -0.268618 14.5001 
0.5 6.5 4.5 1 0.264103 -0.27576 14.5001 
0.5 2.5 2 1 0.293466 -0.460071 14.5001 
0.5 4.5 2 1 0.278177 -0.430916 14.5001 
0.5 4.5 4.5 1 0.275855 -0.284431 14.5001 
0.5 2.5 4.5 1 0.290427 -0.295182 14.5001 
