0 0 0 1 0.234686 -0.396547 1.16667 
0 0 6.5 1 0.210746 -0.0869145 1.16667 
10 0 0 1 0.715909 -0.54878 1.16667 
10 0 6.5 1 0.630912 -0.00602031 1.16667 
10 10 0 1 -0.111739 -0.748147 1.16667 
10 10 6.5 1 -0.124278 0.0222079 1.16667 
0 10 0 1 -0.254468 -0.460182 1.16667 
0 10 6.5 1 -0.251717 -0.0879049 1.16667 
0 5 10 1 -0.00692067 0.0788412 1.16667 
10 5 10 1 0.284367 0.295837 1.16667 
0 6 0 1 -0.0368551 -0.431872 1.16667 
0 8 0 1 -0.141435 -0.445477 1.16667 
0 8 5 1 -0.14479 -0.166285 1.16667 
0 6 5 1 -0.0449308 -0.163267 1.16667 
0 2 2.5 1 0.142484 -0.279913 1.16667 
0 4 2.5 1 0.0539789 -0.286896 1.16667 
0 4 5 1 0.0480508 -0.160457 1.16667 
0 2 5 1 0.134841 -0.157835 1.16667 
0.5 0.5 -0.5 1 0.229634 -0.429793 1.16667 
0.5 0.5 6 1 0.205162 -0.107813 1.16667 
10.5 0.5 -0.5 1 0.738296 -0.619645 1.16667 
10.5 0.5 6 1 0.64608 -0.0377884 1.16667 
10.5 10.5 -0.5 1 -0.158747 -0.871417 1.16667 
10.5 10.5 6 1 -0.165921 -0.0200478 1.16667 
0.5 10.5 -0.5 1 -0.281857 -0.503206 1.16667 
0.5 10.5 6 1 -0.277175 -0.112958 1.16667 
0.5 5.5 9.5 1 -0.0206041 0.0627209 1.16667 
10.5 5.5 9.5 1 0.278422 0.280588 1.16667 
0.5 6.5 -0.5 1 -0.0533864 -0.470414 1.16667 
0.5 8.5 -0.5 1 -0.162999 -0.486146 1.16667 
0.5 8.5 4.5 1 -0.165412 -0.193857 1.16667 
0.5 6.5 4.5 1 -0.0609761 -0.189703 1.16667 
0.5 2.5 2 1 0.134017 -0.30933 1.16667 
0.5 4.5 2 1 0.0418672 -0.317651 1.16667 
0.5 4.5 4.5 1 0.0360013 -0.185846 1.16667 
0.5 2.5 4.5 1 0.126292 -0.182255 1.16667 
