0 0 0 1 -0.270273 -0.0573329 5.56666 
0 0 6.5 1 -0.300855 0.215201 5.56666 
10 0 0 1 0.124683 -0.0160567 5.56666 
10 0 6.5 1 0.109603 0.238853 5.56666 
10 10 0 1 0.31421 -0.0965979 5.56666 
10 10 6.5 1 0.300052 0.315398 5.56666 
0 10 0 1 -0.323692 -0.17542 5.56666 
0 10 6.5 1 -0.379482 0.284679 5.56666 
0 5 10 1 -0.352657 0.438468 5.56666 
10 5 10 1 0.172932 0.448711 5.56666 
0 6 0 1 -0.295524 -0.113153 5.56666 
0 8 0 1 -0.307937 -0.140592 5.56666 
0 8 5 1 -0.344361 0.166629 5.56666 
0 6 5 1 -0.327484 0.161287 5.56666 
0 2 2.5 1 -0.289847 0.0387198 5.56666 
0 4 2.5 1 -0.299489 0.0309855 5.56666 
0 4 5 1 -0.313951 0.157004 5.56666 
0 2 5 1 -0.302859 0.153493 5.56666 
0.5 0.5 -0.5 1 -0.248116 -0.0791779 5.56666 
0.5 0.5 6 1 -0.278324 0.196503 5.56666 
10.5 0.5 -0.5 1 0.150472 -0.0358698 5.56666 
10.5 0.5 6 1 0.136074 0.221797 5.56666 
10.5 10.5 -0.5 1 0.359796 -0.130252 5.56666 
10.5 10.5 6 1 0.347901 0.288993 5.56666 
0.5 10.5 -0.5 1 -0.287528 -0.21511 5.56666 
0.5 10.5 6 1 -0.342408 0.254018 5.56666 
0.5 5.5 9.5 1 -0.32432 0.418355 5.56666 
10.5 5.5 9.5 1 0.207742 0.430586 5.56666 
0.5 6.5 -0.5 1 -0.266654 -0.143113 5.56666 
0.5 8.5 -0.5 1 -0.275827 -0.174751 5.56666 
0.5 8.5 4.5 1 -0.311678 0.137674 5.56666 
0.5 6.5 4.5 1 -0.298141 0.135475 5.56666 
0.5 2.5 2 1 -0.265659 0.0160593 5.56666 
0.5 4.5 2 1 -0.273068 0.00594712 5.56666 
0.5 4.5 4.5 1 -0.287333 0.13372 5.56666 
0.5 2.5 4.5 1 -0.278504 0.132287 5.56666 
