0 0 0 1 0.291335 -0.378151 19.7667 
0 0 6.5 1 0.256502 -0.0348489 19.7667 
10 0 0 1 0.520348 -0.624235 19.7667 
10 0 6.5 1 0.427359 0.0844272 19.7667 
10 10 0 1 -0.55052 -0.652272 19.7667 
10 10 6.5 1 -0.534048 0.0110627 19.7667 
0 10 0 1 -0.229915 -0.40115 19.7667 
0 10 6.5 1 -0.23741 -0.0687949 19.7667 
0 5 10 1 -0.00516232 0.115849 19.7667 
10 5 10 1 -0.0859669 0.361725 19.7667 
0 6 0 1 -0.0261264 -0.392159 19.7667 
0 8 0 1 -0.128782 -0.396688 19.7667 
0 8 5 1 -0.138628 -0.136358 19.7667 
0 6 5 1 -0.0401025 -0.130124 19.7667 
0 2 2.5 1 0.17236 -0.247419 19.7667 
0 4 2.5 1 0.0687879 -0.253 19.7667 
0 4 5 1 0.0598585 -0.123799 19.7667 
0 2 5 1 0.161287 -0.117382 19.7667 
0.5 0.5 -0.5 1 0.271984 -0.414071 19.7667 
0.5 0.5 6 1 0.237216 -0.0593098 19.7667 
10.5 0.5 -0.5 1 0.492887 -0.71807 19.7667 
10.5 0.5 6 1 0.397608 0.0411527 19.7667 
10.5 10.5 -0.5 1 -0.638754 -0.740303 19.7667 
10.5 10.5 6 1 -0.612463 -0.0329995 19.7667 
0.5 10.5 -0.5 1 -0.263249 -0.43635 19.7667 
0.5 10.5 6 1 -0.26923 -0.0932801 19.7667 
0.5 5.5 9.5 1 -0.0305174 0.0964965 19.7667 
10.5 5.5 9.5 1 -0.139694 0.336661 19.7667 
0.5 6.5 -0.5 1 -0.0541324 -0.427646 19.7667 
0.5 8.5 -0.5 1 -0.159495 -0.432031 19.7667 
0.5 8.5 4.5 1 -0.16837 -0.163165 19.7667 
0.5 6.5 4.5 1 -0.067355 -0.156959 19.7667 
0.5 2.5 2 1 0.150173 -0.278578 19.7667 
0.5 4.5 2 1 0.0438391 -0.284078 19.7667 
0.5 4.5 4.5 1 0.0351729 -0.15066 19.7667 
0.5 2.5 4.5 1 0.139248 -0.144266 19.7667 
