0 0 0 1 0.37199 -0.516559 13.0001 
0 0 6.5 1 0.30285 0.0727121 13.0001 
10 0 0 1 -0.236936 -0.408949 13.0001 
10 0 6.5 1 -0.263418 -0.0227861 13.0001 
10 10 0 1 0.0786235 -0.281796 13.0001 
10 10 6.5 1 0.0537714 -0.0212089 13.0001 
0 10 0 1 0.525953 -0.304286 13.0001 
0 10 6.5 1 0.481105 0.0352549 13.0001 
0 5 10 1 0.387409 0.268718 13.0001 
10 5 10 1 -0.0884379 0.139202 13.0001 
0 6 0 1 0.483322 -0.363062 13.0001 
0 8 0 1 0.506621 -0.330939 13.0001 
0 8 5 1 0.469201 -0.0435435 13.0001 
0 6 5 1 0.442769 -0.0461131 13.0001 
0 2 2.5 1 0.39399 -0.249385 13.0001 
0 4 2.5 1 0.432258 -0.223301 13.0001 
0 4 5 1 0.410469 -0.0492532 13.0001 
0 2 5 1 0.370101 -0.0531776 13.0001 
0.5 0.5 -0.5 1 0.34572 -0.536223 13.0001 
0.5 0.5 6 1 0.281509 0.0220322 13.0001 
10.5 0.5 -0.5 1 -0.23146 -0.426037 13.0001 
10.5 0.5 6 1 -0.257143 -0.0534343 13.0001 
10.5 10.5 -0.5 1 0.0742573 -0.296739 13.0001 
10.5 10.5 6 1 0.050122 -0.0423928 13.0001 
0.5 10.5 -0.5 1 0.505352 -0.322944 13.0001 
0.5 10.5 6 1 0.462519 0.00607712 13.0001 
0.5 5.5 9.5 1 0.368324 0.223586 13.0001 
10.5 5.5 9.5 1 -0.0885222 0.109749 13.0001 
0.5 6.5 -0.5 1 0.460366 -0.383048 13.0001 
0.5 8.5 -0.5 1 0.484876 -0.350301 13.0001 
0.5 8.5 4.5 1 0.449282 -0.0726771 13.0001 
0.5 6.5 4.5 1 0.421967 -0.0779443 13.0001 
0.5 2.5 2 1 0.370226 -0.279449 13.0001 
0.5 4.5 2 1 0.409383 -0.251266 13.0001 
0.5 4.5 4.5 1 0.388849 -0.0843306 13.0001 
0.5 2.5 4.5 1 0.347857 -0.0922351 13.0001 
