0 0 0 1 -0.397746 -0.394953 6.6 
0 0 6.5 1 -0.41954 -0.0776374 6.6 
10 0 0 1 0.024448 -0.298679 6.6 
10 0 6.5 1 7.86603e-05 -0.0423308 6.6 
10 10 0 1 0.324677 -0.396296 6.6 
10 10 6.5 1 0.280528 -0.00509 6.6 
0 10 0 1 -0.289649 -0.604601 6.6 
0 10 6.5 1 -0.330796 -0.0511094 6.6 
0 5 10 1 -0.401736 0.141211 6.6 
10 5 10 1 0.0949635 0.134417 6.6 
0 6 0 1 -0.347812 -0.491797 6.6 
0 8 0 1 -0.322511 -0.540866 6.6 
0 8 5 1 -0.349612 -0.167757 6.6 
0 6 5 1 -0.37135 -0.161738 6.6 
0 2 2.5 1 -0.393597 -0.286002 6.6 
0 4 2.5 1 -0.378381 -0.30355 6.6 
0 4 5 1 -0.388682 -0.156939 6.6 
0 2 5 1 -0.402826 -0.153022 6.6 
0.5 0.5 -0.5 1 -0.366522 -0.42018 6.6 
0.5 0.5 6 1 -0.38917 -0.0988622 6.6 
10.5 0.5 -0.5 1 0.0535202 -0.318184 6.6 
10.5 0.5 6 1 0.0284699 -0.059227 6.6 
10.5 10.5 -0.5 1 0.373567 -0.427642 6.6 
10.5 10.5 6 1 0.327628 -0.0303314 6.6 
0.5 10.5 -0.5 1 -0.232484 -0.653218 6.6 
0.5 10.5 6 1 -0.276368 -0.0874481 6.6 
0.5 5.5 9.5 1 -0.363459 0.117662 6.6 
10.5 5.5 9.5 1 0.129915 0.116115 6.6 
0.5 6.5 -0.5 1 -0.304886 -0.527339 6.6 
0.5 8.5 -0.5 1 -0.273473 -0.581955 6.6 
0.5 8.5 4.5 1 -0.302158 -0.201616 6.6 
0.5 6.5 4.5 1 -0.32965 -0.191633 6.6 
0.5 2.5 2 1 -0.359651 -0.312054 6.6 
0.5 4.5 2 1 -0.340713 -0.332539 6.6 
0.5 4.5 4.5 1 -0.351496 -0.1837 6.6 
0.5 2.5 4.5 1 -0.369273 -0.177244 6.6 
