0 0 0 1 -0.170974 -0.0192182 4.83333 
0 0 6.5 1 -0.18301 0.238819 4.83333 
10 0 0 1 0.219261 -0.0189266 4.83333 
10 0 6.5 1 0.22774 0.244623 4.83333 
10 10 0 1 0.324996 -0.157666 4.83333 
10 10 6.5 1 0.348765 0.273938 4.83333 
0 10 0 1 -0.306053 -0.153711 4.83333 
0 10 6.5 1 -0.337743 0.26328 4.83333 
0 5 10 1 -0.252089 0.437474 4.83333 
10 5 10 1 0.280759 0.450541 4.83333 
0 6 0 1 -0.236157 -0.0841184 4.83333 
0 8 0 1 -0.267314 -0.11514 4.83333 
0 8 5 1 -0.286231 0.165479 4.83333 
0 6 5 1 -0.251511 0.169221 4.83333 
0 2 2.5 1 -0.194388 0.0665062 4.83333 
0 4 2.5 1 -0.216768 0.0541664 4.83333 
0 4 5 1 -0.223273 0.172263 4.83333 
0 2 5 1 -0.199856 0.174787 4.83333 
0.5 0.5 -0.5 1 -0.15491 -0.0426272 4.83333 
0.5 0.5 6 1 -0.166302 0.218614 4.83333 
10.5 0.5 -0.5 1 0.24217 -0.0428121 4.83333 
10.5 0.5 6 1 0.25204 0.224082 4.83333 
10.5 10.5 -0.5 1 0.365605 -0.200789 4.83333 
10.5 10.5 6 1 0.393839 0.239786 4.83333 
0.5 10.5 -0.5 1 -0.283544 -0.195317 4.83333 
0.5 10.5 6 1 -0.314146 0.230038 4.83333 
0.5 5.5 9.5 1 -0.231909 0.41565 4.83333 
10.5 5.5 9.5 1 0.313786 0.428398 4.83333 
0.5 6.5 -0.5 1 -0.216662 -0.115927 4.83333 
0.5 8.5 -0.5 1 -0.246389 -0.151213 4.83333 
0.5 8.5 4.5 1 -0.26454 0.134291 4.83333 
0.5 6.5 4.5 1 -0.231326 0.141398 4.83333 
0.5 2.5 2 1 -0.177036 0.0421555 4.83333 
0.5 4.5 2 1 -0.198245 0.027307 4.83333 
0.5 4.5 4.5 1 -0.204438 0.147152 4.83333 
0.5 2.5 4.5 1 -0.182225 0.151906 4.83333 
