0 0 0 1 0.152452 -0.411997 1.9 
0 0 6.5 1 0.1533 -0.11899 1.9 
10 0 0 1 0.640556 -0.551447 1.9 
10 0 6.5 1 0.603025 -0.0925188 1.9 
10 10 0 1 0.0963491 -0.750767 1.9 
10 10 6.5 1 0.105335 -0.00994825 1.9 
0 10 0 1 -0.28872 -0.468715 1.9 
0 10 6.5 1 -0.257599 -0.0818635 1.9 
0 5 10 1 -0.0188441 0.0608612 1.9 
10 5 10 1 0.396737 0.201612 1.9 
0 6 0 1 -0.0814236 -0.442064 1.9 
0 8 0 1 -0.178663 -0.454566 1.9 
0 8 5 1 -0.161278 -0.170707 1.9 
0 6 5 1 -0.0695991 -0.174545 1.9 
0 2 2.5 1 0.0844971 -0.298415 1.9 
0 4 2.5 1 0.00886213 -0.301562 1.9 
0 4 5 1 0.012442 -0.177979 1.9 
0 2 5 1 0.0862893 -0.18107 1.9 
0.5 0.5 -0.5 1 0.151254 -0.443431 1.9 
0.5 0.5 6 1 0.152196 -0.138722 1.9 
10.5 0.5 -0.5 1 0.666963 -0.610069 1.9 
10.5 0.5 6 1 0.625223 -0.121824 1.9 
10.5 10.5 -0.5 1 0.0875261 -0.870301 1.9 
10.5 10.5 6 1 0.098469 -0.0500157 1.9 
0.5 10.5 -0.5 1 -0.311767 -0.513767 1.9 
0.5 10.5 6 1 -0.277602 -0.106253 1.9 
0.5 5.5 9.5 1 -0.0265416 0.0458894 1.9 
10.5 5.5 9.5 1 0.409853 0.185651 1.9 
0.5 6.5 -0.5 1 -0.0928225 -0.480508 1.9 
0.5 8.5 -0.5 1 -0.195218 -0.496063 1.9 
0.5 8.5 4.5 1 -0.17622 -0.197811 1.9 
0.5 6.5 4.5 1 -0.0799575 -0.20024 1.9 
0.5 2.5 2 1 0.080735 -0.326578 1.9 
0.5 4.5 2 1 0.00191842 -0.331423 1.9 
0.5 4.5 4.5 1 0.00579713 -0.202403 1.9 
0.5 2.5 4.5 1 0.0826753 -0.204343 1.9 
