0 0 0 1 0.275314 -0.281682 15.8334 
0 0 6.5 1 0.318008 0.11648 15.8334 
10 0 0 1 -0.374757 -0.269755 15.8334 
10 0 6.5 1 -0.331714 0.204662 15.8334 
10 10 0 1 -0.329077 -0.136951 15.8334 
10 10 6.5 1 -0.303634 0.140879 15.8334 
0 10 0 1 0.0744807 -0.157685 15.8334 
0 10 6.5 1 0.0999163 0.0921278 15.8334 
0 5 10 1 0.201217 0.268792 15.8334 
10 5 10 1 -0.296526 0.355667 15.8334 
0 6 0 1 0.133736 -0.19427 15.8334 
0 8 0 1 0.101725 -0.174507 15.8334 
0 8 5 1 0.122985 0.0328035 15.8334 
0 6 5 1 0.157048 0.0311623 15.8334 
0 2 2.5 1 0.232502 -0.11024 15.8334 
0 4 2.5 1 0.184741 -0.0946936 15.8334 
0 4 5 1 0.197681 0.0292045 15.8334 
0 2 5 1 0.246988 0.0268288 15.8334 
0.5 0.5 -0.5 1 0.229752 -0.301189 15.8334 
0.5 0.5 6 1 0.271049 0.0879457 15.8334 
10.5 0.5 -0.5 1 -0.411789 -0.293161 15.8334 
10.5 0.5 6 1 -0.370312 0.168496 15.8334 
10.5 10.5 -0.5 1 -0.351739 -0.152878 15.8334 
10.5 10.5 6 1 -0.326848 0.120527 15.8334 
0.5 10.5 -0.5 1 0.0484344 -0.171757 15.8334 
0.5 10.5 6 1 0.0733519 0.0744721 15.8334 
0.5 5.5 9.5 1 0.166756 0.244003 15.8334 
10.5 5.5 9.5 1 -0.326 0.325732 15.8334 
0.5 6.5 -0.5 1 0.102242 -0.210167 15.8334 
0.5 8.5 -0.5 1 0.0732067 -0.189441 15.8334 
0.5 8.5 4.5 1 0.0939984 0.0146643 15.8334 
0.5 6.5 4.5 1 0.124995 0.0114806 15.8334 
0.5 2.5 2 1 0.192383 -0.131166 15.8334 
0.5 4.5 2 1 0.149265 -0.113922 15.8334 
0.5 4.5 4.5 1 0.161863 0.00769389 15.8334 
0.5 2.5 4.5 1 0.206445 0.00311479 15.8334 
