0 0 0 1 -0.487944 -0.443515 7.09999 
0 0 6.5 1 -0.486853 -0.0860306 7.09999 
10 0 0 1 -0.038135 -0.346908 7.09999 
10 0 6.5 1 -0.0541728 -0.0791273 7.09999 
10 10 0 1 0.311296 -0.416792 7.09999 
10 10 6.5 1 0.269037 -0.0246589 7.09999 
0 10 0 1 -0.273448 -0.627236 7.09999 
0 10 6.5 1 -0.289523 -0.00711106 7.09999 
0 5 10 1 -0.415235 0.164909 7.09999 
10 5 10 1 0.0650506 0.103032 7.09999 
0 6 0 1 -0.389093 -0.528184 7.09999 
0 8 0 1 -0.338854 -0.571214 7.09999 
0 8 5 1 -0.346148 -0.148167 7.09999 
0 6 5 1 -0.393016 -0.153883 7.09999 
0 2 2.5 1 -0.461296 -0.311069 7.09999 
0 4 2.5 1 -0.429761 -0.322326 7.09999 
0 4 5 1 -0.430592 -0.158465 7.09999 
0 2 5 1 -0.461391 -0.162222 7.09999 
0.5 0.5 -0.5 1 -0.451606 -0.471482 7.09999 
0.5 0.5 6 1 -0.452315 -0.109582 7.09999 
10.5 0.5 -0.5 1 -0.00795334 -0.367188 7.09999 
10.5 0.5 6 1 -0.0252329 -0.0969267 7.09999 
10.5 10.5 -0.5 1 0.359433 -0.447511 7.09999 
10.5 10.5 6 1 0.314138 -0.0500385 7.09999 
0.5 10.5 -0.5 1 -0.205877 -0.679533 7.09999 
0.5 10.5 6 1 -0.227911 -0.0460522 7.09999 
0.5 5.5 9.5 1 -0.372411 0.138797 7.09999 
10.5 5.5 9.5 1 0.0994257 0.0837836 7.09999 
0.5 6.5 -0.5 1 -0.338772 -0.567015 7.09999 
0.5 8.5 -0.5 1 -0.281159 -0.615795 7.09999 
0.5 8.5 4.5 1 -0.291902 -0.184722 7.09999 
0.5 6.5 4.5 1 -0.345341 -0.186436 7.09999 
0.5 2.5 2 1 -0.42211 -0.33977 7.09999 
0.5 4.5 2 1 -0.386226 -0.354087 7.09999 
0.5 4.5 4.5 1 -0.388078 -0.187806 7.09999 
0.5 2.5 4.5 1 -0.423034 -0.188926 7.09999 
