0 0 0 1 -0.660914 -0.354011 9.23334 
0 0 6.5 1 -0.592796 0.203779 9.23334 
10 0 0 1 -0.248166 -0.22035 9.23334 
10 0 6.5 1 -0.215625 0.0835444 9.23334 
10 10 0 1 0.234429 -0.29404 9.23334 
10 10 6.5 1 0.264779 0.0488015 9.23334 
0 10 0 1 0.227557 -0.541112 9.23334 
0 10 6.5 1 0.289549 0.163635 9.23334 
0 5 10 1 -0.166856 0.509346 9.23334 
10 5 10 1 0.0271892 0.237448 9.23334 
0 6 0 1 -0.178313 -0.455641 9.23334 
0 8 0 1 0.0145354 -0.496252 9.23334 
0 8 5 1 0.0643183 0.0217305 9.23334 
0 6 5 1 -0.127268 0.0375177 9.23334 
0 2 2.5 1 -0.487539 -0.158021 9.23334 
0 4 2.5 1 -0.32755 -0.181296 9.23334 
0 4 5 1 -0.301838 0.0519029 9.23334 
0 2 5 1 -0.461563 0.0650647 9.23334 
0.5 0.5 -0.5 1 -0.594986 -0.391793 9.23334 
0.5 0.5 6 1 -0.530172 0.150763 9.23334 
10.5 0.5 -0.5 1 -0.218574 -0.24327 9.23334 
10.5 0.5 6 1 -0.186886 0.0560463 9.23334 
10.5 10.5 -0.5 1 0.258963 -0.318477 9.23334 
10.5 10.5 6 1 0.288458 0.0185482 9.23334 
0.5 10.5 -0.5 1 0.277507 -0.581549 9.23334 
0.5 10.5 6 1 0.336011 0.0990381 9.23334 
0.5 5.5 9.5 1 -0.111619 0.441634 9.23334 
10.5 5.5 9.5 1 0.0533315 0.205971 9.23334 
0.5 6.5 -0.5 1 -0.119413 -0.495224 9.23334 
0.5 8.5 -0.5 1 0.0695278 -0.536316 9.23334 
0.5 8.5 4.5 1 0.116572 -0.0353279 9.23334 
0.5 6.5 4.5 1 -0.0710938 -0.0174924 9.23334 
0.5 2.5 2 1 -0.424665 -0.202993 9.23334 
0.5 4.5 2 1 -0.267001 -0.227484 9.23334 
0.5 4.5 4.5 1 -0.242614 -0.00119137 9.23334 
0.5 2.5 4.5 1 -0.399987 0.0137651 9.23334 
