0 0 0 1 0.292383 -0.289436 19.3 
0 0 6.5 1 0.253466 0.0548793 19.3 
10 0 0 1 0.358975 -0.53217 19.3 
10 0 6.5 1 0.276189 0.179601 19.3 
10 10 0 1 -0.586172 -0.524046 19.3 
10 10 6.5 1 -0.607686 0.0546409 19.3 
0 10 0 1 -0.204318 -0.310449 19.3 
0 10 6.5 1 -0.226145 -0.000576372 19.3 
0 5 10 1 -0.014411 0.19389 19.3 
10 5 10 1 -0.234091 0.426942 19.3 
0 6 0 1 -0.0186255 -0.302593 19.3 
0 8 0 1 -0.113452 -0.306605 19.3 
0 8 5 1 -0.132596 -0.0618503 19.3 
0 6 5 1 -0.040202 -0.0527045 19.3 
0 2 2.5 1 0.17031 -0.162136 19.3 
0 4 2.5 1 0.0681888 -0.169375 19.3 
0 4 5 1 0.056219 -0.0431602 19.3 
0 2 5 1 0.156936 -0.0331905 19.3 
0.5 0.5 -0.5 1 0.268798 -0.324496 19.3 
0.5 0.5 6 1 0.229718 0.0285897 19.3 
10.5 0.5 -0.5 1 0.311702 -0.619371 19.3 
10.5 0.5 6 1 0.22802 0.130901 19.3 
10.5 10.5 -0.5 1 -0.661104 -0.593168 19.3 
10.5 10.5 6 1 -0.679654 0.0106782 19.3 
0.5 10.5 -0.5 1 -0.235643 -0.342208 19.3 
0.5 10.5 6 1 -0.257064 -0.025254 19.3 
0.5 5.5 9.5 1 -0.0421106 0.172313 19.3 
10.5 5.5 9.5 1 -0.296399 0.394683 19.3 
0.5 6.5 -0.5 1 -0.0473416 -0.335596 19.3 
0.5 8.5 -0.5 1 -0.143542 -0.338974 19.3 
0.5 8.5 4.5 1 -0.162441 -0.0884766 19.3 
0.5 6.5 4.5 1 -0.0687475 -0.0797177 19.3 
0.5 2.5 2 1 0.144817 -0.193146 19.3 
0.5 4.5 2 1 0.0410425 -0.199844 19.3 
0.5 4.5 4.5 1 0.029117 -0.0705688 19.3 
0.5 2.5 4.5 1 0.131438 -0.0610034 19.3 
