0 0 0 1 0.00531259 -0.133694 3.3 
0 0 6.5 1 0.0304555 0.118589 3.3 
10 0 0 1 0.420952 -0.215526 3.3 
10 0 6.5 1 0.456528 0.0987647 3.3 
10 10 0 1 0.298703 -0.350381 3.3 
10 10 6.5 1 0.358038 0.190198 3.3 
0 10 0 1 -0.289476 -0.187348 3.3 
0 10 6.5 1 -0.255119 0.192602 3.3 
0 5 10 1 -0.0674769 0.313808 3.3 
10 5 10 1 0.444846 0.350533 3.3 
0 6 0 1 -0.141958 -0.160499 3.3 
0 8 0 1 -0.208981 -0.172697 3.3 
0 8 5 1 -0.184373 0.0920379 3.3 
0 6 5 1 -0.118907 0.0820054 3.3 
0 2 2.5 1 -0.0265631 -0.0378743 3.3 
0 4 2.5 1 -0.0744935 -0.0387226 3.3 
0 4 5 1 -0.0636241 0.0735333 3.3 
0 2 5 1 -0.0163195 0.066284 3.3 
0.5 0.5 -0.5 1 0.0103875 -0.158663 3.3 
0.5 0.5 6 1 0.036249 0.100204 3.3 
10.5 0.5 -0.5 1 0.441243 -0.249599 3.3 
10.5 0.5 6 1 0.478233 0.0749755 3.3 
10.5 10.5 -0.5 1 0.32716 -0.418187 3.3 
10.5 10.5 6 1 0.390575 0.153546 3.3 
0.5 10.5 -0.5 1 -0.293732 -0.227555 3.3 
0.5 10.5 6 1 -0.258013 0.167528 3.3 
0.5 5.5 9.5 1 -0.0636375 0.297843 3.3 
10.5 5.5 9.5 1 0.472281 0.330875 3.3 
0.5 6.5 -0.5 1 -0.140517 -0.192848 3.3 
0.5 8.5 -0.5 1 -0.209871 -0.208558 3.3 
0.5 8.5 4.5 1 -0.184357 0.0656915 3.3 
0.5 6.5 4.5 1 -0.116674 0.0576161 3.3 
0.5 2.5 2 1 -0.0220122 -0.0620194 3.3 
0.5 4.5 2 1 -0.0710675 -0.0648233 3.3 
0.5 4.5 4.5 1 -0.0598467 0.0508359 3.3 
0.5 2.5 4.5 1 -0.0114575 0.0450625 3.3 
