0 0 0 1 0.308902 -0.539906 12.5667 
0 0 6.5 1 0.247585 0.0711087 12.5667 
10 0 0 1 -0.223461 -0.367635 12.5667 
10 0 6.5 1 -0.260522 0.00180813 12.5667 
10 10 0 1 0.120323 -0.232383 12.5667 
10 10 6.5 1 0.0940745 0.0292072 12.5667 
0 10 0 1 0.570506 -0.282226 12.5667 
0 10 6.5 1 0.534041 0.0810638 12.5667 
0 5 10 1 0.402605 0.322695 12.5667 
10 5 10 1 -0.0694686 0.182774 12.5667 
0 6 0 1 0.496246 -0.355372 12.5667 
0 8 0 1 0.536652 -0.315572 12.5667 
0 8 5 1 0.506128 -0.0114564 12.5667 
0 6 5 1 0.462769 -0.0218235 12.5667 
0 2 2.5 1 0.365584 -0.256823 12.5667 
0 4 2.5 1 0.428649 -0.219054 12.5667 
0 4 5 1 0.410118 -0.0344121 12.5667 
0 2 5 1 0.34483 -0.0500223 12.5667 
0.5 0.5 -0.5 1 0.292679 -0.5503 12.5667 
0.5 0.5 6 1 0.235201 0.0224646 12.5667 
10.5 0.5 -0.5 1 -0.212856 -0.380765 12.5667 
10.5 0.5 6 1 -0.248479 -0.025661 12.5667 
10.5 10.5 -0.5 1 0.118361 -0.245546 12.5667 
10.5 10.5 6 1 0.0928427 0.00877259 12.5667 
0.5 10.5 -0.5 1 0.550617 -0.298408 12.5667 
0.5 10.5 6 1 0.515546 0.0510078 12.5667 
0.5 5.5 9.5 1 0.385866 0.273897 12.5667 
10.5 5.5 9.5 1 -0.0656063 0.153986 12.5667 
0.5 6.5 -0.5 1 0.476043 -0.371234 12.5667 
0.5 8.5 -0.5 1 0.516484 -0.331741 12.5667 
0.5 8.5 4.5 1 0.487225 -0.0402226 12.5667 
0.5 6.5 4.5 1 0.444081 -0.0527786 12.5667 
0.5 2.5 2 1 0.348054 -0.281752 12.5667 
0.5 4.5 2 1 0.409759 -0.243328 12.5667 
0.5 4.5 4.5 1 0.392152 -0.0678911 12.5667 
0.5 2.5 4.5 1 0.328452 -0.0864295 12.5667 
