0 0 0 1 -0.249174 -0.0280085 5.4 
0 0 6.5 1 -0.276953 0.241951 5.4 
10 0 0 1 0.144888 0.005089 5.4 
10 0 6.5 1 0.134341 0.262942 5.4 
10 10 0 1 0.31708 -0.0816787 5.4 
10 10 6.5 1 0.311104 0.338096 5.4 
0 10 0 1 -0.322975 -0.143887 5.4 
0 10 6.5 1 -0.375773 0.30896 5.4 
0 5 10 1 -0.334771 0.464233 5.4 
10 5 10 1 0.195324 0.476937 5.4 
0 6 0 1 -0.284198 -0.0830014 5.4 
0 8 0 1 -0.301323 -0.109891 5.4 
0 8 5 1 -0.335344 0.192456 5.4 
0 6 5 1 -0.313778 0.187542 5.4 
0 2 2.5 1 -0.270326 0.0666622 5.4 
0 4 2.5 1 -0.283135 0.05888 5.4 
0 4 5 1 -0.296451 0.183594 5.4 
0 2 5 1 -0.282225 0.180353 5.4 
0.5 0.5 -0.5 1 -0.228355 -0.0499955 5.4 
0.5 0.5 6 1 -0.25566 0.223091 5.4 
10.5 0.5 -0.5 1 0.170119 -0.0153759 5.4 
10.5 0.5 6 1 0.16045 0.245335 5.4 
10.5 10.5 -0.5 1 0.361887 -0.116841 5.4 
10.5 10.5 6 1 0.358814 0.310559 5.4 
0.5 10.5 -0.5 1 -0.289857 -0.183563 5.4 
0.5 10.5 6 1 -0.341574 0.278136 5.4 
0.5 5.5 9.5 1 -0.308124 0.444 5.4 
10.5 5.5 9.5 1 0.229998 0.458249 5.4 
0.5 6.5 -0.5 1 -0.257395 -0.113064 5.4 
0.5 8.5 -0.5 1 -0.271691 -0.144111 5.4 
0.5 8.5 4.5 1 -0.30502 0.16333 5.4 
0.5 6.5 4.5 1 -0.286395 0.161556 5.4 
0.5 2.5 2 1 -0.247621 0.0438405 5.4 
0.5 4.5 2 1 -0.258427 0.0336823 5.4 
0.5 4.5 4.5 1 -0.271497 0.160137 5.4 
0.5 2.5 4.5 1 -0.259309 0.158976 5.4 
