0 0 0 1 0.12667 -0.419806 2.1 
0 0 6.5 1 0.134307 -0.131319 2.1 
10 0 0 1 0.608515 -0.568975 2.1 
10 0 6.5 1 0.586257 -0.129811 2.1 
10 10 0 1 0.138219 -0.793178 2.1 
10 10 6.5 1 0.155148 -0.0629673 2.1 
0 10 0 1 -0.298461 -0.484986 2.1 
0 10 6.5 1 -0.261492 -0.0942941 2.1 
0 5 10 1 -0.0257128 0.0488528 2.1 
10 5 10 1 0.414986 0.15382 2.1 
0 6 0 1 -0.0960754 -0.453957 2.1 
0 8 0 1 -0.190421 -0.468422 2.1 
0 8 5 1 -0.168388 -0.183912 2.1 
0 6 5 1 -0.0794484 -0.187326 2.1 
0 2 2.5 1 0.0652582 -0.309154 2.1 
0 4 2.5 1 -0.00670015 -0.313179 2.1 
0 4 5 1 -0.000679357 -0.190348 2.1 
0 2 5 1 0.0695692 -0.193044 2.1 
0.5 0.5 -0.5 1 0.126266 -0.451465 2.1 
0.5 0.5 6 1 0.13418 -0.151703 2.1 
10.5 0.5 -0.5 1 0.634411 -0.626303 2.1 
10.5 0.5 6 1 0.609119 -0.160534 2.1 
10.5 10.5 -0.5 1 0.138232 -0.914926 2.1 
10.5 10.5 6 1 0.15659 -0.108218 2.1 
0.5 10.5 -0.5 1 -0.319846 -0.531889 2.1 
0.5 10.5 6 1 -0.279778 -0.120232 2.1 
0.5 5.5 9.5 1 -0.0318913 0.0328733 2.1 
10.5 5.5 9.5 1 0.431776 0.134498 2.1 
0.5 6.5 -0.5 1 -0.10603 -0.493343 2.1 
0.5 8.5 -0.5 1 -0.205374 -0.511252 2.1 
0.5 8.5 4.5 1 -0.18167 -0.21236 2.1 
0.5 6.5 4.5 1 -0.088281 -0.214116 2.1 
0.5 2.5 2 1 0.0625793 -0.337908 2.1 
0.5 4.5 2 1 -0.0123491 -0.343834 2.1 
0.5 4.5 4.5 1 -0.00597913 -0.215664 2.1 
0.5 2.5 4.5 1 0.0670992 -0.217039 2.1 
