0 0 0 1 0.257805 -0.0824907 17.9001 
0 0 6.5 1 0.251913 0.282896 17.9001 
10 0 0 1 -0.124832 -0.298474 17.9001 
10 0 6.5 1 -0.177998 0.343184 17.9001 
10 10 0 1 -0.558281 -0.157662 17.9001 
10 10 6.5 1 -0.62011 0.243772 17.9001 
0 10 0 1 -0.13195 -0.0402629 17.9001 
0 10 6.5 1 -0.153892 0.232328 17.9001 
0 5 10 1 0.00916481 0.435761 17.9001 
10 5 10 1 -0.490752 0.583417 17.9001 
0 6 0 1 -0.00180033 -0.0543639 17.9001 
0 8 0 1 -0.0702713 -0.0469455 17.9001 
0 8 5 1 -0.0856471 0.17156 17.9001 
0 6 5 1 -0.0154355 0.176349 17.9001 
0 2 2.5 1 0.156459 0.055168 17.9001 
0 4 2.5 1 0.0690833 0.0571064 17.9001 
0 4 5 1 0.0632905 0.181719 17.9001 
0 2 5 1 0.15218 0.187782 17.9001 
0.5 0.5 -0.5 1 0.221307 -0.112395 17.9001 
0.5 0.5 6 1 0.213191 0.251308 17.9001 
10.5 0.5 -0.5 1 -0.188578 -0.350644 17.9001 
10.5 0.5 6 1 -0.248855 0.285666 17.9001 
10.5 10.5 -0.5 1 -0.598949 -0.19075 17.9001 
10.5 10.5 6 1 -0.66356 0.20861 17.9001 
0.5 10.5 -0.5 1 -0.159498 -0.062738 17.9001 
0.5 10.5 6 1 -0.182689 0.208915 17.9001 
0.5 5.5 9.5 1 -0.0248172 0.408156 17.9001 
10.5 5.5 9.5 1 -0.547198 0.537867 17.9001 
0.5 6.5 -0.5 1 -0.0323446 -0.0793189 17.9001 
0.5 8.5 -0.5 1 -0.0992403 -0.0705957 17.9001 
0.5 8.5 4.5 1 -0.115669 0.147118 17.9001 
0.5 6.5 4.5 1 -0.0471529 0.15051 17.9001 
0.5 2.5 2 1 0.121462 0.026568 17.9001 
0.5 4.5 2 1 0.0361384 0.0302072 17.9001 
0.5 4.5 4.5 1 0.0296751 0.154315 17.9001 
0.5 2.5 4.5 1 0.116425 0.158611 17.9001 
