0 0 0 1 -0.0342265 -0.236207 11.4 
0 0 6.5 1 -0.0678027 0.465547 11.4 
10 0 0 1 -0.247991 -0.0452563 11.4 
10 0 6.5 1 -0.279029 0.314601 11.4 
10 10 0 1 0.189489 0.0123543 11.4 
10 10 6.5 1 0.188285 0.306194 11.4 
0 10 0 1 0.61619 -0.0853854 11.4 
0 10 6.5 1 0.653508 0.402298 11.4 
0 5 10 1 0.37233 0.793422 11.4 
10 5 10 1 -0.0283288 0.500871 11.4 
0 6 0 1 0.408724 -0.133493 11.4 
0 8 0 1 0.519018 -0.107918 11.4 
0 8 5 1 0.541827 0.282691 11.4 
0 6 5 1 0.424417 0.283553 11.4 
0 2 2.5 1 0.133133 0.0338127 11.4 
0 4 2.5 1 0.285375 0.0516837 11.4 
0 4 5 1 0.288543 0.284552 11.4 
0 2 5 1 0.12948 0.28572 11.4 
0.5 0.5 -0.5 1 -0.00795034 -0.253523 11.4 
0.5 0.5 6 1 -0.0355701 0.390661 11.4 
10.5 0.5 -0.5 1 -0.225523 -0.0619745 11.4 
10.5 0.5 6 1 -0.253844 0.282173 11.4 
10.5 10.5 -0.5 1 0.194238 -0.00322378 11.4 
10.5 10.5 6 1 0.193324 0.28007 11.4 
0.5 10.5 -0.5 1 0.602324 -0.105398 11.4 
0.5 10.5 6 1 0.636391 0.353868 11.4 
0.5 5.5 9.5 1 0.370156 0.706092 11.4 
10.5 5.5 9.5 1 -0.0144353 0.463807 11.4 
0.5 6.5 -0.5 1 0.404858 -0.153327 11.4 
0.5 8.5 -0.5 1 0.509503 -0.127927 11.4 
0.5 8.5 4.5 1 0.530344 0.238998 11.4 
0.5 6.5 4.5 1 0.419305 0.236817 11.4 
0.5 2.5 2 1 0.147174 -0.0011842 11.4 
0.5 4.5 2 1 0.288846 0.0180351 11.4 
0.5 4.5 4.5 1 0.291946 0.234316 11.4 
0.5 2.5 4.5 1 0.144386 0.231418 11.4 
