0 0 0 1 -0.721649 -0.58147 8.6 
0 0 6.5 1 -0.638471 -0.065145 8.6 
10 0 0 1 -0.227709 -0.41424 8.6 
10 0 6.5 1 -0.198631 -0.11089 8.6 
10 10 0 1 0.241555 -0.514723 8.6 
10 10 6.5 1 0.252868 -0.136063 8.6 
0 10 0 1 0.00201379 -0.874417 8.6 
0 10 6.5 1 0.0487784 -0.0938329 8.6 
0 5 10 1 -0.323229 0.216694 8.6 
10 5 10 1 0.014914 0.0464784 8.6 
0 6 0 1 -0.360475 -0.727677 8.6 
0 8 0 1 -0.195871 -0.794311 8.6 
0 8 5 1 -0.147544 -0.237529 8.6 
0 6 5 1 -0.30473 -0.219065 8.6 
0 2 2.5 1 -0.585938 -0.399843 8.6 
0 4 2.5 1 -0.468321 -0.429704 8.6 
0 4 5 1 -0.43907 -0.203284 8.6 
0 2 5 1 -0.555208 -0.189641 8.6 
0.5 0.5 -0.5 1 -0.662946 -0.61911 8.6 
0.5 0.5 6 1 -0.584853 -0.106354 8.6 
10.5 0.5 -0.5 1 -0.197 -0.43759 8.6 
10.5 0.5 6 1 -0.169425 -0.135455 8.6 
10.5 10.5 -0.5 1 0.275273 -0.542766 8.6 
10.5 10.5 6 1 0.284742 -0.166026 8.6 
0.5 10.5 -0.5 1 0.0758692 -0.925069 8.6 
0.5 10.5 6 1 0.114387 -0.152915 8.6 
0.5 5.5 9.5 1 -0.266808 0.166217 8.6 
10.5 5.5 9.5 1 0.0446713 0.0188252 8.6 
0.5 6.5 -0.5 1 -0.293011 -0.772308 8.6 
0.5 8.5 -0.5 1 -0.125207 -0.841799 8.6 
0.5 8.5 4.5 1 -0.0828004 -0.290621 8.6 
0.5 6.5 4.5 1 -0.242625 -0.268335 8.6 
0.5 2.5 2 1 -0.526765 -0.441381 8.6 
0.5 4.5 2 1 -0.406463 -0.473885 8.6 
0.5 4.5 4.5 1 -0.379544 -0.249244 8.6 
0.5 2.5 4.5 1 -0.498153 -0.232705 8.6 
