0 0 0 1 0.128453 -0.334503 11.9 
0 0 6.5 1 0.08546 0.321952 11.9 
10 0 0 1 -0.237812 -0.153993 11.9 
10 0 6.5 1 -0.277434 0.204465 11.9 
10 10 0 1 0.159163 -0.0622529 11.9 
10 10 6.5 1 0.142809 0.213092 11.9 
0 10 0 1 0.602499 -0.131145 11.9 
0 10 6.5 1 0.600919 0.29152 11.9 
0 5 10 1 0.39378 0.609211 11.9 
10 5 10 1 -0.0530669 0.387438 11.9 
0 6 0 1 0.459766 -0.192376 11.9 
0 8 0 1 0.536567 -0.159429 11.9 
0 8 5 1 0.532374 0.186015 11.9 
0 6 5 1 0.451546 0.181327 11.9 
0 2 2.5 1 0.250279 -0.0606438 11.9 
0 4 2.5 1 0.362478 -0.0329234 11.9 
0 4 5 1 0.355439 0.175752 11.9 
0 2 5 1 0.239269 0.169014 11.9 
0.5 0.5 -0.5 1 0.134656 -0.348002 11.9 
0.5 0.5 6 1 0.0953378 0.258763 11.9 
10.5 0.5 -0.5 1 -0.219903 -0.168785 11.9 
10.5 0.5 6 1 -0.257121 0.174354 11.9 
10.5 10.5 -0.5 1 0.160975 -0.0764941 11.9 
10.5 10.5 6 1 0.145195 0.189731 11.9 
0.5 10.5 -0.5 1 0.585056 -0.149331 11.9 
0.5 10.5 6 1 0.582662 0.252212 11.9 
0.5 5.5 9.5 1 0.383265 0.54068 11.9 
10.5 5.5 9.5 1 -0.0432053 0.35412 11.9 
0.5 6.5 -0.5 1 0.447101 -0.210183 11.9 
0.5 8.5 -0.5 1 0.521075 -0.177553 11.9 
0.5 8.5 4.5 1 0.516449 0.149591 11.9 
0.5 6.5 4.5 1 0.438762 0.142188 11.9 
0.5 2.5 2 1 0.248268 -0.0907215 11.9 
0.5 4.5 2 1 0.354091 -0.0620107 11.9 
0.5 4.5 4.5 1 0.347267 0.133469 11.9 
0.5 2.5 4.5 1 0.237926 0.123049 11.9 
