0 0 0 1 -0.184663 -0.0146682 4.93333 
0 0 6.5 1 -0.199913 0.245588 4.93333 
10 0 0 1 0.206177 -0.00778152 4.93333 
10 0 6.5 1 0.211137 0.255041 4.93333 
10 10 0 1 0.324564 -0.136618 4.93333 
10 10 6.5 1 0.343254 0.293812 4.93333 
0 10 0 1 -0.309253 -0.146092 4.93333 
0 10 6.5 1 -0.34548 0.277471 4.93333 
0 5 10 1 -0.267568 0.448988 4.93333 
10 5 10 1 0.265869 0.463515 4.93333 
0 6 0 1 -0.244605 -0.0778981 4.93333 
0 8 0 1 -0.273374 -0.108246 4.93333 
0 8 5 1 -0.295458 0.176241 4.93333 
0 6 5 1 -0.262907 0.178516 4.93333 
0 2 2.5 1 -0.207852 0.0725808 4.93333 
0 4 2.5 1 -0.228584 0.061011 4.93333 
0 4 5 1 -0.236498 0.180361 4.93333 
0 2 5 1 -0.214642 0.181888 4.93333 
0.5 0.5 -0.5 1 -0.167747 -0.0377893 4.93333 
0.5 0.5 6 1 -0.182365 0.225628 4.93333 
10.5 0.5 -0.5 1 0.229524 -0.0309811 4.93333 
10.5 0.5 6 1 0.235804 0.235069 4.93333 
10.5 10.5 -0.5 1 0.366041 -0.178128 4.93333 
10.5 10.5 6 1 0.389001 0.260973 4.93333 
0.5 10.5 -0.5 1 -0.284864 -0.187298 4.93333 
0.5 10.5 6 1 -0.319957 0.244642 4.93333 
0.5 5.5 9.5 1 -0.246189 0.427438 4.93333 
10.5 5.5 9.5 1 0.299301 0.442044 4.93333 
0.5 6.5 -0.5 1 -0.223804 -0.10935 4.93333 
0.5 8.5 -0.5 1 -0.250899 -0.143939 4.93333 
0.5 8.5 4.5 1 -0.272201 0.145422 4.93333 
0.5 6.5 4.5 1 -0.241412 0.151027 4.93333 
0.5 2.5 2 1 -0.189533 0.0485253 4.93333 
0.5 4.5 2 1 -0.208944 0.0344711 4.93333 
0.5 4.5 4.5 1 -0.216548 0.155553 4.93333 
0.5 2.5 4.5 1 -0.196049 0.159285 4.93333 
