0 0 0 1 0.264462 -0.154053 18.1667 
0 0 6.5 1 0.248482 0.201344 18.1667 
10 0 0 1 -0.0431464 -0.423409 18.1667 
10 0 6.5 1 -0.0999785 0.222662 18.1667 
10 10 0 1 -0.566413 -0.274962 18.1667 
10 10 6.5 1 -0.631413 0.143729 18.1667 
0 10 0 1 -0.146445 -0.117914 18.1667 
0 10 6.5 1 -0.173222 0.155772 18.1667 
0 5 10 1 -0.00348548 0.352537 18.1667 
10 5 10 1 -0.464022 0.477469 18.1667 
0 6 0 1 -0.00652975 -0.130219 18.1667 
0 8 0 1 -0.079792 -0.123776 18.1667 
0 8 5 1 -0.0993301 0.0950255 18.1667 
0 6 5 1 -0.024887 0.0995611 18.1667 
0 2 2.5 1 0.156913 -0.0196072 18.1667 
0 4 2.5 1 0.0661009 -0.0182409 18.1667 
0 4 5 1 0.0575664 0.104585 18.1667 
0 2 5 1 0.149396 0.11018 18.1667 
0.5 0.5 -0.5 1 0.230473 -0.185421 18.1667 
0.5 0.5 6 1 0.212843 0.170192 18.1667 
10.5 0.5 -0.5 1 -0.107509 -0.482691 18.1667 
10.5 0.5 6 1 -0.170489 0.163925 18.1667 
10.5 10.5 -0.5 1 -0.611207 -0.312859 18.1667 
10.5 10.5 6 1 -0.67906 0.106085 18.1667 
0.5 10.5 -0.5 1 -0.174168 -0.142057 18.1667 
0.5 10.5 6 1 -0.202026 0.131757 18.1667 
0.5 5.5 9.5 1 -0.036127 0.325552 18.1667 
10.5 5.5 9.5 1 -0.523385 0.43201 18.1667 
0.5 6.5 -0.5 1 -0.0364784 -0.156813 18.1667 
0.5 8.5 -0.5 1 -0.108587 -0.149085 18.1667 
0.5 8.5 4.5 1 -0.129016 0.0698165 18.1667 
0.5 6.5 4.5 1 -0.0558018 0.0730779 18.1667 
0.5 2.5 2 1 0.123814 -0.0491464 18.1667 
0.5 4.5 2 1 0.034392 -0.0462034 18.1667 
0.5 4.5 4.5 1 0.0253232 0.0766917 18.1667 
0.5 2.5 4.5 1 0.115714 0.0807183 18.1667 
