0 0 0 1 0.273315 -0.211809 18.4001 
0 0 6.5 1 0.249612 0.138535 18.4001 
10 0 0 1 0.0366416 -0.518831 18.4001 
10 0 6.5 1 -0.0235233 0.140531 18.4001 
10 10 0 1 -0.571579 -0.374742 18.4001 
10 10 6.5 1 -0.635591 0.0665214 18.4001 
0 10 0 1 -0.156762 -0.184292 18.4001 
0 10 6.5 1 -0.186101 0.0932005 18.4001 
0 5 10 1 -0.00924748 0.287145 18.4001 
10 5 10 1 -0.429977 0.402253 18.4001 
0 6 0 1 -0.00776008 -0.193826 18.4001 
0 8 0 1 -0.0854436 -0.188855 18.4001 
0 8 5 1 -0.107457 0.0325471 18.4001 
0 6 5 1 -0.0291767 0.0375572 18.4001 
0 2 2.5 1 0.160789 -0.0794959 18.4001 
0 4 2.5 1 0.0669867 -0.0794002 18.4001 
0 4 5 1 0.0565737 0.0430454 18.4001 
0 2 5 1 0.150917 0.0490835 18.4001 
0.5 0.5 -0.5 1 0.24149 -0.24464 18.4001 
0.5 0.5 6 1 0.216582 0.107665 18.4001 
10.5 0.5 -0.5 1 -0.0274037 -0.585889 18.4001 
10.5 0.5 6 1 -0.0925061 0.0803498 18.4001 
10.5 10.5 -0.5 1 -0.620899 -0.41816 18.4001 
10.5 10.5 6 1 -0.687602 0.0261845 18.4001 
0.5 10.5 -0.5 1 -0.184856 -0.210174 18.4001 
0.5 10.5 6 1 -0.21509 0.0685475 18.4001 
0.5 5.5 9.5 1 -0.0407993 0.260646 18.4001 
10.5 5.5 9.5 1 -0.491661 0.356807 18.4001 
0.5 6.5 -0.5 1 -0.0373101 -0.222102 18.4001 
0.5 8.5 -0.5 1 -0.114256 -0.215881 18.4001 
0.5 8.5 4.5 1 -0.136995 0.00653496 18.4001 
0.5 6.5 4.5 1 -0.0594963 0.0103885 18.4001 
0.5 2.5 2 1 0.129297 -0.110004 18.4001 
0.5 4.5 2 1 0.0362808 -0.108457 18.4001 
0.5 4.5 4.5 1 0.0254542 0.0146125 18.4001 
0.5 2.5 4.5 1 0.118986 0.0192633 18.4001 
