0 0 0 1 0.29141 -0.277049 19.1001 
0 0 6.5 1 0.253243 0.0693297 19.1001 
10 0 0 1 0.288328 -0.54968 19.1001 
10 0 6.5 1 0.210995 0.162534 19.1001 
10 10 0 1 -0.589709 -0.510214 19.1001 
10 10 6.5 1 -0.625885 0.0370453 19.1001 
0 10 0 1 -0.193072 -0.290827 19.1001 
0 10 6.5 1 -0.219146 0.0112777 19.1001 
0 5 10 1 -0.0156751 0.207885 19.1001 
10 5 10 1 -0.288739 0.409733 19.1001 
0 6 0 1 -0.015269 -0.28577 19.1001 
0 8 0 1 -0.10655 -0.288366 19.1001 
0 8 5 1 -0.128226 -0.04904 19.1001 
0 6 5 1 -0.0386364 -0.0399727 19.1001 
0 2 2.5 1 0.169523 -0.149365 19.1001 
0 4 2.5 1 0.0684876 -0.155924 19.1001 
0 4 5 1 0.0559575 -0.030399 19.1001 
0 2 5 1 0.155987 -0.0202752 19.1001 
0.5 0.5 -0.5 1 0.265968 -0.312236 19.1001 
0.5 0.5 6 1 0.227492 0.0415698 19.1001 
10.5 0.5 -0.5 1 0.234492 -0.635483 19.1001 
10.5 0.5 6 1 0.155944 0.108844 19.1001 
10.5 10.5 -0.5 1 -0.658474 -0.573822 19.1001 
10.5 10.5 6 1 -0.693888 -0.00780529 19.1001 
0.5 10.5 -0.5 1 -0.223557 -0.321588 19.1001 
0.5 10.5 6 1 -0.249617 -0.0138498 19.1001 
0.5 5.5 9.5 1 -0.0443012 0.184801 19.1001 
10.5 5.5 9.5 1 -0.352929 0.372612 19.1001 
0.5 6.5 -0.5 1 -0.0441997 -0.318161 19.1001 
0.5 8.5 -0.5 1 -0.136322 -0.319921 19.1001 
0.5 8.5 4.5 1 -0.158023 -0.0759976 19.1001 
0.5 6.5 4.5 1 -0.0676347 -0.0675118 19.1001 
0.5 2.5 2 1 0.142644 -0.18082 19.1001 
0.5 4.5 2 1 0.0404835 -0.186601 19.1001 
0.5 4.5 4.5 1 0.027897 -0.0585432 19.1001 
0.5 2.5 4.5 1 0.129024 -0.0490493 19.1001 
