0 0 0 1 0.0319023 -0.248818 11.6 
0 0 6.5 1 -0.00523804 0.441336 11.6 
10 0 0 1 -0.245882 -0.0708476 11.6 
10 0 6.5 1 -0.281581 0.289905 11.6 
10 10 0 1 0.176854 -0.00137736 11.6 
10 10 6.5 1 0.168962 0.285773 11.6 
0 10 0 1 0.613325 -0.0810192 11.6 
0 10 6.5 1 0.634496 0.381842 11.6 
0 5 10 1 0.384229 0.74936 11.6 
10 5 10 1 -0.0404403 0.474362 11.6 
0 6 0 1 0.432533 -0.133196 11.6 
0 8 0 1 0.529174 -0.105305 11.6 
0 8 5 1 0.541019 0.268597 11.6 
0 6 5 1 0.438715 0.268444 11.6 
0 2 2.5 1 0.182739 0.023046 11.6 
0 4 2.5 1 0.319624 0.0435936 11.6 
0 4 5 1 0.318792 0.268264 11.6 
0 2 5 1 0.176272 0.268051 11.6 
0.5 0.5 -0.5 1 0.0500805 -0.265919 11.6 
0.5 0.5 6 1 0.0178426 0.368547 11.6 
10.5 0.5 -0.5 1 -0.225033 -0.0872233 11.6 
10.5 0.5 6 1 -0.258051 0.257746 11.6 
10.5 10.5 -0.5 1 0.180409 -0.016691 11.6 
10.5 10.5 6 1 0.172939 0.260383 11.6 
0.5 10.5 -0.5 1 0.597645 -0.101023 11.6 
0.5 10.5 6 1 0.61655 0.336189 11.6 
0.5 5.5 9.5 1 0.378096 0.667806 11.6 
10.5 5.5 9.5 1 -0.0280445 0.438187 11.6 
0.5 6.5 -0.5 1 0.424678 -0.153111 11.6 
0.5 8.5 -0.5 1 0.516827 -0.125361 11.6 
0.5 8.5 4.5 1 0.527283 0.226812 11.6 
0.5 6.5 4.5 1 0.42999 0.22355 11.6 
0.5 2.5 2 1 0.189963 -0.0114005 11.6 
0.5 4.5 2 1 0.317851 0.0105646 11.6 
0.5 4.5 4.5 1 0.31701 0.219763 11.6 
0.5 2.5 4.5 1 0.184217 0.215312 11.6 
