0 0 0 1 0.396532 -0.64884 14.1001 
0 0 6.5 1 0.356682 -0.112297 14.1001 
10 0 0 1 -0.321666 -0.569219 14.1001 
10 0 6.5 1 -0.297453 -0.129764 14.1001 
10 10 0 1 -0.0818825 -0.426719 14.1001 
10 10 6.5 1 -0.0786752 -0.156146 14.1001 
0 10 0 1 0.353139 -0.4535 14.1001 
0 10 6.5 1 0.332157 -0.149032 14.1001 
0 5 10 1 0.327974 0.0516938 14.1001 
10 5 10 1 -0.158729 0.0178118 14.1001 
0 6 0 1 0.364986 -0.506834 14.1001 
0 8 0 1 0.358496 -0.477615 14.1001 
0 8 5 1 0.340396 -0.217543 14.1001 
0 6 5 1 0.34473 -0.219154 14.1001 
0 2 2.5 1 0.369472 -0.399952 14.1001 
0 4 2.5 1 0.361173 -0.377177 14.1001 
0 4 5 1 0.350029 -0.221124 14.1001 
0 2 5 1 0.356657 -0.223588 14.1001 
0.5 0.5 -0.5 1 0.353862 -0.671343 14.1001 
0.5 0.5 6 1 0.319414 -0.152268 14.1001 
10.5 0.5 -0.5 1 -0.333039 -0.590352 14.1001 
10.5 0.5 6 1 -0.308683 -0.16265 14.1001 
10.5 10.5 -0.5 1 -0.0938511 -0.442751 14.1001 
10.5 10.5 6 1 -0.0901142 -0.176654 14.1001 
0.5 10.5 -0.5 1 0.32967 -0.470901 14.1001 
0.5 10.5 6 1 0.310442 -0.172095 14.1001 
0.5 5.5 9.5 1 0.301865 0.0185761 14.1001 
10.5 5.5 9.5 1 -0.170404 -0.0104246 14.1001 
0.5 6.5 -0.5 1 0.33636 -0.526335 14.1001 
0.5 8.5 -0.5 1 0.332703 -0.496033 14.1001 
0.5 8.5 4.5 1 0.316247 -0.241337 14.1001 
0.5 6.5 4.5 1 0.31811 -0.245227 14.1001 
0.5 2.5 2 1 0.33447 -0.427306 14.1001 
0.5 4.5 2 1 0.330316 -0.40217 14.1001 
0.5 4.5 4.5 1 0.320377 -0.249959 14.1001 
0.5 2.5 4.5 1 0.323192 -0.255838 14.1001 
