0 0 0 1 -0.54323 -0.298279 9.83335 
0 0 6.5 1 -0.512315 0.322796 9.83335 
10 0 0 1 -0.252062 -0.118251 9.83335 
10 0 6.5 1 -0.228986 0.199786 9.83335 
10 10 0 1 0.236188 -0.168933 9.83335 
10 10 6.5 1 0.272749 0.156245 9.83335 
0 10 0 1 0.409588 -0.408006 9.83335 
0 10 6.5 1 0.493285 0.240865 9.83335 
0 5 10 1 0.00984883 0.652912 9.83335 
10 5 10 1 0.035195 0.358482 9.83335 
0 6 0 1 0.0169287 -0.362787 9.83335 
0 8 0 1 0.211258 -0.385166 9.83335 
0 8 5 1 0.266182 0.103558 9.83335 
0 6 5 1 0.0635226 0.121704 9.83335 
0 2 2.5 1 -0.345049 -0.0858036 9.83335 
0 4 2.5 1 -0.154598 -0.105341 9.83335 
0 4 5 1 -0.134929 0.139473 9.83335 
0 2 5 1 -0.329304 0.156877 9.83335 
0.5 0.5 -0.5 1 -0.475286 -0.330026 9.83335 
0.5 0.5 6 1 -0.442565 0.259698 9.83335 
10.5 0.5 -0.5 1 -0.223187 -0.139395 9.83335 
10.5 0.5 6 1 -0.199961 0.170222 9.83335 
10.5 10.5 -0.5 1 0.253675 -0.189353 9.83335 
10.5 10.5 6 1 0.289754 0.127021 9.83335 
0.5 10.5 -0.5 1 0.435098 -0.436038 9.83335 
0.5 10.5 6 1 0.515869 0.178654 9.83335 
0.5 5.5 9.5 1 0.0569136 0.569763 9.83335 
10.5 5.5 9.5 1 0.0582679 0.32408 9.83335 
0.5 6.5 -0.5 1 0.0604446 -0.392411 9.83335 
0.5 8.5 -0.5 1 0.245953 -0.414012 9.83335 
0.5 8.5 4.5 1 0.299495 0.0494697 9.83335 
0.5 6.5 4.5 1 0.106412 0.0672678 9.83335 
0.5 2.5 2 1 -0.284539 -0.128434 9.83335 
0.5 4.5 2 1 -0.102551 -0.147457 9.83335 
0.5 4.5 4.5 1 -0.0828567 0.0847144 9.83335 
0.5 2.5 4.5 1 -0.268423 0.10182 9.83335 
