0 0 0 1 0.22463 -0.392771 1.26667 
0 0 6.5 1 0.203707 -0.0859379 1.26667 
10 0 0 1 0.709081 -0.532736 1.26667 
10 0 6.5 1 0.629089 -0.0044 1.26667 
10 10 0 1 -0.0806504 -0.722159 1.26667 
10 10 6.5 1 -0.0902865 0.0420545 1.26667 
0 10 0 1 -0.259008 -0.452536 1.26667 
0 10 6.5 1 -0.252101 -0.0788459 1.26667 
0 5 10 1 -0.00778724 0.08244 1.26667 
10 5 10 1 0.302728 0.298516 1.26667 
0 6 0 1 -0.0421271 -0.425735 1.26667 
0 8 0 1 -0.146006 -0.438572 1.26667 
0 8 5 1 -0.146454 -0.159007 1.26667 
0 6 5 1 -0.0475329 -0.157529 1.26667 
0 2 2.5 1 0.13559 -0.276093 1.26667 
0 4 2.5 1 0.0487655 -0.281985 1.26667 
0 4 5 1 0.0440666 -0.15616 1.26667 
0 2 5 1 0.129128 -0.154888 1.26667 
0.5 0.5 -0.5 1 0.220199 -0.425338 1.26667 
0.5 0.5 6 1 0.198815 -0.106186 1.26667 
10.5 0.5 -0.5 1 0.732609 -0.600381 1.26667 
10.5 0.5 6 1 0.645621 -0.0344356 1.26667 
10.5 10.5 -0.5 1 -0.122492 -0.842458 1.26667 
10.5 10.5 6 1 -0.127059 0.00290028 1.26667 
0.5 10.5 -0.5 1 -0.285954 -0.495228 1.26667 
0.5 10.5 6 1 -0.276898 -0.103122 1.26667 
0.5 5.5 9.5 1 -0.0206263 0.067053 1.26667 
10.5 5.5 9.5 1 0.299839 0.284903 1.26667 
0.5 6.5 -0.5 1 -0.0579783 -0.463749 1.26667 
0.5 8.5 -0.5 1 -0.166968 -0.478799 1.26667 
0.5 8.5 4.5 1 -0.166348 -0.185882 1.26667 
0.5 6.5 4.5 1 -0.0628048 -0.183273 1.26667 
0.5 2.5 2 1 0.12783 -0.304845 1.26667 
0.5 4.5 2 1 0.0373909 -0.312093 1.26667 
0.5 4.5 4.5 1 0.0327892 -0.180865 1.26667 
0.5 2.5 4.5 1 0.121316 -0.178635 1.26667 
