0 0 0 1 -0.678988 -0.574612 8.13333 
0 0 6.5 1 -0.611556 -0.105404 8.13333 
10 0 0 1 -0.178288 -0.440605 8.13333 
10 0 6.5 1 -0.161228 -0.143259 8.13333 
10 10 0 1 0.266281 -0.534858 8.13333 
10 10 6.5 1 0.257612 -0.140508 8.13333 
0 10 0 1 -0.126017 -0.846416 8.13333 
0 10 6.5 1 -0.0916843 -0.0790903 8.13333 
0 5 10 1 -0.380406 0.172567 8.13333 
10 5 10 1 0.0243578 0.0240772 8.13333 
0 6 0 1 -0.415134 -0.704305 8.13333 
0 8 0 1 -0.287062 -0.767257 8.13333 
0 8 5 1 -0.247989 -0.229261 8.13333 
0 6 5 1 -0.369154 -0.222034 8.13333 
0 2 2.5 1 -0.579058 -0.403558 8.13333 
0 4 2.5 1 -0.493488 -0.425975 8.13333 
0 4 5 1 -0.469514 -0.216047 8.13333 
0 2 5 1 -0.554005 -0.211007 8.13333 
0.5 0.5 -0.5 1 -0.62818 -0.611444 8.13333 
0.5 0.5 6 1 -0.565097 -0.140508 8.13333 
10.5 0.5 -0.5 1 -0.147229 -0.464058 8.13333 
10.5 0.5 6 1 -0.131853 -0.165994 8.13333 
10.5 10.5 -0.5 1 0.306356 -0.565723 8.13333 
10.5 10.5 6 1 0.294926 -0.170149 8.13333 
0.5 10.5 -0.5 1 -0.0453852 -0.905504 8.13333 
0.5 10.5 6 1 -0.021498 -0.133918 8.13333 
0.5 5.5 9.5 1 -0.327425 0.131097 8.13333 
10.5 5.5 9.5 1 0.0561947 -0.00117248 8.13333 
0.5 6.5 -0.5 1 -0.349815 -0.751898 8.13333 
0.5 8.5 -0.5 1 -0.214884 -0.81998 8.13333 
0.5 8.5 4.5 1 -0.182518 -0.279327 8.13333 
0.5 6.5 4.5 1 -0.309375 -0.267441 8.13333 
0.5 2.5 2 1 -0.526239 -0.442611 8.13333 
0.5 4.5 2 1 -0.436264 -0.468424 8.13333 
0.5 4.5 4.5 1 -0.414522 -0.257588 8.13333 
0.5 2.5 4.5 1 -0.503092 -0.249289 8.13333 
