0 0 0 1 0.315349 -0.510839 15.0001 
0 0 6.5 1 0.330125 -0.0572674 15.0001 
10 0 0 1 -0.383156 -0.457675 15.0001 
10 0 6.5 1 -0.329434 -0.00705937 15.0001 
10 10 0 1 -0.230182 -0.323528 15.0001 
10 10 6.5 1 -0.20289 -0.0559151 15.0001 
0 10 0 1 0.18201 -0.354902 15.0001 
0 10 6.5 1 0.195423 -0.0862358 15.0001 
0 5 10 1 0.253531 0.0948945 15.0001 
10 5 10 1 -0.232167 0.13187 15.0001 
0 6 0 1 0.219656 -0.398928 15.0001 
0 8 0 1 0.199152 -0.374949 15.0001 
0 8 5 1 0.209967 -0.148024 15.0001 
0 6 5 1 0.230861 -0.149698 15.0001 
0 2 2.5 1 0.281627 -0.306298 15.0001 
0 4 2.5 1 0.250481 -0.287509 15.0001 
0 4 5 1 0.256143 -0.151724 15.0001 
0 2 5 1 0.287356 -0.154225 15.0001 
0.5 0.5 -0.5 1 0.269313 -0.531301 15.0001 
0.5 0.5 6 1 0.286175 -0.0891904 15.0001 
10.5 0.5 -0.5 1 -0.408725 -0.479695 15.0001 
10.5 0.5 6 1 -0.355106 -0.0403744 15.0001 
10.5 10.5 -0.5 1 -0.248131 -0.339028 15.0001 
10.5 10.5 6 1 -0.220707 -0.0754308 15.0001 
0.5 10.5 -0.5 1 0.156847 -0.369852 15.0001 
0.5 10.5 6 1 0.170866 -0.105238 15.0001 
0.5 5.5 9.5 1 0.222502 0.0680852 15.0001 
10.5 5.5 9.5 1 -0.25321 0.1043 15.0001 
0.5 6.5 -0.5 1 0.188876 -0.415831 15.0001 
0.5 8.5 -0.5 1 0.171459 -0.390828 15.0001 
0.5 8.5 4.5 1 0.182844 -0.16766 15.0001 
0.5 6.5 4.5 1 0.200791 -0.171128 15.0001 
0.5 2.5 2 1 0.242688 -0.329165 15.0001 
0.5 4.5 2 1 0.216314 -0.308416 15.0001 
0.5 4.5 4.5 1 0.222423 -0.175308 15.0001 
0.5 2.5 4.5 1 0.249002 -0.180444 15.0001 
