0 0 0 1 -0.599776 -0.484037 7.69999 
0 0 6.5 1 -0.560313 -0.0708916 7.69999 
10 0 0 1 -0.119479 -0.388863 7.69999 
10 0 6.5 1 -0.117224 -0.105899 7.69999 
10 10 0 1 0.28656 -0.455966 7.69999 
10 10 6.5 1 0.260508 -0.0650533 7.69999 
0 10 0 1 -0.207712 -0.6724 7.69999 
0 10 6.5 1 -0.191676 0.0204952 7.69999 
0 5 10 1 -0.403272 0.204568 7.69999 
10 5 10 1 0.0387598 0.0721641 7.69999 
0 6 0 1 -0.416451 -0.572114 7.69999 
0 8 0 1 -0.325026 -0.616038 7.69999 
0 8 5 1 -0.303703 -0.134587 7.69999 
0 6 5 1 -0.390251 -0.143078 7.69999 
0 2 2.5 1 -0.534064 -0.326091 7.69999 
0 4 2.5 1 -0.474729 -0.336446 7.69999 
0 4 5 1 -0.460802 -0.149999 7.69999 
0 2 5 1 -0.519414 -0.15575 7.69999 
0.5 0.5 -0.5 1 -0.556124 -0.517044 7.69999 
0.5 0.5 6 1 -0.519836 -0.100062 7.69999 
10.5 0.5 -0.5 1 -0.0886759 -0.411063 7.69999 
10.5 0.5 6 1 -0.0880392 -0.126291 7.69999 
10.5 10.5 -0.5 1 0.330846 -0.487133 7.69999 
10.5 10.5 6 1 0.301527 -0.0927738 7.69999 
0.5 10.5 -0.5 1 -0.130617 -0.730045 7.69999 
0.5 10.5 6 1 -0.123975 -0.0264152 7.69999 
0.5 5.5 9.5 1 -0.354968 0.171241 7.69999 
10.5 5.5 9.5 1 0.0717798 0.0498172 7.69999 
0.5 6.5 -0.5 1 -0.357425 -0.616509 7.69999 
0.5 8.5 -0.5 1 -0.25816 -0.666199 7.69999 
0.5 8.5 4.5 1 -0.242501 -0.178111 7.69999 
0.5 6.5 4.5 1 -0.335682 -0.182187 7.69999 
0.5 2.5 2 1 -0.487788 -0.360313 7.69999 
0.5 4.5 2 1 -0.423764 -0.374002 7.69999 
0.5 4.5 4.5 1 -0.411571 -0.185507 7.69999 
0.5 2.5 4.5 1 -0.474573 -0.188263 7.69999 
