0 0 0 1 -0.702567 -0.597801 8.3 
0 0 6.5 1 -0.626901 -0.108282 8.3 
10 0 0 1 -0.198892 -0.446295 8.3 
10 0 6.5 1 -0.176761 -0.14515 8.3 
10 10 0 1 0.256889 -0.547286 8.3 
10 10 6.5 1 0.255556 -0.155487 8.3 
0 10 0 1 -0.0857039 -0.893213 8.3 
0 10 6.5 1 -0.0460173 -0.108364 8.3 
0 5 10 1 -0.365621 0.170114 8.3 
10 5 10 1 0.0195801 0.0180648 8.3 
0 6 0 1 -0.404401 -0.740591 8.3 
0 8 0 1 -0.262209 -0.808686 8.3 
0 8 5 1 -0.218345 -0.255742 8.3 
0 6 5 1 -0.353069 -0.242543 8.3 
0 2 2.5 1 -0.589256 -0.422594 8.3 
0 4 2.5 1 -0.492475 -0.44939 8.3 
0 4 5 1 -0.465677 -0.231511 8.3 
0 2 5 1 -0.561203 -0.222152 8.3 
0.5 0.5 -0.5 1 -0.64879 -0.635339 8.3 
0.5 0.5 6 1 -0.577865 -0.145613 8.3 
10.5 0.5 -0.5 1 -0.167865 -0.46987 8.3 
10.5 0.5 6 1 -0.147386 -0.168619 8.3 
10.5 10.5 -0.5 1 0.294884 -0.577367 8.3 
10.5 10.5 6 1 0.291098 -0.185431 8.3 
0.5 10.5 -0.5 1 -0.00593209 -0.95024 8.3 
0.5 10.5 6 1 0.0236655 -0.165268 8.3 
0.5 5.5 9.5 1 -0.311048 0.125434 8.3 
10.5 5.5 9.5 1 0.0507878 -0.00812832 8.3 
0.5 6.5 -0.5 1 -0.337458 -0.787844 8.3 
0.5 8.5 -0.5 1 -0.189384 -0.860377 8.3 
0.5 8.5 4.5 1 -0.15223 -0.307399 8.3 
0.5 6.5 4.5 1 -0.291827 -0.289713 8.3 
0.5 2.5 2 1 -0.533898 -0.462886 8.3 
0.5 4.5 2 1 -0.433113 -0.492902 8.3 
0.5 4.5 4.5 1 -0.408665 -0.27491 8.3 
0.5 2.5 4.5 1 -0.50789 -0.262339 8.3 
