0 0 0 1 -0.0564846 -0.240819 11.3334 
0 0 6.5 1 -0.0888354 0.461461 11.3334 
10 0 0 1 -0.248162 -0.0425854 11.3334 
10 0 6.5 1 -0.277305 0.316183 11.3334 
10 10 0 1 0.193586 0.011466 11.3334 
10 10 6.5 1 0.194717 0.307033 11.3334 
0 10 0 1 0.61563 -0.094782 11.3334 
0 10 6.5 1 0.658198 0.399992 11.3334 
0 5 10 1 0.366519 0.796124 11.3334 
10 5 10 1 -0.0238864 0.502912 11.3334 
0 6 0 1 0.399245 -0.141798 11.3334 
0 8 0 1 0.514045 -0.116854 11.3334 
0 8 5 1 0.540341 0.278259 11.3334 
0 6 5 1 0.417904 0.279078 11.3334 
0 2 2.5 1 0.115602 0.0280142 11.3334 
0 4 2.5 1 0.272515 0.0453214 11.3334 
0 4 5 1 0.276916 0.280021 11.3334 
0 2 5 1 0.112816 0.281118 11.3334 
0.5 0.5 -0.5 1 -0.0275701 -0.257749 11.3334 
0.5 0.5 6 1 -0.053623 0.386947 11.3334 
10.5 0.5 -0.5 1 -0.225226 -0.0592711 11.3334 
10.5 0.5 6 1 -0.251671 0.283906 11.3334 
10.5 10.5 -0.5 1 0.198745 -0.00409482 11.3334 
10.5 10.5 6 1 0.20012 0.280822 11.3334 
0.5 10.5 -0.5 1 0.602535 -0.114498 11.3334 
0.5 10.5 6 1 0.641556 0.351089 11.3334 
0.5 5.5 9.5 1 0.365905 0.707802 11.3334 
10.5 5.5 9.5 1 -0.00953099 0.465803 11.3334 
0.5 6.5 -0.5 1 0.396873 -0.161254 11.3334 
0.5 8.5 -0.5 1 0.505647 -0.136525 11.3334 
0.5 8.5 4.5 1 0.529818 0.234402 11.3334 
0.5 6.5 4.5 1 0.414203 0.232272 11.3334 
0.5 2.5 2 1 0.131991 -0.00661147 11.3334 
0.5 4.5 2 1 0.277886 0.0119562 11.3334 
0.5 4.5 4.5 1 0.282222 0.22984 11.3334 
0.5 2.5 4.5 1 0.130135 0.227038 11.3334 
