0 0 0 1 0.264586 -0.267278 16.1001 
0 0 6.5 1 0.30926 0.119859 16.1001 
10 0 0 1 -0.367506 -0.289007 16.1001 
10 0 6.5 1 -0.335407 0.198282 16.1001 
10 10 0 1 -0.36134 -0.125198 16.1001 
10 10 6.5 1 -0.34259 0.161016 16.1001 
0 10 0 1 0.0436665 -0.132363 16.1001 
0 10 6.5 1 0.0677729 0.116107 16.1001 
0 5 10 1 0.179169 0.286542 16.1001 
10 5 10 1 -0.326646 0.377405 16.1001 
0 6 0 1 0.10988 -0.172799 16.1001 
0 8 0 1 0.0742201 -0.151022 16.1001 
0 8 5 1 0.0946149 0.0538727 16.1001 
0 6 5 1 0.132626 0.049137 16.1001 
0 2 2.5 1 0.217187 -0.0977278 16.1001 
0 4 2.5 1 0.164752 -0.0786471 16.1001 
0 4 5 1 0.1777 0.0435214 16.1001 
0 2 5 1 0.232008 0.0367554 16.1001 
0.5 0.5 -0.5 1 0.219689 -0.28616 16.1001 
0.5 0.5 6 1 0.262119 0.0925543 16.1001 
10.5 0.5 -0.5 1 -0.407889 -0.311983 16.1001 
10.5 0.5 6 1 -0.378116 0.162039 16.1001 
10.5 10.5 -0.5 1 -0.385459 -0.141262 16.1001 
10.5 10.5 6 1 -0.367516 0.140328 16.1001 
0.5 10.5 -0.5 1 0.0174542 -0.146291 16.1001 
0.5 10.5 6 1 0.040748 0.0986856 16.1001 
0.5 5.5 9.5 1 0.144004 0.26229 16.1001 
10.5 5.5 9.5 1 -0.358855 0.346792 16.1001 
0.5 6.5 -0.5 1 0.078369 -0.188421 16.1001 
0.5 8.5 -0.5 1 0.0455949 -0.165754 16.1001 
0.5 8.5 4.5 1 0.0652554 0.0360544 16.1001 
0.5 6.5 4.5 1 0.100234 0.0298984 16.1001 
0.5 2.5 2 1 0.177156 -0.117965 16.1001 
0.5 4.5 2 1 0.129201 -0.0973639 16.1001 
0.5 4.5 4.5 1 0.141606 0.0226173 16.1001 
0.5 2.5 4.5 1 0.191299 0.0138716 16.1001 
