0 0 0 1 0.403178 -0.523767 13.6667 
0 0 6.5 1 0.344419 0.0208684 13.6667 
10 0 0 1 -0.279166 -0.462459 13.6667 
10 0 6.5 1 -0.277271 -0.0514382 13.6667 
10 10 0 1 -0.00989562 -0.352107 13.6667 
10 10 6.5 1 -0.0206735 -0.0890456 13.6667 
0 10 0 1 0.427913 -0.365402 13.6667 
0 10 6.5 1 0.392045 -0.05341 13.6667 
0 5 10 1 0.352775 0.166609 13.6667 
10 5 10 1 -0.125606 0.0845834 13.6667 
0 6 0 1 0.421144 -0.408745 13.6667 
0 8 0 1 0.424851 -0.38501 13.6667 
0 8 5 1 0.394516 -0.119077 13.6667 
0 6 5 1 0.387957 -0.115032 13.6667 
0 2 2.5 1 0.389689 -0.283646 13.6667 
0 4 2.5 1 0.397735 -0.269454 13.6667 
0 4 5 1 0.379938 -0.110087 13.6667 
0 2 5 1 0.369914 -0.103905 13.6667 
0.5 0.5 -0.5 1 0.366302 -0.550392 13.6667 
0.5 0.5 6 1 0.313173 -0.0262635 13.6667 
10.5 0.5 -0.5 1 -0.283408 -0.484643 13.6667 
10.5 0.5 6 1 -0.281293 -0.0854008 13.6667 
10.5 10.5 -0.5 1 -0.0186109 -0.368842 13.6667 
10.5 10.5 6 1 -0.0287792 -0.110641 13.6667 
0.5 10.5 -0.5 1 0.405992 -0.38494 13.6667 
0.5 10.5 6 1 0.372151 -0.0797582 13.6667 
0.5 5.5 9.5 1 0.329908 0.128083 13.6667 
10.5 5.5 9.5 1 -0.132492 0.0549476 13.6667 
0.5 6.5 -0.5 1 0.39497 -0.430887 13.6667 
0.5 8.5 -0.5 1 0.400991 -0.405789 13.6667 
0.5 8.5 4.5 1 0.372534 -0.146289 13.6667 
0.5 6.5 4.5 1 0.36404 -0.145006 13.6667 
0.5 2.5 2 1 0.359038 -0.315448 13.6667 
0.5 4.5 2 1 0.370191 -0.298235 13.6667 
0.5 4.5 4.5 1 0.353721 -0.143448 13.6667 
0.5 2.5 4.5 1 0.340916 -0.141515 13.6667 
