0 0 0 1 0.335303 -0.608648 14.7668 
0 0 6.5 1 0.337132 -0.126847 14.7668 
10 0 0 1 -0.378835 -0.545034 14.7668 
10 0 6.5 1 -0.328376 -0.0902724 14.7668 
10 10 0 1 -0.197951 -0.390916 14.7668 
10 10 6.5 1 -0.174733 -0.120334 14.7668 
0 10 0 1 0.221507 -0.423027 14.7668 
0 10 6.5 1 0.227468 -0.143076 14.7668 
0 5 10 1 0.271075 0.0384074 14.7668 
10 5 10 1 -0.216827 0.059612 14.7668 
0 6 0 1 0.253221 -0.474757 14.7668 
0 8 0 1 0.235908 -0.446517 14.7668 
0 8 5 1 0.240428 -0.208928 14.7668 
0 6 5 1 0.257492 -0.212982 14.7668 
0 2 2.5 1 0.302519 -0.384214 14.7668 
0 4 2.5 1 0.276369 -0.360354 14.7668 
0 4 5 1 0.278226 -0.217907 14.7668 
0 2 5 1 0.303956 -0.224019 14.7668 
0.5 0.5 -0.5 1 0.289246 -0.628546 14.7668 
0.5 0.5 6 1 0.294219 -0.159688 14.7668 
10.5 0.5 -0.5 1 -0.400935 -0.565889 14.7668 
10.5 0.5 6 1 -0.350443 -0.122648 14.7668 
10.5 10.5 -0.5 1 -0.214497 -0.406228 14.7668 
10.5 10.5 6 1 -0.191009 -0.139749 14.7668 
0.5 10.5 -0.5 1 0.196587 -0.4382 14.7668 
0.5 10.5 6 1 0.203487 -0.162646 14.7668 
0.5 5.5 9.5 1 0.241057 0.0107316 14.7668 
10.5 5.5 9.5 1 -0.235552 0.03243 14.7668 
0.5 6.5 -0.5 1 0.222662 -0.491766 14.7668 
0.5 8.5 -0.5 1 0.208452 -0.462574 14.7668 
0.5 8.5 4.5 1 0.213856 -0.229104 14.7668 
0.5 6.5 4.5 1 0.228028 -0.234986 14.7668 
0.5 2.5 2 1 0.264022 -0.407367 14.7668 
0.5 4.5 2 1 0.242639 -0.381605 14.7668 
0.5 4.5 4.5 1 0.245175 -0.242103 14.7668 
0.5 2.5 4.5 1 0.266342 -0.25089 14.7668 
