0 0 0 1 0.349051 -0.540289 12.8001 
0 0 6.5 1 0.282226 0.0614623 12.8001 
10 0 0 1 -0.228532 -0.399852 12.8001 
10 0 6.5 1 -0.260868 -0.0210306 12.8001 
10 10 0 1 0.099959 -0.264957 12.8001 
10 10 6.5 1 0.0736071 -0.00404305 12.8001 
0 10 0 1 0.549642 -0.299998 12.8001 
0 10 6.5 1 0.507087 0.0502892 12.8001 
0 5 10 1 0.396597 0.285515 12.8001 
10 5 10 1 -0.0787057 0.151788 12.8001 
0 6 0 1 0.493582 -0.367153 12.8001 
0 8 0 1 0.524171 -0.330511 12.8001 
0 8 5 1 0.4887 -0.0352911 12.8001 
0 6 5 1 0.455057 -0.0421776 12.8001 
0 2 2.5 1 0.385888 -0.262654 12.8001 
0 4 2.5 1 0.434919 -0.229773 12.8001 
0 4 5 1 0.414026 -0.0505764 12.8001 
0 2 5 1 0.362872 -0.0610474 12.8001 
0.5 0.5 -0.5 1 0.326929 -0.555091 12.8001 
0.5 0.5 6 1 0.264561 0.0120329 12.8001 
10.5 0.5 -0.5 1 -0.2206 -0.414725 12.8001 
10.5 0.5 6 1 -0.25185 -0.049923 12.8001 
10.5 10.5 -0.5 1 0.096716 -0.278936 12.8001 
10.5 10.5 6 1 0.0710978 -0.024749 12.8001 
0.5 10.5 -0.5 1 0.529294 -0.317393 12.8001 
0.5 10.5 6 1 0.488547 0.0208767 12.8001 
0.5 5.5 9.5 1 0.378491 0.239007 12.8001 
10.5 5.5 9.5 1 -0.0769402 0.12282 12.8001 
0.5 6.5 -0.5 1 0.471702 -0.38504 12.8001 
0.5 8.5 -0.5 1 0.503024 -0.348249 12.8001 
0.5 8.5 4.5 1 0.469186 -0.0640916 12.8001 
0.5 6.5 4.5 1 0.435102 -0.07342 12.8001 
0.5 2.5 2 1 0.364652 -0.290052 12.8001 
0.5 4.5 2 1 0.413639 -0.255813 12.8001 
0.5 4.5 4.5 1 0.393879 -0.0847023 12.8001 
0.5 2.5 4.5 1 0.343012 -0.0986242 12.8001 
