0 0 0 1 0.25689 -0.239467 16.4001 
0 0 6.5 1 0.299714 0.137128 16.4001 
10 0 0 1 -0.349961 -0.304567 16.4001 
10 0 6.5 1 -0.333214 0.196763 16.4001 
10 10 0 1 -0.395895 -0.11429 16.4001 
10 10 6.5 1 -0.387991 0.183142 16.4001 
0 10 0 1 0.0115904 -0.101871 16.4001 
0 10 6.5 1 0.0313988 0.146735 16.4001 
0 5 10 1 0.152865 0.314199 16.4001 
10 5 10 1 -0.361614 0.404811 16.4001 
0 6 0 1 0.0864912 -0.143885 16.4001 
0 8 0 1 0.0463027 -0.121342 16.4001 
0 8 5 1 0.0634858 0.0822024 16.4001 
0 6 5 1 0.106225 0.0755284 16.4001 
0 2 2.5 1 0.20277 -0.0738632 16.4001 
0 4 2.5 1 0.144861 -0.0531409 16.4001 
0 4 5 1 0.156514 0.0676755 16.4001 
0 2 5 1 0.216545 0.0583012 16.4001 
0.5 0.5 -0.5 1 0.212948 -0.258751 16.4001 
0.5 0.5 6 1 0.252847 0.110162 16.4001 
10.5 0.5 -0.5 1 -0.394112 -0.328449 16.4001 
10.5 0.5 6 1 -0.380658 0.159351 16.4001 
10.5 10.5 -0.5 1 -0.421758 -0.131169 16.4001 
10.5 10.5 6 1 -0.414955 0.161468 16.4001 
0.5 10.5 -0.5 1 -0.0147788 -0.116215 16.4001 
0.5 10.5 6 1 0.00395353 0.129031 16.4001 
0.5 5.5 9.5 1 0.117186 0.289898 16.4001 
10.5 5.5 9.5 1 -0.397036 0.372713 16.4001 
0.5 6.5 -0.5 1 0.0550378 -0.159914 16.4001 
0.5 8.5 -0.5 1 0.0176082 -0.136486 16.4001 
0.5 8.5 4.5 1 0.0338234 0.0641282 16.4001 
0.5 6.5 4.5 1 0.0736137 0.0560969 16.4001 
0.5 2.5 2 1 0.163068 -0.0942648 16.4001 
0.5 4.5 2 1 0.109395 -0.072092 16.4001 
0.5 4.5 4.5 1 0.12033 0.0466676 16.4001 
0.5 2.5 4.5 1 0.175952 0.0354407 16.4001 
