0 0 0 1 0.291129 -0.275822 19.0667 
0 0 6.5 1 0.253248 0.0708588 19.0667 
10 0 0 1 0.276482 -0.553996 19.0667 
10 0 6.5 1 0.200087 0.157557 19.0667 
10 10 0 1 -0.58961 -0.50845 19.0667 
10 10 6.5 1 -0.62801 0.0334882 19.0667 
0 10 0 1 -0.19116 -0.287969 19.0667 
0 10 6.5 1 -0.217806 0.0128494 19.0667 
0 5 10 1 -0.0156923 0.209592 19.0667 
10 5 10 1 -0.297155 0.405386 19.0667 
0 6 0 1 -0.0146942 -0.283525 19.0667 
0 8 0 1 -0.105366 -0.285809 19.0667 
0 8 5 1 -0.127361 -0.0473932 19.0667 
0 6 5 1 -0.0382591 -0.038428 19.0667 
0 2 2.5 1 0.169384 -0.147994 19.0667 
0 4 2.5 1 0.0685725 -0.154342 19.0667 
0 4 5 1 0.0559998 -0.0289439 19.0667 
0 2 5 1 0.155877 -0.0188946 19.0667 
0.5 0.5 -0.5 1 0.265379 -0.311017 19.0667 
0.5 0.5 6 1 0.227159 0.042852 19.0667 
10.5 0.5 -0.5 1 0.221709 -0.639445 19.0667 
10.5 0.5 6 1 0.143993 0.10305 19.0667 
10.5 10.5 -0.5 1 -0.657336 -0.571141 19.0667 
10.5 10.5 6 1 -0.695286 -0.0114439 19.0667 
0.5 10.5 -0.5 1 -0.221507 -0.318557 19.0667 
0.5 10.5 6 1 -0.248197 -0.0123414 19.0667 
0.5 5.5 9.5 1 -0.0444659 0.186259 19.0667 
10.5 5.5 9.5 1 -0.361529 0.367482 19.0667 
0.5 6.5 -0.5 1 -0.0436548 -0.315803 19.0667 
0.5 8.5 -0.5 1 -0.135081 -0.317218 19.0667 
0.5 8.5 4.5 1 -0.157144 -0.0743948 19.0667 
0.5 6.5 4.5 1 -0.0673256 -0.0660446 19.0667 
0.5 2.5 2 1 0.142279 -0.179513 19.0667 
0.5 4.5 2 1 0.0404321 -0.185042 19.0667 
0.5 4.5 4.5 1 0.0277859 -0.0572022 19.0667 
0.5 2.5 4.5 1 0.128672 -0.0478231 19.0667 
