0 0 0 1 -0.631358 -0.517071 7.86666 
0 0 6.5 1 -0.580612 -0.0832618 7.86666 
10 0 0 1 -0.142322 -0.41064 7.86666 
10 0 6.5 1 -0.134297 -0.121965 7.86666 
10 10 0 1 0.279568 -0.487844 7.86666 
10 10 6.5 1 0.25976 -0.09494 7.86666 
0 10 0 1 -0.179698 -0.734568 7.86666 
0 10 6.5 1 -0.156009 -0.0125136 7.86666 
0 5 10 1 -0.396114 0.193969 7.86666 
10 5 10 1 0.0330886 0.0522678 7.86666 
0 6 0 1 -0.418863 -0.619398 7.86666 
0 8 0 1 -0.313749 -0.670015 7.86666 
0 8 5 1 -0.285 -0.166585 7.86666 
0 6 5 1 -0.384459 -0.170005 7.86666 
0 2 2.5 1 -0.552857 -0.353671 7.86666 
0 4 2.5 1 -0.484013 -0.36797 7.86666 
0 4 5 1 -0.465965 -0.172808 7.86666 
0 2 5 1 -0.533978 -0.175147 7.86666 
0.5 0.5 -0.5 1 -0.585133 -0.551755 7.86666 
0.5 0.5 6 1 -0.538008 -0.114655 7.86666 
10.5 0.5 -0.5 1 -0.111386 -0.43344 7.86666 
10.5 0.5 6 1 -0.105026 -0.143295 7.86666 
10.5 10.5 -0.5 1 0.322417 -0.519145 7.86666 
10.5 10.5 6 1 0.299479 -0.123536 7.86666 
0.5 10.5 -0.5 1 -0.10058 -0.793661 7.86666 
0.5 10.5 6 1 -0.086944 -0.0626604 7.86666 
0.5 5.5 9.5 1 -0.346027 0.157648 7.86666 
10.5 5.5 9.5 1 0.0657044 0.0287709 7.86666 
0.5 6.5 -0.5 1 -0.357272 -0.665511 7.86666 
0.5 8.5 -0.5 1 -0.244486 -0.721818 7.86666 
0.5 8.5 4.5 1 -0.221919 -0.212829 7.86666 
0.5 6.5 4.5 1 -0.327805 -0.211659 7.86666 
0.5 2.5 2 1 -0.504175 -0.38989 7.86666 
0.5 4.5 2 1 -0.430659 -0.40761 7.86666 
0.5 4.5 4.5 1 -0.414552 -0.210701 7.86666 
0.5 2.5 4.5 1 -0.486917 -0.209902 7.86666 
