0 0 0 1 0.256328 -0.0473948 17.7334 
0 0 6.5 1 0.257327 0.324815 17.7334 
10 0 0 1 -0.168527 -0.232973 17.7334 
10 0 6.5 1 -0.218324 0.406412 17.7334 
10 10 0 1 -0.549102 -0.097073 17.7334 
10 10 6.5 1 -0.606522 0.295246 17.7334 
0 10 0 1 -0.12005 -0.00110985 17.7334 
0 10 6.5 1 -0.137972 0.271336 17.7334 
0 5 10 1 0.021467 0.47867 17.7334 
10 5 10 1 -0.497391 0.637144 17.7334 
0 6 0 1 0.00414872 -0.0163831 17.7334 
0 8 0 1 -0.0613741 -0.00832547 17.7334 
0 8 5 1 -0.0734483 0.21047 17.7334 
0 6 5 1 -0.00589056 0.215377 17.7334 
0 2 2.5 1 0.159271 0.092681 17.7334 
0 4 2.5 1 0.0741848 0.0950299 17.7334 
0 4 5 1 0.070416 0.22092 17.7334 
0 2 5 1 0.157289 0.227231 17.7334 
0.5 0.5 -0.5 1 0.218323 -0.0764799 17.7334 
0.5 0.5 6 1 0.216732 0.292911 17.7334 
10.5 0.5 -0.5 1 -0.231302 -0.281513 17.7334 
10.5 0.5 6 1 -0.28849 0.349449 17.7334 
10.5 10.5 -0.5 1 -0.587561 -0.127771 17.7334 
10.5 10.5 6 1 -0.647631 0.261385 17.7334 
0.5 10.5 -0.5 1 -0.147555 -0.0226805 17.7334 
0.5 10.5 6 1 -0.166809 0.248253 17.7334 
0.5 5.5 9.5 1 -0.0133179 0.450669 17.7334 
10.5 5.5 9.5 1 -0.551785 0.591546 17.7334 
0.5 6.5 -0.5 1 -0.0267769 -0.04044 17.7334 
0.5 8.5 -0.5 1 -0.0904899 -0.0310715 17.7334 
0.5 8.5 4.5 1 -0.103702 0.186445 17.7334 
0.5 6.5 4.5 1 -0.0381026 0.189886 17.7334 
0.5 2.5 2 1 0.123135 0.0645942 17.7334 
0.5 4.5 2 1 0.0404932 0.0687139 17.7334 
0.5 4.5 4.5 1 0.035975 0.19377 17.7334 
0.5 2.5 4.5 1 0.120289 0.198192 17.7334 
