0 0 0 1 0.287639 -0.267134 18.8334 
0 0 6.5 1 0.253015 0.0809354 18.8334 
10 0 0 1 0.192801 -0.578661 18.8334 
10 0 6.5 1 0.122938 0.120794 18.8334 
10 10 0 1 -0.584945 -0.488799 18.8334 
10 10 6.5 1 -0.636544 0.0151754 18.8334 
0 10 0 1 -0.177919 -0.26547 18.8334 
0 10 6.5 1 -0.207382 0.0262853 18.8334 
0 5 10 1 -0.0146155 0.222403 18.8334 
10 5 10 1 -0.350602 0.375777 18.8334 
0 6 0 1 -0.0110049 -0.266067 18.8334 
0 8 0 1 -0.0972499 -0.265758 18.8334 
0 8 5 1 -0.120606 -0.0338788 18.8334 
0 6 5 1 -0.0351015 -0.0261666 18.8334 
0 2 2.5 1 0.167841 -0.137941 18.8334 
0 4 2.5 1 0.0689777 -0.1422 18.8334 
0 4 5 1 0.0565301 -0.0179018 18.8334 
0 2 5 1 0.154972 -0.00902272 18.8334 
0.5 0.5 -0.5 1 0.259744 -0.302069 18.8334 
0.5 0.5 6 1 0.224547 0.0514064 18.8334 
10.5 0.5 -0.5 1 0.132829 -0.659918 18.8334 
10.5 0.5 6 1 0.0605905 0.0617137 18.8334 
10.5 10.5 -0.5 1 -0.645517 -0.544802 18.8334 
10.5 10.5 6 1 -0.698396 -0.029415 18.8334 
0.5 10.5 -0.5 1 -0.20733 -0.294663 18.8334 
0.5 10.5 6 1 -0.237207 0.000881519 18.8334 
0.5 5.5 9.5 1 -0.0443732 0.197512 18.8334 
10.5 5.5 9.5 1 -0.415227 0.333306 18.8334 
0.5 6.5 -0.5 1 -0.0401436 -0.297314 18.8334 
0.5 8.5 -0.5 1 -0.126567 -0.295943 18.8334 
0.5 8.5 4.5 1 -0.150262 -0.0609512 18.8334 
0.5 6.5 4.5 1 -0.0646005 -0.0540806 18.8334 
0.5 2.5 2 1 0.139183 -0.16963 18.8334 
0.5 4.5 2 1 0.0399281 -0.172799 18.8334 
0.5 4.5 4.5 1 0.027288 -0.0467105 18.8334 
0.5 2.5 4.5 1 0.126108 -0.0387844 18.8334 
