0 0 0 1 -0.543746 -0.45057 7.39999 
0 0 6.5 1 -0.524305 -0.0682137 7.39999 
10 0 0 1 -0.0787373 -0.360446 7.39999 
10 0 6.5 1 -0.0863491 -0.0860903 7.39999 
10 10 0 1 0.298506 -0.420102 7.39999 
10 10 6.5 1 0.262952 -0.0302802 7.39999 
0 10 0 1 -0.248018 -0.617787 7.39999 
0 10 6.5 1 -0.2473 0.0338152 7.39999 
0 5 10 1 -0.412674 0.198963 7.39999 
10 5 10 1 0.0502057 0.0963236 7.39999 
0 6 0 1 -0.406665 -0.528081 7.39999 
0 8 0 1 -0.33752 -0.567179 7.39999 
0 8 5 1 -0.330395 -0.118113 7.39999 
0 6 5 1 -0.395721 -0.129291 7.39999 
0 2 2.5 1 -0.499077 -0.304124 7.39999 
0 4 2.5 1 -0.454894 -0.312116 7.39999 
0 4 5 1 -0.448505 -0.138322 7.39999 
0 2 5 1 -0.492042 -0.145772 7.39999 
0.5 0.5 -0.5 1 -0.504058 -0.480716 7.39999 
0.5 0.5 6 1 -0.487064 -0.0940434 7.39999 
10.5 0.5 -0.5 1 -0.0482073 -0.381542 7.39999 
10.5 0.5 6 1 -0.0572894 -0.104958 7.39999 
10.5 10.5 -0.5 1 0.344977 -0.450847 7.39999 
10.5 10.5 6 1 0.306117 -0.0565131 7.39999 
0.5 10.5 -0.5 1 -0.175369 -0.672309 7.39999 
0.5 10.5 6 1 -0.182463 -0.00812337 7.39999 
0.5 5.5 9.5 1 -0.367259 0.170018 7.39999 
10.5 5.5 9.5 1 0.0839206 0.07582 7.39999 
0.5 6.5 -0.5 1 -0.352098 -0.569294 7.39999 
0.5 8.5 -0.5 1 -0.275186 -0.614126 7.39999 
0.5 8.5 4.5 1 -0.272652 -0.157375 7.39999 
0.5 6.5 4.5 1 -0.344704 -0.164442 7.39999 
0.5 2.5 2 1 -0.456598 -0.335123 7.39999 
0.5 4.5 2 1 -0.407837 -0.346268 7.39999 
0.5 4.5 4.5 1 -0.402818 -0.170141 7.39999 
0.5 2.5 4.5 1 -0.450682 -0.174836 7.39999 
