0 0 0 1 0.261318 -0.260892 16.2001 
0 0 6.5 1 0.305808 0.122287 16.2001 
10 0 0 1 -0.362852 -0.297129 16.2001 
10 0 6.5 1 -0.335612 0.194545 16.2001 
10 10 0 1 -0.373087 -0.122497 16.2001 
10 10 6.5 1 -0.357596 0.167141 16.2001 
0 10 0 1 0.0326198 -0.123386 16.2001 
0 10 6.5 1 0.0555956 0.124862 16.2001 
0 5 10 1 0.170431 0.293489 16.2001 
10 5 10 1 -0.338307 0.384348 16.2001 
0 6 0 1 0.101591 -0.164855 16.2001 
0 8 0 1 0.0644912 -0.142549 16.2001 
0 8 5 1 0.0840544 0.0616646 16.2001 
0 6 5 1 0.123585 0.0559886 16.2001 
0 2 2.5 1 0.211887 -0.0923642 16.2001 
0 4 2.5 1 0.157687 -0.0723206 16.2001 
0 4 5 1 0.170343 0.0492747 16.2001 
0 2 5 1 0.226511 0.0412096 16.2001 
0.5 0.5 -0.5 1 0.216733 -0.27975 16.2001 
0.5 0.5 6 1 0.258721 0.0952553 16.2001 
10.5 0.5 -0.5 1 -0.404474 -0.320174 16.2001 
10.5 0.5 6 1 -0.379869 0.158123 16.2001 
10.5 10.5 -0.5 1 -0.397765 -0.138729 16.2001 
10.5 10.5 6 1 -0.383179 0.146223 16.2001 
0.5 10.5 -0.5 1 0.00635816 -0.137371 16.2001 
0.5 10.5 6 1 0.0284253 0.107426 16.2001 
0.5 5.5 9.5 1 0.13507 0.269322 16.2001 
10.5 5.5 9.5 1 -0.371559 0.35337 16.2001 
0.5 6.5 -0.5 1 0.0700986 -0.180509 16.2001 
0.5 8.5 -0.5 1 0.0358445 -0.157327 16.2001 
0.5 8.5 4.5 1 0.0545877 0.0438512 16.2001 
0.5 6.5 4.5 1 0.0911096 0.0367874 16.2001 
0.5 2.5 2 1 0.171953 -0.11252 16.2001 
0.5 4.5 2 1 0.122156 -0.0909977 16.2001 
0.5 4.5 4.5 1 0.134204 0.0284525 16.2001 
0.5 2.5 4.5 1 0.185819 0.0184695 16.2001 
