0 0 0 1 -0.718714 -0.547234 8.73334 
0 0 6.5 1 -0.635606 -0.0227719 8.73334 
10 0 0 1 -0.236111 -0.382253 8.73334 
10 0 6.5 1 -0.205057 -0.0793227 8.73334 
10 10 0 1 0.236913 -0.478162 8.73334 
10 10 6.5 1 0.253216 -0.107713 8.73334 
0 10 0 1 0.0466899 -0.821999 8.73334 
0 10 6.5 1 0.0960198 -0.0557154 8.73334 
0 5 10 1 -0.296916 0.262274 8.73334 
10 5 10 1 0.0152313 0.0763154 8.73334 
0 6 0 1 -0.330176 -0.686712 8.73334 
0 8 0 1 -0.157458 -0.748714 8.73334 
0 8 5 1 -0.108563 -0.198569 8.73334 
0 6 5 1 -0.274479 -0.180093 8.73334 
0 2 2.5 1 -0.574081 -0.362965 8.73334 
0 4 2.5 1 -0.447238 -0.392102 8.73334 
0 4 5 1 -0.418001 -0.164111 8.73334 
0 2 5 1 -0.543376 -0.150149 8.73334 
0.5 0.5 -0.5 1 -0.658146 -0.584733 8.73334 
0.5 0.5 6 1 -0.580053 -0.065874 8.73334 
10.5 0.5 -0.5 1 -0.205631 -0.405441 8.73334 
10.5 0.5 6 1 -0.175977 -0.104374 8.73334 
10.5 10.5 -0.5 1 0.268623 -0.505274 8.73334 
10.5 10.5 6 1 0.283342 -0.137628 8.73334 
0.5 10.5 -0.5 1 0.116349 -0.869764 8.73334 
0.5 10.5 6 1 0.158554 -0.115599 8.73334 
0.5 5.5 9.5 1 -0.240197 0.208951 8.73334 
10.5 5.5 9.5 1 0.0442436 0.0480082 8.73334 
0.5 6.5 -0.5 1 -0.263579 -0.729942 8.73334 
0.5 8.5 -0.5 1 -0.0891192 -0.794147 8.73334 
0.5 8.5 4.5 1 -0.0455252 -0.252149 8.73334 
0.5 6.5 4.5 1 -0.212831 -0.230211 8.73334 
0.5 2.5 2 1 -0.513665 -0.404949 8.73334 
0.5 4.5 2 1 -0.384968 -0.436428 8.73334 
0.5 4.5 4.5 1 -0.357948 -0.211183 8.73334 
0.5 2.5 4.5 1 -0.485014 -0.194522 8.73334 
