0 0 0 1 -0.506634 -0.444787 7.19999 
0 0 6.5 1 -0.499695 -0.0793173 7.19999 
10 0 0 1 -0.0516392 -0.350706 7.19999 
10 0 6.5 1 -0.065086 -0.080833 7.19999 
10 10 0 1 0.307011 -0.415498 7.19999 
10 10 6.5 1 0.266608 -0.0242518 7.19999 
0 10 0 1 -0.26671 -0.620344 7.19999 
0 10 6.5 1 -0.27711 0.0101747 7.19999 
0 5 10 1 -0.41536 0.177842 7.19999 
10 5 10 1 0.0596679 0.101931 7.19999 
0 6 0 1 -0.395901 -0.525813 7.19999 
0 8 0 1 -0.339731 -0.566913 7.19999 
0 8 5 1 -0.342273 -0.135307 7.19999 
0 6 5 1 -0.39499 -0.143517 7.19999 
0 2 2.5 1 -0.474342 -0.307434 7.19999 
0 4 2.5 1 -0.438862 -0.317177 7.19999 
0 4 5 1 -0.437356 -0.150115 7.19999 
0 2 5 1 -0.472147 -0.155533 7.19999 
0.5 0.5 -0.5 1 -0.469223 -0.473405 7.19999 
0.5 0.5 6 1 -0.464292 -0.103518 7.19999 
10.5 0.5 -0.5 1 -0.0213245 -0.371218 7.19999 
10.5 0.5 6 1 -0.0360988 -0.0989324 7.19999 
10.5 10.5 -0.5 1 0.354667 -0.446164 7.19999 
10.5 10.5 6 1 0.3111 -0.0498288 7.19999 
0.5 10.5 -0.5 1 -0.19736 -0.673278 7.19999 
0.5 10.5 6 1 -0.214359 -0.0295499 7.19999 
0.5 5.5 9.5 1 -0.371683 0.150946 7.19999 
10.5 5.5 9.5 1 0.0938351 0.0823377 7.19999 
0.5 6.5 -0.5 1 -0.344167 -0.565346 7.19999 
0.5 8.5 -0.5 1 -0.280458 -0.612184 7.19999 
0.5 8.5 4.5 1 -0.286836 -0.172597 7.19999 
0.5 6.5 4.5 1 -0.346203 -0.176791 7.19999 
0.5 2.5 2 1 -0.43409 -0.336801 7.19999 
0.5 4.5 2 1 -0.394173 -0.349626 7.19999 
0.5 4.5 4.5 1 -0.393803 -0.180154 7.19999 
0.5 2.5 4.5 1 -0.432819 -0.18291 7.19999 
