0 0 0 1 0.269716 -0.273903 15.9668 
0 0 6.5 1 0.313865 0.118741 15.9668 
10 0 0 1 -0.371946 -0.277541 15.9668 
10 0 6.5 1 -0.333956 0.203608 15.9668 
10 10 0 1 -0.345324 -0.129506 15.9668 
10 10 6.5 1 -0.322847 0.152403 15.9668 
0 10 0 1 0.058876 -0.144146 15.9668 
0 10 6.5 1 0.0839652 0.104879 15.9668 
0 5 10 1 0.190518 0.278373 15.9668 
10 5 10 1 -0.311287 0.368156 15.9668 
0 6 0 1 0.121562 -0.182725 15.9668 
0 8 0 1 0.0877486 -0.161915 15.9668 
0 8 5 1 0.108832 0.044099 15.9668 
0 6 5 1 0.144864 0.0408804 15.9668 
0 2 2.5 1 0.224745 -0.103347 15.9668 
0 4 2.5 1 0.174633 -0.0859614 15.9668 
0 4 5 1 0.187725 0.0370518 15.9668 
0 2 5 1 0.23956 0.0324217 15.9668 
0.5 0.5 -0.5 1 0.224448 -0.293019 15.9668 
0.5 0.5 6 1 0.266749 0.0908859 15.9668 
10.5 0.5 -0.5 1 -0.410669 -0.300667 15.9668 
10.5 0.5 6 1 -0.374613 0.167428 15.9668 
10.5 10.5 -0.5 1 -0.368712 -0.14546 15.9668 
10.5 10.5 6 1 -0.346915 0.131918 15.9668 
0.5 10.5 -0.5 1 0.0327373 -0.158103 15.9668 
0.5 10.5 6 1 0.0571546 0.0873795 15.9668 
0.5 5.5 9.5 1 0.155668 0.253894 15.9668 
10.5 5.5 9.5 1 -0.342125 0.337911 15.9668 
0.5 6.5 -0.5 1 0.090043 -0.198432 15.9668 
0.5 8.5 -0.5 1 0.0591641 -0.176701 15.9668 
0.5 8.5 4.5 1 0.0796403 0.0261641 15.9668 
0.5 6.5 4.5 1 0.112617 0.0214683 15.9668 
0.5 2.5 2 1 0.184632 -0.123864 15.9668 
0.5 4.5 2 1 0.139091 -0.104877 15.9668 
0.5 4.5 4.5 1 0.151736 0.0158978 15.9668 
0.5 2.5 4.5 1 0.198889 0.00918312 15.9668 
