0 0 0 1 0.256031 -0.162543 16.7668 
0 0 6.5 1 0.292209 0.21057 16.7668 
10 0 0 1 -0.316544 -0.269071 16.7668 
10 0 6.5 1 -0.320335 0.262597 16.7668 
10 10 0 1 -0.437856 -0.0789906 16.7668 
10 10 6.5 1 -0.446946 0.239025 16.7668 
0 10 0 1 -0.0245161 -0.0443039 16.7668 
0 10 6.5 1 -0.0130888 0.209296 16.7668 
0 5 10 1 0.120508 0.386346 16.7668 
10 5 10 1 -0.405529 0.486675 16.7668 
0 6 0 1 0.0629794 -0.0811796 16.7668 
0 8 0 1 0.0162387 -0.0614803 16.7668 
0 8 5 1 0.0270532 0.144651 16.7668 
0 6 5 1 0.0764684 0.139909 16.7668 
0 2 2.5 1 0.191063 -0.00439463 16.7668 
0 4 2.5 1 0.125413 0.0126923 16.7668 
0 4 5 1 0.134052 0.134383 16.7668 
0 2 5 1 0.202013 0.127862 16.7668 
0.5 0.5 -0.5 1 0.213116 -0.184198 16.7668 
0.5 0.5 6 1 0.245903 0.18204 16.7668 
10.5 0.5 -0.5 1 -0.365853 -0.297447 16.7668 
10.5 0.5 6 1 -0.374315 0.220321 16.7668 
10.5 10.5 -0.5 1 -0.46629 -0.098366 16.7668 
10.5 10.5 6 1 -0.476866 0.214667 16.7668 
0.5 10.5 -0.5 1 -0.0512068 -0.0601917 16.7668 
0.5 10.5 6 1 -0.041082 0.190232 16.7668 
0.5 5.5 9.5 1 0.0843571 0.360693 16.7668 
10.5 5.5 9.5 1 -0.445499 0.450695 16.7668 
0.5 6.5 -0.5 1 0.0314772 -0.0989828 16.7668 
0.5 8.5 -0.5 1 -0.012665 -0.0782735 16.7668 
0.5 8.5 4.5 1 -0.00301319 0.125123 16.7668 
0.5 6.5 4.5 1 0.0435844 0.118959 16.7668 
0.5 2.5 2 1 0.151741 -0.0266734 16.7668 
0.5 4.5 2 1 0.0900063 -0.00800548 16.7668 
0.5 4.5 4.5 1 0.0977925 0.111789 16.7668 
0.5 2.5 4.5 1 0.161641 0.103344 16.7668 
