0 0 0 1 0.259698 -0.108331 18.0001 
0 0 6.5 1 0.249873 0.252952 18.0001 
10 0 0 1 -0.095715 -0.344367 18.0001 
10 0 6.5 1 -0.15039 0.298167 18.0001 
10 10 0 1 -0.562026 -0.200003 18.0001 
10 10 6.5 1 -0.625592 0.2072 18.0001 
0 10 0 1 -0.137947 -0.0681855 18.0001 
0 10 6.5 1 -0.161938 0.204548 18.0001 
0 5 10 1 0.00346227 0.405284 18.0001 
10 5 10 1 -0.48274 0.544307 18.0001 
0 6 0 1 -0.00419365 -0.0816889 18.0001 
0 8 0 1 -0.0744383 -0.0745971 18.0001 
0 8 5 1 -0.09154 0.143793 18.0001 
0 6 5 1 -0.019752 0.148442 18.0001 
0 2 2.5 1 0.15595 0.0280214 18.0001 
0 4 2.5 1 0.0672718 0.0297957 18.0001 
0 4 5 1 0.0603769 0.15363 18.0001 
0 2 5 1 0.15039 0.159458 18.0001 
0.5 0.5 -0.5 1 0.224137 -0.138752 18.0001 
0.5 0.5 6 1 0.212308 0.22155 18.0001 
10.5 0.5 -0.5 1 -0.159816 -0.398977 18.0001 
10.5 0.5 6 1 -0.221306 0.240278 18.0001 
10.5 10.5 -0.5 1 -0.604138 -0.234726 18.0001 
10.5 10.5 6 1 -0.670537 0.171184 18.0001 
0.5 10.5 -0.5 1 -0.165539 -0.0912462 18.0001 
0.5 10.5 6 1 -0.19072 0.180928 18.0001 
0.5 5.5 9.5 1 -0.0300145 0.377924 18.0001 
10.5 5.5 9.5 1 -0.540321 0.498818 18.0001 
0.5 6.5 -0.5 1 -0.0345046 -0.107221 18.0001 
0.5 8.5 -0.5 1 -0.103326 -0.0988306 18.0001 
0.5 8.5 4.5 1 -0.121423 0.119086 18.0001 
0.5 6.5 4.5 1 -0.0511613 0.122382 18.0001 
0.5 2.5 2 1 0.121664 -0.000904101 18.0001 
0.5 4.5 2 1 0.0347936 0.00252551 18.0001 
0.5 4.5 4.5 1 0.0272785 0.126063 18.0001 
0.5 2.5 4.5 1 0.115412 0.130199 18.0001 
