0 0 0 1 217.4 238.964 4.13333 
0 0 6.5 1 221.499 354.276 4.13333 
10 0 0 1 395.924 217.168 4.13333 
10 0 6.5 1 412.401 346.393 4.13333 
10 10 0 1 402.146 147.754 4.13333 
10 10 6.5 1 429.819 361.157 4.13333 
0 10 0 1 120.247 188.962 4.13333 
0 10 6.5 1 121.421 370.664 4.13333 
0 5 10 1 185.104 442.79 4.13333 
10 5 10 1 430.59 446.485 4.13333 
0 6 0 1 170.333 214.679 4.13333 
0 8 0 1 146.134 202.758 4.13333 
0 8 5 1 146.677 326.92 4.13333 
0 6 5 1 172.415 327.709 4.13333 
0 2 2.5 1 205.298 280.333 4.13333 
0 4 2.5 1 190.128 274.814 4.13333 
0 4 5 1 192.408 326.633 4.13333 
0 2 5 1 204.608 326.082 4.13333 
0.5 0.5 -0.5 1 222.969 228.955 4.13333 
0.5 0.5 6 1 225.255 345.055 4.13333 
10.5 0.5 -0.5 1 408.511 205.395 4.13333 
10.5 0.5 6 1 419.594 335.726 4.13333 
10.5 10.5 -0.5 1 422.131 123.442 4.13333 
10.5 10.5 6 1 448.024 343.721 4.13333 
0.5 10.5 -0.5 1 123.927 171.322 4.13333 
0.5 10.5 6 1 126.683 356.921 4.13333 
0.5 5.5 9.5 1 190.317 436.164 4.13333 
10.5 5.5 9.5 1 442.586 434.661 4.13333 
0.5 6.5 -0.5 1 173.838 201.062 4.13333 
0.5 8.5 -0.5 1 152.074 188.195 4.13333 
0.5 8.5 4.5 1 155.2 311.96 4.13333 
0.5 6.5 4.5 1 176.283 314.604 4.13333 
0.5 2.5 2 1 213.332 266.308 4.13333 
0.5 4.5 2 1 195.033 262.601 4.13333 
0.5 4.5 4.5 1 197.431 313.626 4.13333 
0.5 2.5 4.5 1 211.362 316.179 4.13333 
