0 0 0 1 263.483 144.133 11.5667 
0 0 6.5 1 247.525 460.893 11.5667 
10 0 0 1 142.132 225.677 11.5667 
10 0 6.5 1 124.883 391.686 11.5667 
10 10 0 1 338.126 253.301 11.5667 
10 10 6.5 1 335.065 387.972 11.5667 
0 10 0 1 539.479 217.682 11.5667 
0 10 6.5 1 552.394 432.239 11.5667 
0 5 10 1 429.543 602.421 11.5667 
10 5 10 1 235.195 474.69 11.5667 
0 6 0 1 450.152 192.298 11.5667 
0 8 0 1 495.274 205.734 11.5667 
0 8 5 1 504.462 379.971 11.5667 
0 6 5 1 455.247 381.863 11.5667 
0 2 2.5 1 334.339 266.91 11.5667 
0 4 2.5 1 399.128 276.555 11.5667 
0 4 5 1 403.179 382.287 11.5667 
0 2 5 1 334.99 383.935 11.5667 
0.5 0.5 -0.5 1 273.777 133.926 11.5667 
0.5 0.5 6 1 255.252 427.008 11.5667 
10.5 0.5 -0.5 1 153.52 219.129 11.5667 
10.5 0.5 6 1 138.233 375.462 11.5667 
10.5 10.5 -0.5 1 339.2 251.15 11.5667 
10.5 10.5 6 1 334.472 379.49 11.5667 
0.5 10.5 -0.5 1 530.889 208.025 11.5667 
0.5 10.5 6 1 541.357 410.169 11.5667 
0.5 5.5 9.5 1 426.719 568.192 11.5667 
10.5 5.5 9.5 1 242.849 457.543 11.5667 
0.5 6.5 -0.5 1 448.802 186.453 11.5667 
0.5 8.5 -0.5 1 492.23 199.439 11.5667 
0.5 8.5 4.5 1 498.403 360.07 11.5667 
0.5 6.5 4.5 1 450.565 359.931 11.5667 
0.5 2.5 2 1 339.528 250.651 11.5667 
0.5 4.5 2 1 399.316 262.121 11.5667 
0.5 4.5 4.5 1 397.941 357.827 11.5667 
0.5 2.5 4.5 1 336.088 355.57 11.5667 
