0 0 0 1 372.658 224.925 17.8334 
0 0 6.5 1 374.032 395.558 17.8334 
10 0 0 1 189.4 130.064 17.8334 
10 0 6.5 1 166.809 423.453 17.8334 
10 10 0 1 -0.975564 194.481 17.8334 
10 10 6.5 1 -28.6985 378.823 17.8334 
0 10 0 1 196.195 241.924 17.8334 
0 10 6.5 1 184.795 370.625 17.8334 
0 5 10 1 258.903 464.483 17.8334 
10 5 10 1 31.195 534.712 17.8334 
0 6 0 1 255.507 236.967 17.8334 
0 8 0 1 223.174 237.986 17.8334 
0 8 5 1 217.719 342.108 17.8334 
0 6 5 1 250.408 345.436 17.8334 
0 2 2.5 1 326.47 284.595 17.8334 
0 4 2.5 1 286.992 291.228 17.8334 
0 4 5 1 285.015 349.156 17.8334 
0 2 5 1 325.104 351.404 17.8334 
0.5 0.5 -0.5 1 357.778 212.615 17.8334 
0.5 0.5 6 1 353.841 376.948 17.8334 
10.5 0.5 -0.5 1 161.219 106.512 17.8334 
10.5 0.5 6 1 132.427 398.936 17.8334 
10.5 10.5 -0.5 1 -16.3052 178.656 17.8334 
10.5 10.5 6 1 -48.0237 361.386 17.8334 
0.5 10.5 -0.5 1 185.062 233.856 17.8334 
0.5 10.5 6 1 174.334 360.859 17.8334 
0.5 5.5 9.5 1 246.524 449.732 17.8334 
10.5 5.5 9.5 1 0.335033 512.356 17.8334 
0.5 6.5 -0.5 1 242.075 224.373 17.8334 
0.5 8.5 -0.5 1 208.417 229.817 17.8334 
0.5 8.5 4.5 1 201.523 331.666 17.8334 
0.5 6.5 4.5 1 236.859 333.206 17.8334 
0.5 2.5 2 1 312.673 275.973 17.8334 
0.5 4.5 2 1 272.76 273.672 17.8334 
0.5 4.5 4.5 1 267.016 335.025 17.8334 
0.5 2.5 4.5 1 309.368 337.153 17.8334 
