0 0 0 1 388.599 95.0074 15.4334 
0 0 6.5 1 405.116 287.056 15.4334 
10 0 0 1 81.394 114.624 15.4334 
10 0 6.5 1 101.821 320.339 15.4334 
10 10 0 1 126.273 165.92 15.4334 
10 10 6.5 1 139.764 285.781 15.4334 
0 10 0 1 310.468 149.789 15.4334 
0 10 6.5 1 323.084 270.478 15.4334 
0 5 10 1 361.612 351.527 15.4334 
10 5 10 1 134.544 384.468 15.4334 
0 6 0 1 332.83 133.506 15.4334 
0 8 0 1 322.231 141.899 15.4334 
0 8 5 1 331.752 239.721 15.4334 
0 6 5 1 347.636 240.103 15.4334 
0 2 2.5 1 371.635 176.877 15.4334 
0 4 2.5 1 353.872 184.491 15.4334 
0 4 5 1 357.095 243.28 15.4334 
0 2 5 1 378.509 243.924 15.4334 
0.5 0.5 -0.5 1 370.281 86.8039 15.4334 
0.5 0.5 6 1 382.888 273.193 15.4334 
10.5 0.5 -0.5 1 64.3456 102.04 15.4334 
10.5 0.5 6 1 89.9069 306.326 15.4334 
10.5 10.5 -0.5 1 118.227 156.172 15.4334 
10.5 10.5 6 1 130.79 280.018 15.4334 
0.5 10.5 -0.5 1 299.432 145.758 15.4334 
0.5 10.5 6 1 310.791 259.256 15.4334 
0.5 5.5 9.5 1 344.558 340.775 15.4334 
10.5 5.5 9.5 1 126.998 369.022 15.4334 
0.5 6.5 -0.5 1 320.138 130.211 15.4334 
0.5 8.5 -0.5 1 309.153 135.677 15.4334 
0.5 8.5 4.5 1 317.161 230.657 15.4334 
0.5 6.5 4.5 1 332.34 234.583 15.4334 
0.5 2.5 2 1 354.792 166.493 15.4334 
0.5 4.5 2 1 338.02 171.736 15.4334 
0.5 4.5 4.5 1 341.911 232.884 15.4334 
0.5 2.5 4.5 1 356.057 231.707 15.4334 
