0 0 0 1 309.476 65.6291 2.23333 
0 0 6.5 1 310.186 194.379 2.23333 
10 0 0 1 523.721 -8.38917 2.23333 
10 0 6.5 1 518.296 189.052 2.23333 
10 10 0 1 327.238 -112.884 2.23333 
10 10 6.5 1 338.627 214.94 2.23333 
0 10 0 1 115.946 27.8139 2.23333 
0 10 6.5 1 132.955 211.129 2.23333 
0 5 10 1 239.193 276.432 2.23333 
10 5 10 1 448.612 315.87 2.23333 
0 6 0 1 203.724 44.8367 2.23333 
0 8 0 1 162.288 38.6407 2.23333 
0 8 5 1 173.354 170.364 2.23333 
0 6 5 1 215.469 168.136 2.23333 
0 2 2.5 1 275.667 114.963 2.23333 
0 4 2.5 1 246.029 112.145 2.23333 
0 4 5 1 253.004 166.557 2.23333 
0 2 5 1 282.304 165.544 2.23333 
0.5 0.5 -0.5 1 304.594 47.9048 2.23333 
0.5 0.5 6 1 309.208 180.471 2.23333 
10.5 0.5 -0.5 1 535.447 -32.0932 2.23333 
10.5 0.5 6 1 528.597 174.323 2.23333 
10.5 10.5 -0.5 1 332.092 -170.256 2.23333 
10.5 10.5 6 1 341.999 193.304 2.23333 
0.5 10.5 -0.5 1 105.23 8.52839 2.23333 
0.5 10.5 6 1 126.53 199.176 2.23333 
0.5 5.5 9.5 1 238.492 268.663 2.23333 
10.5 5.5 9.5 1 456.936 306.982 2.23333 
0.5 6.5 -0.5 1 201.812 26.1661 2.23333 
0.5 8.5 -0.5 1 159.212 18.2449 2.23333 
0.5 8.5 4.5 1 170.589 157.314 2.23333 
0.5 6.5 4.5 1 211.775 154.757 2.23333 
0.5 2.5 2 1 278.658 99.7621 2.23333 
0.5 4.5 2 1 244.401 97.6362 2.23333 
0.5 4.5 4.5 1 247.481 152.882 2.23333 
0.5 2.5 4.5 1 281.545 157.402 2.23333 
