0 0 0 1 131.347 80.6369 10.7 
0 0 6.5 1 120.852 380.03 10.7 
10 0 0 1 141.468 211.289 10.7 
10 0 6.5 1 137.321 363.401 10.7 
10 10 0 1 354.795 214.897 10.7 
10 10 6.5 1 367.724 357.393 10.7 
0 10 0 1 514.628 117.59 10.7 
0 10 6.5 1 548.363 362.731 10.7 
0 5 10 1 367.741 549.736 10.7 
10 5 10 1 261.651 445.975 10.7 
0 6 0 1 376.736 102.801 10.7 
0 8 0 1 449.547 109.822 10.7 
0 8 5 1 469.22 300.248 10.7 
0 6 5 1 393.979 302.889 10.7 
0 2 2.5 1 217.595 189.988 10.7 
0 4 2.5 1 303.809 196.393 10.7 
0 4 5 1 309.958 303.864 10.7 
0 2 5 1 221.234 304.208 10.7 
0.5 0.5 -0.5 1 153.287 74.0076 10.7 
0.5 0.5 6 1 149.81 354.466 10.7 
10.5 0.5 -0.5 1 150.988 202.414 10.7 
10.5 0.5 6 1 149.056 351.922 10.7 
10.5 10.5 -0.5 1 360.944 210.316 10.7 
10.5 10.5 6 1 373.627 342.535 10.7 
0.5 10.5 -0.5 1 513.583 109.662 10.7 
0.5 10.5 6 1 544.662 340.232 10.7 
0.5 5.5 9.5 1 379.808 511.931 10.7 
10.5 5.5 9.5 1 268.478 434.464 10.7 
0.5 6.5 -0.5 1 382.431 97.8675 10.7 
0.5 8.5 -0.5 1 451.525 103.95 10.7 
0.5 8.5 4.5 1 470.003 285.487 10.7 
0.5 6.5 4.5 1 399.498 284.676 10.7 
0.5 2.5 2 1 238.649 177.847 10.7 
0.5 4.5 2 1 318.192 179.442 10.7 
0.5 4.5 4.5 1 317.899 281.853 10.7 
0.5 2.5 4.5 1 238.162 283.864 10.7 
