0 0 0 1 227.389 141.485 11.3 
0 0 6.5 1 210.293 467.51 11.3 
10 0 0 1 141.523 238.018 11.3 
10 0 6.5 1 127.947 400.417 11.3 
10 10 0 1 344.829 258.438 11.3 
10 10 6.5 1 344.502 394.793 11.3 
0 10 0 1 535.387 207.649 11.3 
0 10 6.5 1 560.654 435.773 11.3 
0 5 10 1 424.127 621.284 11.3 
10 5 10 1 243.854 486.147 11.3 
0 6 0 1 434.895 187.641 11.3 
0 8 0 1 491.854 198.008 11.3 
0 8 5 1 502.597 381.567 11.3 
0 6 5 1 445.959 380.519 11.3 
0 2 2.5 1 305.249 266.608 11.3 
0 4 2.5 1 377.289 273.966 11.3 
0 4 5 1 380.672 384.198 11.3 
0 2 5 1 301.838 383.442 11.3 
0.5 0.5 -0.5 1 234.661 133.959 11.3 
0.5 0.5 6 1 224.555 430.299 11.3 
10.5 0.5 -0.5 1 151.787 226.867 11.3 
10.5 0.5 6 1 141.733 386.325 11.3 
10.5 10.5 -0.5 1 346.519 254.118 11.3 
10.5 10.5 6 1 346.877 382.751 11.3 
0.5 10.5 -0.5 1 530.483 198.507 11.3 
0.5 10.5 6 1 550.629 415.072 11.3 
0.5 5.5 9.5 1 419.886 578.332 11.3 
10.5 5.5 9.5 1 250.635 469.143 11.3 
0.5 6.5 -0.5 1 434.16 179.474 11.3 
0.5 8.5 -0.5 1 486.576 190.714 11.3 
0.5 8.5 4.5 1 499.128 360.177 11.3 
0.5 6.5 4.5 1 444.213 358.193 11.3 
0.5 2.5 2 1 315.912 246.687 11.3 
0.5 4.5 2 1 381.747 256.054 11.3 
0.5 4.5 4.5 1 383.231 359.286 11.3 
0.5 2.5 4.5 1 310.846 355.45 11.3 
