0 0 0 1 163.986 250.328 5.03333 
0 0 6.5 1 156.624 371.241 5.03333 
10 0 0 1 342.358 257.273 5.03333 
10 0 6.5 1 343.453 378.586 5.03333 
10 10 0 1 404.378 201.354 5.03333 
10 10 6.5 1 410.534 401.246 5.03333 
0 10 0 1 112.038 191.751 5.03333 
0 10 6.5 1 92.2594 389.516 5.03333 
0 5 10 1 124.261 465.911 5.03333 
10 5 10 1 371.138 473.379 5.03333 
0 6 0 1 138.165 218.518 5.03333 
0 8 0 1 126.317 209.601 5.03333 
0 8 5 1 115.455 342.936 5.03333 
0 6 5 1 128.845 340.61 5.03333 
0 2 2.5 1 155.402 288.846 5.03333 
0 4 2.5 1 146.251 285.654 5.03333 
0 4 5 1 139.811 338.717 5.03333 
0 2 5 1 152.363 341.596 5.03333 
0.5 0.5 -0.5 1 172.401 240.423 5.03333 
0.5 0.5 6 1 162.133 360.021 5.03333 
10.5 0.5 -0.5 1 354.868 246.542 5.03333 
10.5 0.5 6 1 357.797 368.915 5.03333 
10.5 10.5 -0.5 1 421.552 182.95 5.03333 
10.5 10.5 6 1 430.496 384.135 5.03333 
0.5 10.5 -0.5 1 122.943 170.452 5.03333 
0.5 10.5 6 1 103.496 375.075 5.03333 
0.5 5.5 9.5 1 136.854 456.382 5.03333 
10.5 5.5 9.5 1 385.463 466.401 5.03333 
0.5 6.5 -0.5 1 145.788 207.724 5.03333 
0.5 8.5 -0.5 1 135.508 191.047 5.03333 
0.5 8.5 4.5 1 128.67 325.224 5.03333 
0.5 6.5 4.5 1 140.607 329.341 5.03333 
0.5 2.5 2 1 163.1 279.004 5.03333 
0.5 4.5 2 1 152.828 274.663 5.03333 
0.5 4.5 4.5 1 152.13 329.891 5.03333 
0.5 2.5 4.5 1 156.624 331.721 5.03333 
