0 0 0 1 31.713 53.0412 7.06666 
0 0 6.5 1 30.6926 213.514 7.06666 
10 0 0 1 241.622 97.2345 7.06666 
10 0 6.5 1 232.311 220.841 7.06666 
10 10 0 1 399.376 60.9872 7.06666 
10 10 6.5 1 377.841 245.977 7.06666 
0 10 0 1 130.416 -36.1079 7.06666 
0 10 6.5 1 120.175 248.966 7.06666 
0 5 10 1 64.1786 329.682 7.06666 
10 5 10 1 285.146 306.691 7.06666 
0 6 0 1 79.3672 12.3232 7.06666 
0 8 0 1 99.8407 -6.20402 7.06666 
0 8 5 1 94.608 185.545 7.06666 
0 6 5 1 74.2995 183.174 7.06666 
0 2 2.5 1 45.0716 111.119 7.06666 
0 4 2.5 1 55.7279 105.88 7.06666 
0 4 5 1 59.2478 181.474 7.06666 
0 2 5 1 45.0519 180.034 7.06666 
0.5 0.5 -0.5 1 49.7941 38.7432 7.06666 
0.5 0.5 6 1 47.8176 202.783 7.06666 
10.5 0.5 -0.5 1 254.514 85.3225 7.06666 
10.5 0.5 6 1 245.401 208.731 7.06666 
10.5 10.5 -0.5 1 420.695 45.6931 7.06666 
10.5 10.5 6 1 398.098 231.134 7.06666 
0.5 10.5 -0.5 1 157.858 -59.4343 7.06666 
0.5 10.5 6 1 148.703 229.054 7.06666 
0.5 5.5 9.5 1 81.8215 316.822 7.06666 
10.5 5.5 9.5 1 299.834 291.37 7.06666 
0.5 6.5 -0.5 1 101.868 -6.23037 7.06666 
0.5 8.5 -0.5 1 127.896 -30.5569 7.06666 
0.5 8.5 4.5 1 120.867 168.141 7.06666 
0.5 6.5 4.5 1 95.0199 167.752 7.06666 
0.5 2.5 2 1 65.5611 98.8433 7.06666 
0.5 4.5 2 1 80.6789 93.7947 7.06666 
0.5 4.5 4.5 1 76.2857 165.399 7.06666 
0.5 2.5 4.5 1 62.5825 165.064 7.06666 
