0 0 0 1 -48.06 97.1655 9.26668 
0 0 6.5 1 -17.3546 353.824 9.26668 
10 0 0 1 141.412 156.331 9.26668 
10 0 6.5 1 155.583 297.888 9.26668 
10 10 0 1 363.779 125.542 9.26668 
10 10 6.5 1 378.397 281.649 9.26668 
0 10 0 1 365.57 13.2892 9.26668 
0 10 6.5 1 394.669 336.072 9.26668 
0 5 10 1 182.881 497.273 9.26668 
10 5 10 1 268.096 371.178 9.26668 
0 6 0 1 178.483 50.7297 9.26668 
0 8 0 1 265.249 35.2731 9.26668 
0 8 5 1 289.129 267.757 9.26668 
0 6 5 1 201.822 277.934 9.26668 
0 2 2.5 1 32.9189 187.6 9.26668 
0 4 2.5 1 107.366 181.204 9.26668 
0 4 5 1 122.994 284.602 9.26668 
0 2 5 1 44.3163 292.004 9.26668 
0.5 0.5 -0.5 1 -16.8348 78.8914 9.26668 
0.5 0.5 6 1 13.3645 330.891 9.26668 
10.5 0.5 -0.5 1 154.755 147.345 9.26668 
10.5 0.5 6 1 169.812 285.076 9.26668 
10.5 10.5 -0.5 1 373.517 111.321 9.26668 
10.5 10.5 6 1 387.622 269.822 9.26668 
0.5 10.5 -0.5 1 389.986 -4.74076 9.26668 
0.5 10.5 6 1 414.571 304.924 9.26668 
0.5 5.5 9.5 1 208.64 466.927 9.26668 
10.5 5.5 9.5 1 280.632 355.908 9.26668 
0.5 6.5 -0.5 1 205.36 30.8745 9.26668 
0.5 8.5 -0.5 1 291.999 15.5918 9.26668 
0.5 8.5 4.5 1 312.724 244.325 9.26668 
0.5 6.5 4.5 1 228.284 253.429 9.26668 
0.5 2.5 2 1 62.172 167.208 9.26668 
0.5 4.5 2 1 133.529 158.133 9.26668 
0.5 4.5 4.5 1 146.65 261.182 9.26668 
0.5 2.5 4.5 1 72.2284 265.823 9.26668 
