0 0 0 1 116.177 189.511 5.86666 
0 0 6.5 1 103.051 317.788 5.86666 
10 0 0 1 296.917 215.429 5.86666 
10 0 6.5 1 289.773 328.647 5.86666 
10 10 0 1 397.881 175.431 5.86666 
10 10 6.5 1 388.302 360.996 5.86666 
0 10 0 1 110.274 123.996 5.86666 
0 10 6.5 1 82.9641 344.074 5.86666 
0 5 10 1 79.6873 416.46 5.86666 
10 5 10 1 319.003 420.962 5.86666 
0 6 0 1 113.871 158.922 5.86666 
0 8 0 1 109.293 140.238 5.86666 
0 8 5 1 92.7909 286.721 5.86666 
0 6 5 1 95.7085 287.253 5.86666 
0 2 2.5 1 108.255 232.188 5.86666 
0 4 2.5 1 107.027 226.785 5.86666 
0 4 5 1 101.874 288.141 5.86666 
0 2 5 1 102.333 286.277 5.86666 
0.5 0.5 -0.5 1 126.942 176.843 5.86666 
0.5 0.5 6 1 112.022 307.013 5.86666 
10.5 0.5 -0.5 1 309.294 205.84 5.86666 
10.5 0.5 6 1 300.818 322.773 5.86666 
10.5 10.5 -0.5 1 422.087 159.86 5.86666 
10.5 10.5 6 1 409.972 345.47 5.86666 
0.5 10.5 -0.5 1 126.967 104.434 5.86666 
0.5 10.5 6 1 103.377 326.083 5.86666 
0.5 5.5 9.5 1 96.039 405.941 5.86666 
10.5 5.5 9.5 1 336.297 410.076 5.86666 
0.5 6.5 -0.5 1 127.064 141.365 5.86666 
0.5 8.5 -0.5 1 130.609 126.315 5.86666 
0.5 8.5 4.5 1 108.064 274.429 5.86666 
0.5 6.5 4.5 1 110.977 273.128 5.86666 
0.5 2.5 2 1 119.019 221.146 5.86666 
0.5 4.5 2 1 117.75 216.502 5.86666 
0.5 4.5 4.5 1 113.712 274.449 5.86666 
0.5 2.5 4.5 1 112.056 278.06 5.86666 
