0 0 0 1 441.03 -31.5622 14.0334 
0 0 6.5 1 419.557 212.327 14.0334 
10 0 0 1 109.592 1.52877 14.0334 
10 0 6.5 1 120.669 201.962 14.0334 
10 10 0 1 224.123 64.7504 14.0334 
10 10 6.5 1 223.065 185.644 14.0334 
0 10 0 1 424.194 50.7226 14.0334 
0 10 6.5 1 411.822 193.179 14.0334 
0 5 10 1 408.93 287.892 14.0334 
10 5 10 1 184.72 267.497 14.0334 
0 6 0 1 428.027 25.4139 14.0334 
0 8 0 1 424.748 41.6659 14.0334 
0 8 5 1 417.067 161.573 14.0334 
0 6 5 1 415.909 160.65 14.0334 
0 2 2.5 1 425.319 79.4701 14.0334 
0 4 2.5 1 424.176 87.2281 14.0334 
0 4 5 1 415.007 161.28 14.0334 
0 2 5 1 421.35 161.431 14.0334 
0.5 0.5 -0.5 1 420.13 -45.983 14.0334 
0.5 0.5 6 1 401.707 191.239 14.0334 
10.5 0.5 -0.5 1 105.915 -8.52374 14.0334 
10.5 0.5 6 1 116.265 185.521 14.0334 
10.5 10.5 -0.5 1 217.38 53.1802 14.0334 
10.5 10.5 6 1 217.66 177.267 14.0334 
0.5 10.5 -0.5 1 412.532 42.183 14.0334 
0.5 10.5 6 1 401.73 180.611 14.0334 
0.5 5.5 9.5 1 394.11 270.413 14.0334 
10.5 5.5 9.5 1 175.88 255.174 14.0334 
0.5 6.5 -0.5 1 412.439 19.242 14.0334 
0.5 8.5 -0.5 1 413.617 31.9584 14.0334 
0.5 8.5 4.5 1 404.887 148.909 14.0334 
0.5 6.5 4.5 1 405.776 148.478 14.0334 
0.5 2.5 2 1 411.742 62.1734 14.0334 
0.5 4.5 2 1 408.542 77.5941 14.0334 
0.5 4.5 4.5 1 405.92 147.21 14.0334 
0.5 2.5 4.5 1 405.48 146.306 14.0334 
