0 0 0 1 103.605 73.9141 10.5334 
0 0 6.5 1 97.2692 369.157 10.5334 
10 0 0 1 140.8 201.858 10.5334 
10 0 6.5 1 139.329 357.115 10.5334 
10 10 0 1 357.528 204.017 10.5334 
10 10 6.5 1 369.343 341.781 10.5334 
0 10 0 1 500.702 90.458 10.5334 
0 10 6.5 1 540.372 346.87 10.5334 
0 5 10 1 349.574 533.247 10.5334 
10 5 10 1 264.338 434.406 10.5334 
0 6 0 1 354.847 82.6964 10.5334 
0 8 0 1 433.227 88.5743 10.5334 
0 8 5 1 452.649 284.211 10.5334 
0 6 5 1 376.216 284.344 10.5334 
0 2 2.5 1 193.141 180.405 10.5334 
0 4 2.5 1 282.079 179.363 10.5334 
0 4 5 1 288.686 288.284 10.5334 
0 2 5 1 197.268 290.085 10.5334 
0.5 0.5 -0.5 1 128.499 64.952 10.5334 
0.5 0.5 6 1 126.846 342.548 10.5334 
10.5 0.5 -0.5 1 150.898 194.065 10.5334 
10.5 0.5 6 1 151.026 339.579 10.5334 
10.5 10.5 -0.5 1 363.204 197.817 10.5334 
10.5 10.5 6 1 373.856 334.401 10.5334 
0.5 10.5 -0.5 1 504.797 85.1046 10.5334 
0.5 10.5 6 1 541.268 326.021 10.5334 
0.5 5.5 9.5 1 361.841 494.513 10.5334 
10.5 5.5 9.5 1 271.861 421.711 10.5334 
0.5 6.5 -0.5 1 368.213 76.7407 10.5334 
0.5 8.5 -0.5 1 436.164 82.3821 10.5334 
0.5 8.5 4.5 1 461.158 264.376 10.5334 
0.5 6.5 4.5 1 386.693 267.974 10.5334 
0.5 2.5 2 1 212.418 167.844 10.5334 
0.5 4.5 2 1 296.025 169.097 10.5334 
0.5 4.5 4.5 1 304.162 268.007 10.5334 
0.5 2.5 4.5 1 216.137 270.09 10.5334 
