0 0 0 1 436.095 -51.9626 14.1667 
0 0 6.5 1 420.999 197.193 14.1667 
10 0 0 1 101.227 -14.323 14.1667 
10 0 6.5 1 118.424 191.435 14.1667 
10 10 0 1 211.294 54.3673 14.1667 
10 10 6.5 1 211.911 177.046 14.1667 
0 10 0 1 409.184 38.3698 14.1667 
0 10 6.5 1 402.501 178.949 14.1667 
0 5 10 1 403.862 271.969 14.1667 
10 5 10 1 179.335 259.485 14.1667 
0 6 0 1 415.258 15.5213 14.1667 
0 8 0 1 415.801 32.2556 14.1667 
0 8 5 1 410.401 150.329 14.1667 
0 6 5 1 410.259 147.18 14.1667 
0 2 2.5 1 421.976 61.1349 14.1667 
0 4 2.5 1 416.014 74.189 14.1667 
0 4 5 1 410.649 146.988 14.1667 
0 2 5 1 416.044 140.767 14.1667 
0.5 0.5 -0.5 1 416.749 -58.2988 14.1667 
0.5 0.5 6 1 401.153 179.059 14.1667 
10.5 0.5 -0.5 1 96.9333 -21.1421 14.1667 
10.5 0.5 6 1 109.638 176.041 14.1667 
10.5 10.5 -0.5 1 206.772 47.0412 14.1667 
10.5 10.5 6 1 208.634 172.188 14.1667 
0.5 10.5 -0.5 1 397.853 33.4356 14.1667 
0.5 10.5 6 1 389.857 171.719 14.1667 
0.5 5.5 9.5 1 393.419 253.668 14.1667 
10.5 5.5 9.5 1 170.995 248.408 14.1667 
0.5 6.5 -0.5 1 404.858 8.723 14.1667 
0.5 8.5 -0.5 1 402.237 23.2588 14.1667 
0.5 8.5 4.5 1 397.778 138.659 14.1667 
0.5 6.5 4.5 1 398.086 136.072 14.1667 
0.5 2.5 2 1 406.396 53.4397 14.1667 
0.5 4.5 2 1 402.876 63.3006 14.1667 
0.5 4.5 4.5 1 398.753 134.346 14.1667 
0.5 2.5 4.5 1 400.53 128.985 14.1667 
