0 0 0 1 396.854 58.4712 15.2001 
0 0 6.5 1 404.855 255.542 15.2001 
10 0 0 1 78.8567 82.1882 15.2001 
10 0 6.5 1 103.834 286.079 15.2001 
10 10 0 1 136.536 133.162 15.2001 
10 10 6.5 1 147.893 259.123 15.2001 
0 10 0 1 323.782 121.79 15.2001 
0 10 6.5 1 333.547 243.203 15.2001 
0 5 10 1 364.978 324.298 15.2001 
10 5 10 1 142.065 347.774 15.2001 
0 6 0 1 343.853 105.925 15.2001 
0 8 0 1 337.1 112.959 15.2001 
0 8 5 1 341.363 214.949 15.2001 
0 6 5 1 352.838 215.466 15.2001 
0 2 2.5 1 380.166 145.575 15.2001 
0 4 2.5 1 361.245 156.291 15.2001 
0 4 5 1 366.28 213.731 15.2001 
0 2 5 1 379.64 212.854 15.2001 
0.5 0.5 -0.5 1 374.319 49.6728 15.2001 
0.5 0.5 6 1 385.516 242.502 15.2001 
10.5 0.5 -0.5 1 64.1741 70.5356 15.2001 
10.5 0.5 6 1 88.65 270.903 15.2001 
10.5 10.5 -0.5 1 129.921 128.604 15.2001 
10.5 10.5 6 1 143.771 247.816 15.2001 
0.5 10.5 -0.5 1 314.728 115.539 15.2001 
0.5 10.5 6 1 323.311 232.925 15.2001 
0.5 5.5 9.5 1 351.434 312.497 15.2001 
10.5 5.5 9.5 1 134.11 333.349 15.2001 
0.5 6.5 -0.5 1 330.594 95.6222 15.2001 
0.5 8.5 -0.5 1 322.837 106.364 15.2001 
0.5 8.5 4.5 1 329.81 204.992 15.2001 
0.5 6.5 4.5 1 338.962 204.383 15.2001 
0.5 2.5 2 1 359.142 135.705 15.2001 
0.5 4.5 2 1 346.416 145.001 15.2001 
0.5 4.5 4.5 1 346.39 204.536 15.2001 
0.5 2.5 4.5 1 364.743 202.715 15.2001 
