0 0 0 1 143.095 241.579 5.36666 
0 0 6.5 1 128.355 369.47 5.36666 
10 0 0 1 321.644 258.679 5.36666 
10 0 6.5 1 318.055 374.806 5.36666 
10 10 0 1 400.304 217.815 5.36666 
10 10 6.5 1 398.662 411.559 5.36666 
0 10 0 1 107.016 189.878 5.36666 
0 10 6.5 1 83.5995 399.148 5.36666 
0 5 10 1 101.77 466.68 5.36666 
10 5 10 1 344.576 476.632 5.36666 
0 6 0 1 127.447 221.33 5.36666 
0 8 0 1 119.813 206.891 5.36666 
0 8 5 1 100.448 343.778 5.36666 
0 6 5 1 111.122 340.783 5.36666 
0 2 2.5 1 132.586 286.611 5.36666 
0 4 2.5 1 129.542 282.01 5.36666 
0 4 5 1 121.21 342.691 5.36666 
0 2 5 1 125.66 341.673 5.36666 
0.5 0.5 -0.5 1 153.645 234.831 5.36666 
0.5 0.5 6 1 138.867 360.538 5.36666 
10.5 0.5 -0.5 1 335.314 246.878 5.36666 
10.5 0.5 6 1 331.897 370.272 5.36666 
10.5 10.5 -0.5 1 423.698 199.664 5.36666 
10.5 10.5 6 1 417.449 397.08 5.36666 
0.5 10.5 -0.5 1 120.893 175.209 5.36666 
0.5 10.5 6 1 96.318 383.598 5.36666 
0.5 5.5 9.5 1 114.65 462.71 5.36666 
10.5 5.5 9.5 1 361.37 465.364 5.36666 
0.5 6.5 -0.5 1 137.104 205.769 5.36666 
0.5 8.5 -0.5 1 130.51 188.543 5.36666 
0.5 8.5 4.5 1 114.812 331.448 5.36666 
0.5 6.5 4.5 1 124.971 332.901 5.36666 
0.5 2.5 2 1 144.696 276.966 5.36666 
0.5 4.5 2 1 139.914 270.992 5.36666 
0.5 4.5 4.5 1 132.814 330.495 5.36666 
0.5 2.5 4.5 1 137.621 331.438 5.36666 
