0 0 0 1 443.444 -14.405 13.9001 
0 0 6.5 1 416.836 232.138 13.9001 
10 0 0 1 114.715 12.3336 13.9001 
10 0 6.5 1 121.444 213.281 13.9001 
10 10 0 1 234.703 74.1564 13.9001 
10 10 6.5 1 235.507 195.724 13.9001 
0 10 0 1 436.43 62.9013 13.9001 
0 10 6.5 1 422.923 204.941 13.9001 
0 5 10 1 413.423 301.035 13.9001 
10 5 10 1 190.766 277.738 13.9001 
0 6 0 1 437.839 42.6482 13.9001 
0 8 0 1 435.61 56.0381 13.9001 
0 8 5 1 425.182 174.465 13.9001 
0 6 5 1 423.693 178.589 13.9001 
0 2 2.5 1 431.807 95.8126 13.9001 
0 4 2.5 1 428.818 103.862 13.9001 
0 4 5 1 423.303 174.64 13.9001 
0 2 5 1 425.36 173.508 13.9001 
0.5 0.5 -0.5 1 420.342 -26.9082 13.9001 
0.5 0.5 6 1 402.529 210.578 13.9001 
10.5 0.5 -0.5 1 111.515 5.75714 13.9001 
10.5 0.5 6 1 118.103 197.528 13.9001 
10.5 10.5 -0.5 1 230.49 67.6317 13.9001 
10.5 10.5 6 1 227.729 186.38 13.9001 
0.5 10.5 -0.5 1 423.299 56.4659 13.9001 
0.5 10.5 6 1 410.589 194.487 13.9001 
0.5 5.5 9.5 1 400.067 285.325 13.9001 
10.5 5.5 9.5 1 185.666 261.698 13.9001 
0.5 6.5 -0.5 1 422.814 33.1418 13.9001 
0.5 8.5 -0.5 1 420.771 46.3216 13.9001 
0.5 8.5 4.5 1 411.889 165.419 13.9001 
0.5 6.5 4.5 1 410.518 162.918 13.9001 
0.5 2.5 2 1 416.189 83.1158 13.9001 
0.5 4.5 2 1 417.428 95.3311 13.9001 
0.5 4.5 4.5 1 410.442 160.217 13.9001 
0.5 2.5 4.5 1 407.135 158.941 13.9001 
