0 0 0 1 149.385 92.5121 10.8334 
0 0 6.5 1 142.474 398.413 10.8334 
10 0 0 1 144.26 216.866 10.8334 
10 0 6.5 1 135.558 374.416 10.8334 
10 10 0 1 355.548 229.284 10.8334 
10 10 6.5 1 363.236 365.61 10.8334 
0 10 0 1 520.263 139.156 10.8334 
0 10 6.5 1 553.259 379.539 10.8334 
0 5 10 1 384.437 565.917 10.8334 
10 5 10 1 258.206 458.57 10.8334 
0 6 0 1 393.532 123.72 10.8334 
0 8 0 1 460.556 131.979 10.8334 
0 8 5 1 480.402 318.292 10.8334 
0 6 5 1 408.737 318.733 10.8334 
0 2 2.5 1 239.84 205.941 10.8334 
0 4 2.5 1 325.269 211.299 10.8334 
0 4 5 1 328.231 322.66 10.8334 
0 2 5 1 240.288 320.275 10.8334 
0.5 0.5 -0.5 1 170.824 87.0553 10.8334 
0.5 0.5 6 1 163.575 371.603 10.8334 
10.5 0.5 -0.5 1 154.99 208.905 10.8334 
10.5 0.5 6 1 150.154 361.785 10.8334 
10.5 10.5 -0.5 1 359.19 220.959 10.8334 
10.5 10.5 6 1 367.083 356.846 10.8334 
0.5 10.5 -0.5 1 519.704 131.313 10.8334 
0.5 10.5 6 1 551.055 361.97 10.8334 
0.5 5.5 9.5 1 394.932 528.255 10.8334 
10.5 5.5 9.5 1 266.801 440.179 10.8334 
0.5 6.5 -0.5 1 397.013 113.229 10.8334 
0.5 8.5 -0.5 1 461.075 123.991 10.8334 
0.5 8.5 4.5 1 482.849 302.429 10.8334 
0.5 6.5 4.5 1 412.269 300.164 10.8334 
0.5 2.5 2 1 254.326 192.279 10.8334 
0.5 4.5 2 1 336.478 201.325 10.8334 
0.5 4.5 4.5 1 338.817 300.197 10.8334 
0.5 2.5 4.5 1 257.834 299.413 10.8334 
