0 0 0 1 277.489 102.75 2.7 
0 0 6.5 1 290.055 225.272 2.7 
10 0 0 1 487.27 39.5875 2.7 
10 0 6.5 1 495.293 210.878 2.7 
10 10 0 1 361.158 -57.2811 2.7 
10 10 6.5 1 381.315 234.472 2.7 
0 10 0 1 113.857 68.4353 2.7 
0 10 6.5 1 132.65 243.878 2.7 
0 5 10 1 232.614 307.251 2.7 
10 5 10 1 456.254 327.62 2.7 
0 6 0 1 196.167 84.8964 2.7 
0 8 0 1 159.35 76.6404 2.7 
0 8 5 1 171.919 203.219 2.7 
0 6 5 1 207.257 201.235 2.7 
0 2 2.5 1 260.909 150.619 2.7 
0 4 2.5 1 233.282 142.738 2.7 
0 4 5 1 237.482 202.252 2.7 
0 2 5 1 262.544 199.891 2.7 
0.5 0.5 -0.5 1 283.834 85.4485 2.7 
0.5 0.5 6 1 291.072 213.985 2.7 
10.5 0.5 -0.5 1 493.498 21.3669 2.7 
10.5 0.5 6 1 504.937 196.433 2.7 
10.5 10.5 -0.5 1 370.687 -103.772 2.7 
10.5 10.5 6 1 389.862 210.947 2.7 
0.5 10.5 -0.5 1 104.049 45.2099 2.7 
0.5 10.5 6 1 130.317 231.926 2.7 
0.5 5.5 9.5 1 235.628 298.238 2.7 
10.5 5.5 9.5 1 466.735 316.777 2.7 
0.5 6.5 -0.5 1 194.106 66.8158 2.7 
0.5 8.5 -0.5 1 155.056 56.2138 2.7 
0.5 8.5 4.5 1 166.976 186.875 2.7 
0.5 6.5 4.5 1 205.36 186.969 2.7 
0.5 2.5 2 1 259.348 136.082 2.7 
0.5 4.5 2 1 234.703 132.668 2.7 
0.5 4.5 4.5 1 239.499 189.074 2.7 
0.5 2.5 4.5 1 263.406 184.906 2.7 
