0 0 0 1 395.745 37.8315 15.1001 
0 0 6.5 1 404.139 243.625 15.1001 
10 0 0 1 79.4062 63.9095 15.1001 
10 0 6.5 1 104.324 267.128 15.1001 
10 10 0 1 143.459 122.854 15.1001 
10 10 6.5 1 157.946 242.286 15.1001 
0 10 0 1 333.44 106.78 15.1001 
0 10 6.5 1 338.854 229.092 15.1001 
0 5 10 1 369.452 311.761 15.1001 
10 5 10 1 143.07 331.664 15.1001 
0 6 0 1 349.693 87.7511 15.1001 
0 8 0 1 341.358 99.6413 15.1001 
0 8 5 1 344.466 199.887 15.1001 
0 6 5 1 356.949 199.142 15.1001 
0 2 2.5 1 378.872 132.345 15.1001 
0 4 2.5 1 364.108 140.155 15.1001 
0 4 5 1 371.021 198.583 15.1001 
0 2 5 1 382.655 198.744 15.1001 
0.5 0.5 -0.5 1 376.356 33.0645 15.1001 
0.5 0.5 6 1 386.236 232.304 15.1001 
10.5 0.5 -0.5 1 66.3434 50.7084 15.1001 
10.5 0.5 6 1 90.1924 255.252 15.1001 
10.5 10.5 -0.5 1 133.591 113.168 15.1001 
10.5 10.5 6 1 147.343 233.893 15.1001 
0.5 10.5 -0.5 1 321.93 99.0064 15.1001 
0.5 10.5 6 1 324.815 221.18 15.1001 
0.5 5.5 9.5 1 353.821 299.659 15.1001 
10.5 5.5 9.5 1 135.317 316.523 15.1001 
0.5 6.5 -0.5 1 335.466 79.6204 15.1001 
0.5 8.5 -0.5 1 326.314 91.5917 15.1001 
0.5 8.5 4.5 1 330.712 192.596 15.1001 
0.5 6.5 4.5 1 343.645 188.579 15.1001 
0.5 2.5 2 1 361.925 119.255 15.1001 
0.5 4.5 2 1 351.295 133.256 15.1001 
0.5 4.5 4.5 1 351.788 188.596 15.1001 
0.5 2.5 4.5 1 367.041 185.941 15.1001 
