0 0 0 1 -48.3537 -1.75669 8.03333 
0 0 6.5 1 -22.495 210.078 8.03333 
10 0 0 1 180.254 57.2921 8.03333 
10 0 6.5 1 183.608 193.828 8.03333 
10 10 0 1 380.475 14.6615 8.03333 
10 10 6.5 1 375.466 196.995 8.03333 
0 10 0 1 186.96 -116.541 8.03333 
0 10 6.5 1 200.97 231.929 8.03333 
0 5 10 1 78.1079 338.374 8.03333 
10 5 10 1 266.417 269.567 8.03333 
0 6 0 1 61.395 -56.5345 8.03333 
0 8 0 1 117.755 -80.5534 8.03333 
0 8 5 1 133.103 162.133 8.03333 
0 6 5 1 84.6789 157.728 8.03333 
0 2 2.5 1 -6.84 78.7 8.03333 
0 4 2.5 1 31.0171 69.4921 8.03333 
0 4 5 1 39.6975 163.977 8.03333 
0 2 5 1 0.185221 165.708 8.03333 
0.5 0.5 -0.5 1 -26.1534 -14.5393 8.03333 
0.5 0.5 6 1 -0.682588 193.055 8.03333 
10.5 0.5 -0.5 1 190.474 45.0242 8.03333 
10.5 0.5 6 1 198.649 180.435 8.03333 
10.5 10.5 -0.5 1 400.12 3.77662 8.03333 
10.5 10.5 6 1 391.649 187.315 8.03333 
0.5 10.5 -0.5 1 222.999 -145.501 8.03333 
0.5 10.5 6 1 236.265 204.563 8.03333 
0.5 5.5 9.5 1 102.071 319.954 8.03333 
10.5 5.5 9.5 1 281.975 261.205 8.03333 
0.5 6.5 -0.5 1 92.2112 -76.4016 8.03333 
0.5 8.5 -0.5 1 153.486 -108.016 8.03333 
0.5 8.5 4.5 1 165.017 136.419 8.03333 
0.5 6.5 4.5 1 107.607 139.698 8.03333 
0.5 2.5 2 1 18.0963 61.6196 8.03333 
0.5 4.5 2 1 55.6431 49.0551 8.03333 
0.5 4.5 4.5 1 66.2653 145.855 8.03333 
0.5 2.5 4.5 1 27.5933 146.409 8.03333 
