0 0 0 1 375.142 235.469 17.7334 
0 0 6.5 1 374.183 404.672 17.7334 
10 0 0 1 178.242 148.624 17.7334 
10 0 6.5 1 153.58 443.209 17.7334 
10 10 0 1 3.45997 211.587 17.7334 
10 10 6.5 1 -22.0964 390.164 17.7334 
0 10 0 1 202.168 255.594 17.7334 
0 10 6.5 1 192.809 378.697 17.7334 
0 5 10 1 265.074 473.351 17.7334 
10 5 10 1 25.4953 550.906 17.7334 
0 6 0 1 257.163 246.069 17.7334 
0 8 0 1 227.588 251.784 17.7334 
0 8 5 1 220.562 350.981 17.7334 
0 6 5 1 252.625 352.641 17.7334 
0 2 2.5 1 329.096 297.897 17.7334 
0 4 2.5 1 290.606 297.169 17.7334 
0 4 5 1 287.603 358.868 17.7334 
0 2 5 1 326.743 361.482 17.7334 
0.5 0.5 -0.5 1 355.914 217.276 17.7334 
0.5 0.5 6 1 355.714 390.266 17.7334 
10.5 0.5 -0.5 1 149.142 126.639 17.7334 
10.5 0.5 6 1 120.268 415.162 17.7334 
10.5 10.5 -0.5 1 -14.8124 195.099 17.7334 
10.5 10.5 6 1 -42.2857 373.913 17.7334 
0.5 10.5 -0.5 1 186.185 244.322 17.7334 
0.5 10.5 6 1 179.148 371.063 17.7334 
0.5 5.5 9.5 1 249.173 461.058 17.7334 
10.5 5.5 9.5 1 1.39261 525.646 17.7334 
0.5 6.5 -0.5 1 241.943 235.565 17.7334 
0.5 8.5 -0.5 1 214.41 241.019 17.7334 
0.5 8.5 4.5 1 205.301 340.568 17.7334 
0.5 6.5 4.5 1 237.421 342.884 17.7334 
0.5 2.5 2 1 314.322 284.858 17.7334 
0.5 4.5 2 1 273.803 287.471 17.7334 
0.5 4.5 4.5 1 273.205 344.471 17.7334 
0.5 2.5 4.5 1 311.086 346.871 17.7334 
