0 0 0 1 440.14 19.3636 13.6001 
0 0 6.5 1 412.667 271.895 13.6001 
10 0 0 1 129.514 47.417 13.6001 
10 0 6.5 1 128.893 237.371 13.6001 
10 10 0 1 252.505 98.3533 13.6001 
10 10 6.5 1 249.306 219.053 13.6001 
0 10 0 1 456.819 94.6206 13.6001 
0 10 6.5 1 437.258 235.622 13.6001 
0 5 10 1 417.608 339.233 13.6001 
10 5 10 1 198.63 296.468 13.6001 
0 6 0 1 453.523 73.6996 13.6001 
0 8 0 1 455.584 82.0858 13.6001 
0 8 5 1 440.7 204.73 13.6001 
0 6 5 1 435.959 210.411 13.6001 
0 2 2.5 1 436.66 131.252 13.6001 
0 4 2.5 1 436.435 139.886 13.6001 
0 4 5 1 432.625 212.587 13.6001 
0 2 5 1 426.64 213.154 13.6001 
0.5 0.5 -0.5 1 423.045 9.96915 13.6001 
0.5 0.5 6 1 398.482 251.46 13.6001 
10.5 0.5 -0.5 1 127.681 38.2833 13.6001 
10.5 0.5 6 1 129.918 219.883 13.6001 
10.5 10.5 -0.5 1 251.264 91.287 13.6001 
10.5 10.5 6 1 246.051 206.374 13.6001 
0.5 10.5 -0.5 1 446.688 82.3891 13.6001 
0.5 10.5 6 1 431.842 222.913 13.6001 
0.5 5.5 9.5 1 410.237 319.223 13.6001 
10.5 5.5 9.5 1 196.883 285.125 13.6001 
0.5 6.5 -0.5 1 437.544 62.5817 13.6001 
0.5 8.5 -0.5 1 442.85 73.8023 13.6001 
0.5 8.5 4.5 1 426.653 192.829 13.6001 
0.5 6.5 4.5 1 426.794 195.632 13.6001 
0.5 2.5 2 1 423.128 115.932 13.6001 
0.5 4.5 2 1 428.321 126.266 13.6001 
0.5 4.5 4.5 1 418.856 196.738 13.6001 
0.5 2.5 4.5 1 411.092 197.446 13.6001 
