0 0 0 1 223.112 238.466 4 
0 0 6.5 1 231.087 351.318 4 
10 0 0 1 406.139 213.55 4 
10 0 6.5 1 421.11 343.673 4 
10 10 0 1 405.792 144.095 4 
10 10 6.5 1 429.577 368.229 4 
0 10 0 1 119.486 195.71 4 
0 10 6.5 1 124.127 378.744 4 
0 5 10 1 192.537 445.273 4 
10 5 10 1 436.466 446.67 4 
0 6 0 1 174.608 215.707 4 
0 8 0 1 148.069 208.39 4 
0 8 5 1 152.326 329.095 4 
0 6 5 1 178.702 330.362 4 
0 2 2.5 1 212.987 278.652 4 
0 4 2.5 1 194.103 277.197 4 
0 4 5 1 198.009 328.789 4 
0 2 5 1 216.323 327.089 4 
0.5 0.5 -0.5 1 228.354 226.477 4 
0.5 0.5 6 1 234.962 344.795 4 
10.5 0.5 -0.5 1 416.093 199.394 4 
10.5 0.5 6 1 434.644 332.23 4 
10.5 10.5 -0.5 1 421.911 120.791 4 
10.5 10.5 6 1 449.401 347.724 4 
0.5 10.5 -0.5 1 124.439 174.969 4 
0.5 10.5 6 1 128.015 362.663 4 
0.5 5.5 9.5 1 198.764 432.791 4 
10.5 5.5 9.5 1 450.034 437.165 4 
0.5 6.5 -0.5 1 178.116 201.4 4 
0.5 8.5 -0.5 1 152.502 188.423 4 
0.5 8.5 4.5 1 157.568 316.719 4 
0.5 6.5 4.5 1 182.364 318.454 4 
0.5 2.5 2 1 218.093 269.074 4 
0.5 4.5 2 1 199.493 264.171 4 
0.5 4.5 4.5 1 201.911 316.211 4 
0.5 2.5 4.5 1 219.969 316.463 4 
