0 0 0 1 -72.9238 18.6599 8.83334 
0 0 6.5 1 -34.8428 263.368 8.83334 
10 0 0 1 144.142 93.2737 8.83334 
10 0 6.5 1 160.379 230.599 8.83334 
10 10 0 1 363.693 51.2426 8.83334 
10 10 6.5 1 372.058 215.845 8.83334 
0 10 0 1 292.589 -98.6231 8.83334 
0 10 6.5 1 315.684 249.462 8.83334 
0 5 10 1 127.303 394.051 8.83334 
10 5 10 1 262.152 301.254 8.83334 
0 6 0 1 117.308 -41.7758 8.83334 
0 8 0 1 198.006 -68.8526 8.83334 
0 8 5 1 220.459 180.146 8.83334 
0 6 5 1 142.383 188.687 8.83334 
0 2 2.5 1 -2.64472 107.292 8.83334 
0 4 2.5 1 57.7857 91.2646 8.83334 
0 4 5 1 71.5018 195.412 8.83334 
0 2 5 1 11.1587 205.245 8.83334 
0.5 0.5 -0.5 1 -43.9708 0.0617903 8.83334 
0.5 0.5 6 1 -7.27645 241.545 8.83334 
10.5 0.5 -0.5 1 157.633 81.8892 8.83334 
10.5 0.5 6 1 174.248 220.083 8.83334 
10.5 10.5 -0.5 1 374.026 37.169 8.83334 
10.5 10.5 6 1 385.183 203.25 8.83334 
0.5 10.5 -0.5 1 323.339 -121.885 8.83334 
0.5 10.5 6 1 342.536 218.455 8.83334 
0.5 5.5 9.5 1 154.394 368.333 8.83334 
10.5 5.5 9.5 1 276.612 290.3 8.83334 
0.5 6.5 -0.5 1 143.608 -60.3119 8.83334 
0.5 8.5 -0.5 1 230.182 -89.0556 8.83334 
0.5 8.5 4.5 1 248.783 158.798 8.83334 
0.5 6.5 4.5 1 166.253 164.822 8.83334 
0.5 2.5 2 1 25.4005 86.028 8.83334 
0.5 4.5 2 1 88.1315 71.7641 8.83334 
0.5 4.5 4.5 1 99.1906 176.472 8.83334 
0.5 2.5 4.5 1 38.3542 180.639 8.83334 
