0 0 0 1 16.0397 112.189 9.93335 
0 0 6.5 1 26.498 400.71 9.93335 
10 0 0 1 136.814 203.2 9.93335 
10 0 6.5 1 147.977 350.499 9.93335 
10 10 0 1 362.907 179.684 9.93335 
10 10 6.5 1 380.47 329.386 9.93335 
0 10 0 1 453.993 68.8591 9.93335 
0 10 6.5 1 492.458 358.204 9.93335 
0 5 10 1 272.045 548.442 9.93335 
10 5 10 1 269.6 418.64 9.93335 
0 6 0 1 276.092 85.5553 9.93335 
0 8 0 1 363.91 73.9727 9.93335 
0 8 5 1 389.11 296.222 9.93335 
0 6 5 1 298.895 305.299 9.93335 
0 2 2.5 1 108.157 208.116 9.93335 
0 4 2.5 1 197.665 200.01 9.93335 
0 4 5 1 203.271 312.764 9.93335 
0 2 5 1 116.126 317.748 9.93335 
0.5 0.5 -0.5 1 47.3666 94.6637 9.93335 
0.5 0.5 6 1 57.526 369.968 9.93335 
10.5 0.5 -0.5 1 151.305 190.109 9.93335 
10.5 0.5 6 1 160.81 333.59 9.93335 
10.5 10.5 -0.5 1 371.384 170.643 9.93335 
10.5 10.5 6 1 389.117 316.357 9.93335 
0.5 10.5 -0.5 1 464.542 52.5937 9.93335 
0.5 10.5 6 1 502.421 333.576 9.93335 
0.5 5.5 9.5 1 293.016 514.437 9.93335 
10.5 5.5 9.5 1 282.753 405.455 9.93335 
0.5 6.5 -0.5 1 295.05 73.0744 9.93335 
0.5 8.5 -0.5 1 381.597 63.2884 9.93335 
0.5 8.5 4.5 1 408.208 273.118 9.93335 
0.5 6.5 4.5 1 317.12 280.961 9.93335 
0.5 2.5 2 1 135.656 192.253 9.93335 
0.5 4.5 2 1 220.503 182.898 9.93335 
0.5 4.5 4.5 1 228.831 286.676 9.93335 
0.5 2.5 4.5 1 142.094 296.02 9.93335 
