0 0 0 1 -30.1066 24.2599 7.79999 
0 0 6.5 1 -9.16711 219.858 7.79999 
10 0 0 1 195.328 70.8215 7.79999 
10 0 6.5 1 197.523 202.673 7.79999 
10 10 0 1 384.41 36.9966 7.79999 
10 10 6.5 1 372.393 218.358 7.79999 
0 10 0 1 168.571 -70.3686 7.79999 
0 10 6.5 1 177.383 257.796 7.79999 
0 5 10 1 69.7088 346.074 7.79999 
10 5 10 1 271.704 281.974 7.79999 
0 6 0 1 61.7067 -20.397 7.79999 
0 8 0 1 108.264 -42.7027 7.79999 
0 8 5 1 120.174 187.972 7.79999 
0 6 5 1 76.1003 181.458 7.79999 
0 2 2.5 1 3.84443 98.9826 7.79999 
0 4 2.5 1 30.6823 93.5018 7.79999 
0 4 5 1 42.9517 181.645 7.79999 
0 2 5 1 12.9905 180.672 7.79999 
0.5 0.5 -0.5 1 -7.95599 11.3177 7.79999 
0.5 0.5 6 1 10.6959 203.975 7.79999 
10.5 0.5 -0.5 1 205.308 59.4207 7.79999 
10.5 0.5 6 1 211.87 192.477 7.79999 
10.5 10.5 -0.5 1 407.372 21.4699 7.79999 
10.5 10.5 6 1 392.131 204.995 7.79999 
0.5 10.5 -0.5 1 203.254 -96.4337 7.79999 
0.5 10.5 6 1 206.492 236.707 7.79999 
0.5 5.5 9.5 1 93.08 330.175 7.79999 
10.5 5.5 9.5 1 285.13 272.43 7.79999 
0.5 6.5 -0.5 1 90.3879 -40.214 7.79999 
0.5 8.5 -0.5 1 139.672 -67.5873 7.79999 
0.5 8.5 4.5 1 147.294 164.819 7.79999 
0.5 6.5 4.5 1 102.106 161.689 7.79999 
0.5 2.5 2 1 26.0069 81.4251 7.79999 
0.5 4.5 2 1 59.1267 75.2072 7.79999 
0.5 4.5 4.5 1 64.7101 166.545 7.79999 
0.5 2.5 4.5 1 30.9862 163.023 7.79999 
