0 0 0 1 414.082 5.43947 12.7667 
0 0 6.5 1 380.691 283.521 12.7667 
10 0 0 1 152.639 73.3535 12.7667 
10 0 6.5 1 136.921 245.5 12.7667 
10 10 0 1 305.061 134.562 12.7667 
10 10 6.5 1 288.951 253.154 12.7667 
0 10 0 1 512.644 116.943 12.7667 
0 10 6.5 1 491.688 281.308 12.7667 
0 5 10 1 438.945 388.245 12.7667 
10 5 10 1 221.386 328.011 12.7667 
0 6 0 1 482.453 86.7782 12.7667 
0 8 0 1 497.884 102.835 12.7667 
0 8 5 1 478.971 239.343 12.7667 
0 6 5 1 465.876 236.231 12.7667 
0 2 2.5 1 429.586 133.781 12.7667 
0 4 2.5 1 454.853 151.296 12.7667 
0 4 5 1 446.354 231.485 12.7667 
0 2 5 1 418.771 228.951 12.7667 
0.5 0.5 -0.5 1 404.1 -1.81411 12.7667 
0.5 0.5 6 1 371.854 260.817 12.7667 
10.5 0.5 -0.5 1 155.519 65.0159 12.7667 
10.5 0.5 6 1 142.131 233.985 12.7667 
10.5 10.5 -0.5 1 299.325 125.525 12.7667 
10.5 10.5 6 1 288.762 244.12 12.7667 
0.5 10.5 -0.5 1 501.614 108.876 12.7667 
0.5 10.5 6 1 480.552 267.279 12.7667 
0.5 5.5 9.5 1 430.238 362.03 12.7667 
10.5 5.5 9.5 1 220.357 309.646 12.7667 
0.5 6.5 -0.5 1 471.064 79.041 12.7667 
0.5 8.5 -0.5 1 487.456 94.8372 12.7667 
0.5 8.5 4.5 1 473.407 227.74 12.7667 
0.5 6.5 4.5 1 455.618 222.423 12.7667 
0.5 2.5 2 1 421.501 121.602 12.7667 
0.5 4.5 2 1 446.241 137.872 12.7667 
0.5 4.5 4.5 1 435.361 217.284 12.7667 
0.5 2.5 4.5 1 412.868 209.36 12.7667 
