0 0 0 1 371.992 237.701 17.3334 
0 0 6.5 1 384.515 415.806 17.3334 
10 0 0 1 140.708 176.864 17.3334 
10 0 6.5 1 127.252 456.643 17.3334 
10 10 0 1 21.2011 239.949 17.3334 
10 10 6.5 1 1.02906 412.275 17.3334 
0 10 0 1 216.341 270.077 17.3334 
0 10 6.5 1 214.217 395.599 17.3334 
0 5 10 1 283.398 486.869 17.3334 
10 5 10 1 37.4223 555.686 17.3334 
0 6 0 1 265.031 258.385 17.3334 
0 8 0 1 238.964 263.986 17.3334 
0 8 5 1 239.586 365.694 17.3334 
0 6 5 1 267.782 364.677 17.3334 
0 2 2.5 1 336.071 308.42 17.3334 
0 4 2.5 1 299.464 309.149 17.3334 
0 4 5 1 297.867 368.475 17.3334 
0 2 5 1 332.151 370.397 17.3334 
0.5 0.5 -0.5 1 352.667 227.542 17.3334 
0.5 0.5 6 1 361.968 399.451 17.3334 
10.5 0.5 -0.5 1 113.927 158.542 17.3334 
10.5 0.5 6 1 94.9734 433.148 17.3334 
10.5 10.5 -0.5 1 4.70992 230.173 17.3334 
10.5 10.5 6 1 -12.6923 397.273 17.3334 
0.5 10.5 -0.5 1 201.672 261.759 17.3334 
0.5 10.5 6 1 201.04 382.975 17.3334 
0.5 5.5 9.5 1 266.07 475.312 17.3334 
10.5 5.5 9.5 1 15.2187 537.039 17.3334 
0.5 6.5 -0.5 1 252.556 252.633 17.3334 
0.5 8.5 -0.5 1 225.552 257.063 17.3334 
0.5 8.5 4.5 1 223.031 356.263 17.3334 
0.5 6.5 4.5 1 252.206 357.626 17.3334 
0.5 2.5 2 1 315.561 293.994 17.3334 
0.5 4.5 2 1 279.318 298.774 17.3334 
0.5 4.5 4.5 1 281.535 358.611 17.3334 
0.5 2.5 4.5 1 318.824 357.307 17.3334 
