0 0 0 1 79.6666 82.6145 6.5 
0 0 6.5 1 68.649 225.953 6.5 
10 0 0 1 272.236 128.887 6.5 
10 0 6.5 1 260.705 245.119 6.5 
10 10 0 1 402.346 81.0471 6.5 
10 10 6.5 1 387.004 258.327 6.5 
0 10 0 1 123.037 -9.19233 6.5 
0 10 6.5 1 99.9078 238.583 6.5 
0 5 10 1 72.8519 327.491 6.5 
10 5 10 1 302.917 324.303 6.5 
0 6 0 1 98.7785 43.6277 6.5 
0 8 0 1 106.082 18.7495 6.5 
0 8 5 1 92.7905 187.941 6.5 
0 6 5 1 85.2687 187.101 6.5 
0 2 2.5 1 80.4386 130.881 6.5 
0 4 2.5 1 87.7051 123.515 6.5 
0 4 5 1 81.266 190.762 6.5 
0 2 5 1 73.9873 193.721 6.5 
0.5 0.5 -0.5 1 93.8984 73.2761 6.5 
0.5 0.5 6 1 82.547 216.81 6.5 
10.5 0.5 -0.5 1 283.985 117.164 6.5 
10.5 0.5 6 1 271.598 237.348 6.5 
10.5 10.5 -0.5 1 427.308 66.4001 6.5 
10.5 10.5 6 1 403.969 248.68 6.5 
0.5 10.5 -0.5 1 142.623 -28.0074 6.5 
0.5 10.5 6 1 124.931 221.047 6.5 
0.5 5.5 9.5 1 89.2622 315.696 6.5 
10.5 5.5 9.5 1 316.976 315.436 6.5 
0.5 6.5 -0.5 1 117.448 26.4049 6.5 
0.5 8.5 -0.5 1 128.994 -0.0469482 6.5 
0.5 8.5 4.5 1 115.36 169.615 6.5 
0.5 6.5 4.5 1 106.937 175.493 6.5 
0.5 2.5 2 1 93.0614 120.159 6.5 
0.5 4.5 2 1 100.901 110.154 6.5 
0.5 4.5 4.5 1 96.7155 180.728 6.5 
0.5 2.5 4.5 1 87.4462 183.6 6.5 
