0 0 0 1 380.752 151.627 0 
0 0 6.5 1 365.787 300.68 0 
10 0 0 1 504.697 47.3511 0 
10 0 6.5 1 476.014 347.14 0 
10 10 0 1 54.2236 4.02363 0 
10 10 6.5 1 24.0378 300.439 0 
0 10 0 1 154.986 127.944 0 
0 10 6.5 1 139.363 278.935 0 
0 5 10 1 244.015 366.018 0 
10 5 10 1 232.424 480.15 0 
0 6 0 1 246.572 137.568 0 
0 8 0 1 197.701 133.816 0 
0 8 5 1 187.851 247.587 0 
0 6 5 1 233.396 252.196 0 
0 2 2.5 1 331.978 207.352 0 
0 4 2.5 1 285.127 198.695 0 
0 4 5 1 281.204 256.572 0 
0 2 5 1 325.108 262.659 0 
0.5 0.5 -0.5 1 372.954 135.159 0 
0.5 0.5 6 1 355.781 288.938 0 
10.5 0.5 -0.5 1 497.545 12.2159 0 
10.5 0.5 6 1 469.453 322.031 0 
10.5 10.5 -0.5 1 18.5995 -37.6138 0 
10.5 10.5 6 1 -12.4966 275.415 0 
0.5 10.5 -0.5 1 141.114 114.25 0 
0.5 10.5 6 1 125.223 265.003 0 
0.5 5.5 9.5 1 235.913 357.14 0 
10.5 5.5 9.5 1 212.391 468.001 0 
0.5 6.5 -0.5 1 233.58 121.56 0 
0.5 8.5 -0.5 1 187.502 114.191 0 
0.5 8.5 4.5 1 175.295 234.562 0 
0.5 6.5 4.5 1 222.521 241.303 0 
0.5 2.5 2 1 321.963 192.442 0 
0.5 4.5 2 1 276.673 184.299 0 
0.5 4.5 4.5 1 269.686 242.23 0 
0.5 2.5 4.5 1 313.968 247.255 0 
