0 0 0 1 438.077 10.68 13.7001 
0 0 6.5 1 415.779 260.536 13.7001 
10 0 0 1 125.158 41.2242 13.7001 
10 0 6.5 1 126.925 228.667 13.7001 
10 10 0 1 248.906 93.2491 13.7001 
10 10 6.5 1 244.423 211.711 13.7001 
0 10 0 1 448.389 82.9112 13.7001 
0 10 6.5 1 432.277 224.848 13.7001 
0 5 10 1 419.02 330.315 13.7001 
10 5 10 1 196.252 290.18 13.7001 
0 6 0 1 444.655 65.1302 13.7001 
0 8 0 1 448.7 72.9398 13.7001 
0 8 5 1 434.992 197.392 13.7001 
0 6 5 1 433.169 199.552 13.7001 
0 2 2.5 1 436.108 120.156 13.7001 
0 4 2.5 1 438.209 128.124 13.7001 
0 4 5 1 429.582 200.193 13.7001 
0 2 5 1 425.048 204.145 13.7001 
0.5 0.5 -0.5 1 425.132 -2.53722 13.7001 
0.5 0.5 6 1 400.389 239.197 13.7001 
10.5 0.5 -0.5 1 123.455 28.6928 13.7001 
10.5 0.5 6 1 123.862 212.111 13.7001 
10.5 10.5 -0.5 1 242.684 79.1593 13.7001 
10.5 10.5 6 1 239.927 202.35 13.7001 
0.5 10.5 -0.5 1 439.621 74.9383 13.7001 
0.5 10.5 6 1 425.914 214.082 13.7001 
0.5 5.5 9.5 1 405.639 309.835 13.7001 
10.5 5.5 9.5 1 191.535 276.775 13.7001 
0.5 6.5 -0.5 1 435.752 54.2258 13.7001 
0.5 8.5 -0.5 1 438.553 64.1868 13.7001 
0.5 8.5 4.5 1 425.161 183.957 13.7001 
0.5 6.5 4.5 1 422.289 184.939 13.7001 
0.5 2.5 2 1 417.177 105.993 13.7001 
0.5 4.5 2 1 422.957 115.743 13.7001 
0.5 4.5 4.5 1 415.993 185.264 13.7001 
0.5 2.5 4.5 1 411.709 185.225 13.7001 
