0 0 0 1 82.3379 72.1561 10.4 
0 0 6.5 1 79.2617 371.189 10.4 
10 0 0 1 139.048 199.39 10.4 
10 0 6.5 1 141.944 351.815 10.4 
10 10 0 1 360.608 197.225 10.4 
10 10 6.5 1 373.511 336.041 10.4 
0 10 0 1 491.453 79.5624 10.4 
0 10 6.5 1 530.827 339.007 10.4 
0 5 10 1 332.63 526.299 10.4 
10 5 10 1 265.45 427.269 10.4 
0 6 0 1 338.903 74.1571 10.4 
0 8 0 1 418.057 76.2417 10.4 
0 8 5 1 441.171 277.833 10.4 
0 6 5 1 361.18 284.119 10.4 
0 2 2.5 1 173.007 177.685 10.4 
0 4 2.5 1 262.971 175.725 10.4 
0 4 5 1 268.768 284.732 10.4 
0 2 5 1 180.992 289.774 10.4 
0.5 0.5 -0.5 1 108.87 64.9171 10.4 
0.5 0.5 6 1 110.736 342.396 10.4 
10.5 0.5 -0.5 1 152.168 195.38 10.4 
10.5 0.5 6 1 155.712 339.655 10.4 
10.5 10.5 -0.5 1 364.765 187.313 10.4 
10.5 10.5 6 1 379.913 327.017 10.4 
0.5 10.5 -0.5 1 495.119 72.351 10.4 
0.5 10.5 6 1 533.903 314.358 10.4 
0.5 5.5 9.5 1 348.446 494.056 10.4 
10.5 5.5 9.5 1 275.371 414.362 10.4 
0.5 6.5 -0.5 1 348.736 67.3645 10.4 
0.5 8.5 -0.5 1 423.947 70.1809 10.4 
0.5 8.5 4.5 1 449.035 257.038 10.4 
0.5 6.5 4.5 1 373.336 261.594 10.4 
0.5 2.5 2 1 197.366 164.684 10.4 
0.5 4.5 2 1 278.534 164.279 10.4 
0.5 4.5 4.5 1 285.858 265.7 10.4 
0.5 2.5 4.5 1 199.568 268.471 10.4 
