0 0 0 1 105.082 154.313 6.06666 
0 0 6.5 1 88.456 281.272 6.06666 
10 0 0 1 288.954 184.706 6.06666 
10 0 6.5 1 278.529 300.113 6.06666 
10 10 0 1 402.383 143.412 6.06666 
10 10 6.5 1 387.35 321.115 6.06666 
0 10 0 1 112.876 77.7045 6.06666 
0 10 6.5 1 87.9857 301.37 6.06666 
0 5 10 1 77.7069 381.901 6.06666 
10 5 10 1 312.925 383.301 6.06666 
0 6 0 1 109.042 119.661 6.06666 
0 8 0 1 111.876 100.485 6.06666 
0 8 5 1 95.2527 252.844 6.06666 
0 6 5 1 96.1683 252.992 6.06666 
0 2 2.5 1 100.035 198.056 6.06666 
0 4 2.5 1 99.2683 193.96 6.06666 
0 4 5 1 91.6881 253.538 6.06666 
0 2 5 1 92.4735 252.8 6.06666 
0.5 0.5 -0.5 1 119.157 142.701 6.06666 
0.5 0.5 6 1 102.175 274.782 6.06666 
10.5 0.5 -0.5 1 300.871 176.935 6.06666 
10.5 0.5 6 1 290.916 290.544 6.06666 
10.5 10.5 -0.5 1 423.694 129.176 6.06666 
10.5 10.5 6 1 407.279 312.197 6.06666 
0.5 10.5 -0.5 1 134.415 57.3685 6.06666 
0.5 10.5 6 1 108.679 287.735 6.06666 
0.5 5.5 9.5 1 94.0528 374.06 6.06666 
10.5 5.5 9.5 1 327.143 378.878 6.06666 
0.5 6.5 -0.5 1 125.036 104.239 6.06666 
0.5 8.5 -0.5 1 128.65 82.083 6.06666 
0.5 8.5 4.5 1 112.385 238.864 6.06666 
0.5 6.5 4.5 1 112.505 241.439 6.06666 
0.5 2.5 2 1 115.829 188.044 6.06666 
0.5 4.5 2 1 115.829 178.751 6.06666 
0.5 4.5 4.5 1 108.819 242.647 6.06666 
0.5 2.5 4.5 1 104.86 244.726 6.06666 
