0 0 0 1 137.116 83.4665 10.7334 
0 0 6.5 1 127.681 385.757 10.7334 
10 0 0 1 141.757 212.499 10.7334 
10 0 6.5 1 138.287 366.963 10.7334 
10 10 0 1 355.874 216.651 10.7334 
10 10 6.5 1 364.07 360.002 10.7334 
0 10 0 1 514.12 120.662 10.7334 
0 10 6.5 1 550.178 368.264 10.7334 
0 5 10 1 375.657 552.175 10.7334 
10 5 10 1 258.707 449.911 10.7334 
0 6 0 1 381.022 105.838 10.7334 
0 8 0 1 450.41 115.02 10.7334 
0 8 5 1 471.899 304.855 10.7334 
0 6 5 1 399.711 307.934 10.7334 
0 2 2.5 1 226.245 193.51 10.7334 
0 4 2.5 1 308.421 200.702 10.7334 
0 4 5 1 315.063 306.898 10.7334 
0 2 5 1 225.684 306.864 10.7334 
0.5 0.5 -0.5 1 155.899 78.9476 10.7334 
0.5 0.5 6 1 154.556 358.904 10.7334 
10.5 0.5 -0.5 1 151.311 202.647 10.7334 
10.5 0.5 6 1 151.216 353.359 10.7334 
10.5 10.5 -0.5 1 362.692 210.195 10.7334 
10.5 10.5 6 1 367.131 346.327 10.7334 
0.5 10.5 -0.5 1 514.592 115.303 10.7334 
0.5 10.5 6 1 549.883 347.324 10.7334 
0.5 5.5 9.5 1 385.051 513.727 10.7334 
10.5 5.5 9.5 1 267.654 433.081 10.7334 
0.5 6.5 -0.5 1 387.148 99.0075 10.7334 
0.5 8.5 -0.5 1 453.476 108.788 10.7334 
0.5 8.5 4.5 1 473.026 286.551 10.7334 
0.5 6.5 4.5 1 406.856 286.872 10.7334 
0.5 2.5 2 1 243.226 182.287 10.7334 
0.5 4.5 2 1 322.344 186.877 10.7334 
0.5 4.5 4.5 1 328.57 285.939 10.7334 
0.5 2.5 4.5 1 244.757 285.877 10.7334 
