0 0 0 1 143.581 89.2711 10.8 
0 0 6.5 1 135.681 392.681 10.8 
10 0 0 1 140.396 215.239 10.8 
10 0 6.5 1 134.925 370.694 10.8 
10 10 0 1 354.251 226.043 10.8 
10 10 6.5 1 363.475 362.335 10.8 
0 10 0 1 519.7 132.164 10.8 
0 10 6.5 1 553.556 378.107 10.8 
0 5 10 1 380.842 561.46 10.8 
10 5 10 1 260.236 455.272 10.8 
0 6 0 1 389.031 116.466 10.8 
0 8 0 1 456.515 127.048 10.8 
0 8 5 1 478.168 318.482 10.8 
0 6 5 1 404.777 315.417 10.8 
0 2 2.5 1 238.252 200.597 10.8 
0 4 2.5 1 319.301 208.604 10.8 
0 4 5 1 327.105 315.974 10.8 
0 2 5 1 234.866 314.636 10.8 
0.5 0.5 -0.5 1 168.827 84.6956 10.8 
0.5 0.5 6 1 163.763 366.883 10.8 
10.5 0.5 -0.5 1 150.815 203.78 10.8 
10.5 0.5 6 1 148.506 360.572 10.8 
10.5 10.5 -0.5 1 358.78 220.38 10.8 
10.5 10.5 6 1 369.263 351.351 10.8 
0.5 10.5 -0.5 1 516.36 126.469 10.8 
0.5 10.5 6 1 548.938 354.862 10.8 
0.5 5.5 9.5 1 389.495 523.298 10.8 
10.5 5.5 9.5 1 267.179 436.733 10.8 
0.5 6.5 -0.5 1 395.375 109.662 10.8 
0.5 8.5 -0.5 1 457.97 118.372 10.8 
0.5 8.5 4.5 1 477.313 298.118 10.8 
0.5 6.5 4.5 1 409.237 295.948 10.8 
0.5 2.5 2 1 252.433 190.953 10.8 
0.5 4.5 2 1 328.733 194.281 10.8 
0.5 4.5 4.5 1 336.389 295.157 10.8 
0.5 2.5 4.5 1 251.267 295.261 10.8 
