0 0 0 1 396.005 45.9065 15.1334 
0 0 6.5 1 406.351 249.113 15.1334 
10 0 0 1 77.7583 70.8007 15.1334 
10 0 6.5 1 105.94 276.967 15.1334 
10 10 0 1 145.312 127.375 15.1334 
10 10 6.5 1 153.654 248.676 15.1334 
0 10 0 1 331.128 109.253 15.1334 
0 10 6.5 1 335.928 230.706 15.1334 
0 5 10 1 368.066 317.097 15.1334 
10 5 10 1 145.229 336.755 15.1334 
0 6 0 1 347.478 92.0799 15.1334 
0 8 0 1 340.156 100.573 15.1334 
0 8 5 1 345.388 206.302 15.1334 
0 6 5 1 354.687 205.308 15.1334 
0 2 2.5 1 379.148 133.821 15.1334 
0 4 2.5 1 366.276 143.533 15.1334 
0 4 5 1 369.908 205.311 15.1334 
0 2 5 1 384.411 201.822 15.1334 
0.5 0.5 -0.5 1 374.92 38.5002 15.1334 
0.5 0.5 6 1 388.082 235.488 15.1334 
10.5 0.5 -0.5 1 66.1314 58.5668 15.1334 
10.5 0.5 6 1 90.2665 260.004 15.1334 
10.5 10.5 -0.5 1 133.321 121.02 15.1334 
10.5 10.5 6 1 144.96 237.953 15.1334 
0.5 10.5 -0.5 1 317.44 104.842 15.1334 
0.5 10.5 6 1 324.957 223.492 15.1334 
0.5 5.5 9.5 1 354.121 304.513 15.1334 
10.5 5.5 9.5 1 133.409 324.953 15.1334 
0.5 6.5 -0.5 1 334.732 84.6722 15.1334 
0.5 8.5 -0.5 1 323.953 99.4177 15.1334 
0.5 8.5 4.5 1 332.455 194.801 15.1334 
0.5 6.5 4.5 1 341.045 194.119 15.1334 
0.5 2.5 2 1 362.134 127.331 15.1334 
0.5 4.5 2 1 347.852 133.923 15.1334 
0.5 4.5 4.5 1 350.391 193.181 15.1334 
0.5 2.5 4.5 1 362.901 194.222 15.1334 
