0 0 0 1 388.992 104.882 15.5001 
0 0 6.5 1 405.142 293.926 15.5001 
10 0 0 1 78.0912 120.573 15.5001 
10 0 6.5 1 103.857 330.062 15.5001 
10 10 0 1 120.321 171.15 15.5001 
10 10 6.5 1 135.103 297.023 15.5001 
0 10 0 1 305.253 157.305 15.5001 
0 10 6.5 1 321.179 273.468 15.5001 
0 5 10 1 357.016 356.246 15.5001 
10 5 10 1 133.889 390.843 15.5001 
0 6 0 1 329.184 144.364 15.5001 
0 8 0 1 319.278 150.048 15.5001 
0 8 5 1 324.305 251.571 15.5001 
0 6 5 1 340.316 248.143 15.5001 
0 2 2.5 1 365.264 182.478 15.5001 
0 4 2.5 1 350.898 192.092 15.5001 
0 4 5 1 355.18 251.385 15.5001 
0 2 5 1 378.296 248.467 15.5001 
0.5 0.5 -0.5 1 366.304 91.6974 15.5001 
0.5 0.5 6 1 384.906 279.566 15.5001 
10.5 0.5 -0.5 1 65.5288 108.871 15.5001 
10.5 0.5 6 1 88.5284 315.118 15.5001 
10.5 10.5 -0.5 1 114.659 162.916 15.5001 
10.5 10.5 6 1 124.634 287.179 15.5001 
0.5 10.5 -0.5 1 295.123 149.098 15.5001 
0.5 10.5 6 1 303.351 266.077 15.5001 
0.5 5.5 9.5 1 343.793 346.492 15.5001 
10.5 5.5 9.5 1 119.58 377.927 15.5001 
0.5 6.5 -0.5 1 314.261 134.177 15.5001 
0.5 8.5 -0.5 1 300.528 145.273 15.5001 
0.5 8.5 4.5 1 316.29 238.097 15.5001 
0.5 6.5 4.5 1 325.458 239.205 15.5001 
0.5 2.5 2 1 353.389 176.356 15.5001 
0.5 4.5 2 1 334.146 179.872 15.5001 
0.5 4.5 4.5 1 339.935 241.088 15.5001 
0.5 2.5 4.5 1 354.713 237.602 15.5001 
