0 0 0 1 -9.96131 38.349 7.59999 
0 0 6.5 1 0.374996 224.033 7.59999 
10 0 0 1 205.317 80.4229 7.59999 
10 0 6.5 1 205.492 211.398 7.59999 
10 10 0 1 390.396 51.5212 7.59999 
10 10 6.5 1 378.816 234.194 7.59999 
0 10 0 1 149.673 -39.3041 7.59999 
0 10 6.5 1 158.068 269.652 7.59999 
0 5 10 1 66.3856 348.055 7.59999 
10 5 10 1 273.961 293.433 7.59999 
0 6 0 1 65.6118 4.08839 7.59999 
0 8 0 1 102.262 -17.9646 7.59999 
0 8 5 1 110.85 198.531 7.59999 
0 6 5 1 73.3203 195.005 7.59999 
0 2 2.5 1 14.5474 107.519 7.59999 
0 4 2.5 1 40.0053 104.929 7.59999 
0 4 5 1 44.0723 189.488 7.59999 
0 2 5 1 21.5051 187.617 7.59999 
0.5 0.5 -0.5 1 8.36394 23.9923 7.59999 
0.5 0.5 6 1 19.979 210.824 7.59999 
10.5 0.5 -0.5 1 217.85 69.7536 7.59999 
10.5 0.5 6 1 217.734 202.081 7.59999 
10.5 10.5 -0.5 1 409.251 36.8055 7.59999 
10.5 10.5 6 1 393.302 219.254 7.59999 
0.5 10.5 -0.5 1 187.806 -68.1417 7.59999 
0.5 10.5 6 1 187.276 247.246 7.59999 
0.5 5.5 9.5 1 89.2645 336.852 7.59999 
10.5 5.5 9.5 1 291.479 284.362 7.59999 
0.5 6.5 -0.5 1 91.5437 -16.7665 7.59999 
0.5 8.5 -0.5 1 132.872 -42.3963 7.59999 
0.5 8.5 4.5 1 139.365 182.114 7.59999 
0.5 6.5 4.5 1 98.2547 174.523 7.59999 
0.5 2.5 2 1 36.6145 95.0944 7.59999 
0.5 4.5 2 1 63.6001 93.2904 7.59999 
0.5 4.5 4.5 1 69.1659 172.212 7.59999 
0.5 2.5 4.5 1 40.897 172.239 7.59999 
