0 0 0 1 91.5813 116.365 6.3 
0 0 6.5 1 76.6333 250.13 6.3 
10 0 0 1 282.276 148.497 6.3 
10 0 6.5 1 269.693 266.01 6.3 
10 10 0 1 403.891 105.922 6.3 
10 10 6.5 1 384.945 285.366 6.3 
0 10 0 1 117.94 24.9506 6.3 
0 10 6.5 1 92.5603 261.194 6.3 
0 5 10 1 77.5402 345.747 6.3 
10 5 10 1 305.367 351.521 6.3 
0 6 0 1 106.528 72.9013 6.3 
0 8 0 1 109.03 54.8054 6.3 
0 8 5 1 96.2793 209.564 6.3 
0 6 5 1 89.8636 211.644 6.3 
0 2 2.5 1 89.5181 160.525 6.3 
0 4 2.5 1 95.7142 153.045 6.3 
0 4 5 1 89.9543 214.123 6.3 
0 2 5 1 84.0659 217.038 6.3 
0.5 0.5 -0.5 1 106.358 103.779 6.3 
0.5 0.5 6 1 91.2572 239.985 6.3 
10.5 0.5 -0.5 1 293.314 143.245 6.3 
10.5 0.5 6 1 280.818 257.603 6.3 
10.5 10.5 -0.5 1 424.453 88.8273 6.3 
10.5 10.5 6 1 405.882 273.579 6.3 
0.5 10.5 -0.5 1 141.589 7.37612 6.3 
0.5 10.5 6 1 117.869 245.723 6.3 
0.5 5.5 9.5 1 92.8185 336.451 6.3 
10.5 5.5 9.5 1 322.608 337.955 6.3 
0.5 6.5 -0.5 1 123.663 60.2893 6.3 
0.5 8.5 -0.5 1 130.469 37.859 6.3 
0.5 8.5 4.5 1 113.813 194.357 6.3 
0.5 6.5 4.5 1 106.68 201.308 6.3 
0.5 2.5 2 1 106.101 149.546 6.3 
0.5 4.5 2 1 108.737 137.817 6.3 
0.5 4.5 4.5 1 101.246 204.064 6.3 
0.5 2.5 4.5 1 93.5078 205.091 6.3 
