0 0 0 1 373.72 225.75 17.1667 
0 0 6.5 1 384.423 403.439 17.1667 
10 0 0 1 130.693 166.787 17.1667 
10 0 6.5 1 119.437 438.556 17.1667 
10 10 0 1 31.3704 237.093 17.1667 
10 10 6.5 1 17.4475 400.955 17.1667 
0 10 0 1 225.439 264.523 17.1667 
0 10 6.5 1 225.108 386.566 17.1667 
0 5 10 1 294.201 479.681 17.1667 
10 5 10 1 46.3966 541.164 17.1667 
0 6 0 1 272.204 251.652 17.1667 
0 8 0 1 247.182 257.203 17.1667 
0 8 5 1 249.27 358.673 17.1667 
0 6 5 1 275.101 356.324 17.1667 
0 2 2.5 1 336.768 299.145 17.1667 
0 4 2.5 1 304.116 302.685 17.1667 
0 4 5 1 305.501 360.333 17.1667 
0 2 5 1 340.961 357.526 17.1667 
0.5 0.5 -0.5 1 356.414 214.078 17.1667 
0.5 0.5 6 1 366.106 385.913 17.1667 
10.5 0.5 -0.5 1 104.085 151.468 17.1667 
10.5 0.5 6 1 89.1475 414.37 17.1667 
10.5 10.5 -0.5 1 17.1924 226.726 17.1667 
10.5 10.5 6 1 0.609711 388.371 17.1667 
0.5 10.5 -0.5 1 210.961 255.257 17.1667 
0.5 10.5 6 1 210.792 375.154 17.1667 
0.5 5.5 9.5 1 274.311 463.083 17.1667 
10.5 5.5 9.5 1 23.8726 518.131 17.1667 
0.5 6.5 -0.5 1 259.561 244.691 17.1667 
0.5 8.5 -0.5 1 232.48 250.319 17.1667 
0.5 8.5 4.5 1 234.743 344.981 17.1667 
0.5 6.5 4.5 1 260.355 346.571 17.1667 
0.5 2.5 2 1 318.74 283.423 17.1667 
0.5 4.5 2 1 288.299 292.514 17.1667 
0.5 4.5 4.5 1 289.161 346.635 17.1667 
0.5 2.5 4.5 1 322.315 347.016 17.1667 
