0 0 0 1 270.258 140.202 11.6 
0 0 6.5 1 252.497 458.616 11.6 
10 0 0 1 141.425 221.583 11.6 
10 0 6.5 1 124.253 388.565 11.6 
10 10 0 1 337.45 254.053 11.6 
10 10 6.5 1 330.916 387.412 11.6 
0 10 0 1 535.327 220.479 11.6 
0 10 6.5 1 548.224 430.531 11.6 
0 5 10 1 434.424 599.474 11.6 
10 5 10 1 237.06 474.549 11.6 
0 6 0 1 452.303 193.885 11.6 
0 8 0 1 499.452 207.415 11.6 
0 8 5 1 504.076 377.526 11.6 
0 6 5 1 455.915 378.5 11.6 
0 2 2.5 1 339.407 264.595 11.6 
0 4 2.5 1 401.857 274.671 11.6 
0 4 5 1 400.947 378.522 11.6 
0 2 5 1 335.76 379.905 11.6 
0.5 0.5 -0.5 1 276.59 132.025 11.6 
0.5 0.5 6 1 263.642 423.913 11.6 
10.5 0.5 -0.5 1 153.048 216.222 11.6 
10.5 0.5 6 1 135.893 372.992 11.6 
10.5 10.5 -0.5 1 338.094 246.209 11.6 
10.5 10.5 6 1 336.865 374.837 11.6 
0.5 10.5 -0.5 1 531.213 208.168 11.6 
0.5 10.5 6 1 537.207 410.381 11.6 
0.5 5.5 9.5 1 431.069 562.074 11.6 
10.5 5.5 9.5 1 237.423 456.515 11.6 
0.5 6.5 -0.5 1 451.425 184.087 11.6 
0.5 8.5 -0.5 1 490.681 197.477 11.6 
0.5 8.5 4.5 1 497.801 360.452 11.6 
0.5 6.5 4.5 1 452.516 357.192 11.6 
0.5 2.5 2 1 341.728 249.049 11.6 
0.5 4.5 2 1 400.583 261.267 11.6 
0.5 4.5 4.5 1 399.179 353.985 11.6 
0.5 2.5 4.5 1 339.028 352.631 11.6 
