0 0 0 1 133.149 232.867 5.5 
0 0 6.5 1 121.176 360.37 5.5 
10 0 0 1 313.394 252.358 5.5 
10 0 6.5 1 309.053 370.301 5.5 
10 10 0 1 399.351 213.732 5.5 
10 10 6.5 1 396.531 403.542 5.5 
0 10 0 1 104.45 182.679 5.5 
0 10 6.5 1 82.1177 391.474 5.5 
0 5 10 1 95.6085 463.917 5.5 
10 5 10 1 339.893 467.435 5.5 
0 6 0 1 121.361 211.337 5.5 
0 8 0 1 115.215 197.115 5.5 
0 8 5 1 97.0544 335.965 5.5 
0 6 5 1 104.675 332.387 5.5 
0 2 2.5 1 125.646 277.786 5.5 
0 4 2.5 1 121.285 276.821 5.5 
0 4 5 1 116.308 330.629 5.5 
0 2 5 1 118.633 333.799 5.5 
0.5 0.5 -0.5 1 141.671 225.968 5.5 
0.5 0.5 6 1 131.691 351.887 5.5 
10.5 0.5 -0.5 1 325.724 241.874 5.5 
10.5 0.5 6 1 322.518 365.491 5.5 
10.5 10.5 -0.5 1 420.421 198.007 5.5 
10.5 10.5 6 1 417.853 395.166 5.5 
0.5 10.5 -0.5 1 124.079 165.208 5.5 
0.5 10.5 6 1 93.7012 379.674 5.5 
0.5 5.5 9.5 1 109.191 453.179 5.5 
10.5 5.5 9.5 1 353.809 460.046 5.5 
0.5 6.5 -0.5 1 131.382 194.661 5.5 
0.5 8.5 -0.5 1 127.067 181.739 5.5 
0.5 8.5 4.5 1 114.608 323.325 5.5 
0.5 6.5 4.5 1 119.563 322.471 5.5 
0.5 2.5 2 1 137.949 268.286 5.5 
0.5 4.5 2 1 128.546 262.611 5.5 
0.5 4.5 4.5 1 126.532 321.64 5.5 
0.5 2.5 4.5 1 127.414 320.221 5.5 
