0 0 0 1 49.9819 51.8611 6.89999 
0 0 6.5 1 43.9537 207.338 6.89999 
10 0 0 1 250.134 100.095 6.89999 
10 0 6.5 1 239.653 220.257 6.89999 
10 10 0 1 404.074 60.9933 6.89999 
10 10 6.5 1 381.388 244.525 6.89999 
0 10 0 1 123.703 -39.1254 6.89999 
0 10 6.5 1 112.873 235.786 6.89999 
0 5 10 1 63.6052 318.805 6.89999 
10 5 10 1 288.223 302.844 6.89999 
0 6 0 1 78.702 10.313 6.89999 
0 8 0 1 100.595 -11.6996 6.89999 
0 8 5 1 93.3457 181.02 6.89999 
0 6 5 1 79.6568 175.743 6.89999 
0 2 2.5 1 56.3606 110.129 6.89999 
0 4 2.5 1 67.5276 103.993 6.89999 
0 4 5 1 63.8045 177.146 6.89999 
0 2 5 1 52.7298 178.445 6.89999 
0.5 0.5 -0.5 1 62.6655 46.4651 6.89999 
0.5 0.5 6 1 58.4523 199.711 6.89999 
10.5 0.5 -0.5 1 260.795 90.607 6.89999 
10.5 0.5 6 1 251.771 214.927 6.89999 
10.5 10.5 -0.5 1 421.731 44.8781 6.89999 
10.5 10.5 6 1 404.897 232.134 6.89999 
0.5 10.5 -0.5 1 153.183 -63.5371 6.89999 
0.5 10.5 6 1 140.929 218.531 6.89999 
0.5 5.5 9.5 1 82.6232 308.194 6.89999 
10.5 5.5 9.5 1 305.274 298.261 6.89999 
0.5 6.5 -0.5 1 106.602 -3.6998 6.89999 
0.5 8.5 -0.5 1 128.844 -30.5002 6.89999 
0.5 8.5 4.5 1 119.038 160.381 6.89999 
0.5 6.5 4.5 1 96.8132 162.401 6.89999 
0.5 2.5 2 1 70.5392 98.3266 6.89999 
0.5 4.5 2 1 87.0701 91.1512 6.89999 
0.5 4.5 4.5 1 81.1173 165.077 6.89999 
0.5 2.5 4.5 1 70.7216 165.212 6.89999 
