0 0 0 1 376.447 131.884 16.0334 
0 0 6.5 1 399.755 310.979 16.0334 
10 0 0 1 83.8932 124.41 16.0334 
10 0 6.5 1 99.5076 347.178 16.0334 
10 10 0 1 93.8108 196.18 16.0334 
10 10 6.5 1 104.849 327.008 16.0334 
0 10 0 1 279.327 188.383 16.0334 
0 10 6.5 1 291.939 304.25 16.0334 
0 5 10 1 342.09 385.616 16.0334 
10 5 10 1 104.358 424.213 16.0334 
0 6 0 1 307.541 173.602 16.0334 
0 8 0 1 293.841 182.765 16.0334 
0 8 5 1 302.376 280.26 16.0334 
0 6 5 1 318.521 276.149 16.0334 
0 2 2.5 1 356.367 210.085 16.0334 
0 4 2.5 1 333.296 218.711 16.0334 
0 4 5 1 337.495 275.565 16.0334 
0 2 5 1 366.066 271.891 16.0334 
0.5 0.5 -0.5 1 355.679 120.714 16.0334 
0.5 0.5 6 1 378.776 299.761 16.0334 
10.5 0.5 -0.5 1 66.2567 114.345 16.0334 
10.5 0.5 6 1 80.7922 333.951 16.0334 
10.5 10.5 -0.5 1 82.9976 189.451 16.0334 
10.5 10.5 6 1 89.2063 315.432 16.0334 
0.5 10.5 -0.5 1 264.838 187.614 16.0334 
0.5 10.5 6 1 276.973 297.418 16.0334 
0.5 5.5 9.5 1 321.391 371.371 16.0334 
10.5 5.5 9.5 1 90.866 412.685 16.0334 
0.5 6.5 -0.5 1 291.68 163.845 16.0334 
0.5 8.5 -0.5 1 276.584 177.3 16.0334 
0.5 8.5 4.5 1 287.06 267.222 16.0334 
0.5 6.5 4.5 1 303.724 265.543 16.0334 
0.5 2.5 2 1 339.283 200.405 16.0334 
0.5 4.5 2 1 317.722 208.263 16.0334 
0.5 4.5 4.5 1 321.893 262.051 16.0334 
0.5 2.5 4.5 1 343.463 259.816 16.0334 
