0 0 0 1 156.823 252.22 5.13333 
0 0 6.5 1 145.741 371.222 5.13333 
10 0 0 1 336.93 259.796 5.13333 
10 0 6.5 1 337.454 380.209 5.13333 
10 10 0 1 402.481 209.914 5.13333 
10 10 6.5 1 408.781 406.546 5.13333 
0 10 0 1 110.24 192.216 5.13333 
0 10 6.5 1 89.9778 394.895 5.13333 
0 5 10 1 117.221 471.13 5.13333 
10 5 10 1 362.884 473.639 5.13333 
0 6 0 1 132.739 222.535 5.13333 
0 8 0 1 123.169 210.041 5.13333 
0 8 5 1 111.591 345.646 5.13333 
0 6 5 1 124.445 341.845 5.13333 
0 2 2.5 1 146.572 292.361 5.13333 
0 4 2.5 1 140.73 287.606 5.13333 
0 4 5 1 134.126 341.457 5.13333 
0 2 5 1 141.352 343.717 5.13333 
0.5 0.5 -0.5 1 163.871 237.996 5.13333 
0.5 0.5 6 1 153.125 359.751 5.13333 
10.5 0.5 -0.5 1 347.21 247.329 5.13333 
10.5 0.5 6 1 349.104 368.92 5.13333 
10.5 10.5 -0.5 1 423.641 191.254 5.13333 
10.5 10.5 6 1 431.684 393.274 5.13333 
0.5 10.5 -0.5 1 122.831 176.126 5.13333 
0.5 10.5 6 1 103.05 379.333 5.13333 
0.5 5.5 9.5 1 128.724 460.073 5.13333 
10.5 5.5 9.5 1 379.115 468.661 5.13333 
0.5 6.5 -0.5 1 147.187 208.533 5.13333 
0.5 8.5 -0.5 1 132.844 193.098 5.13333 
0.5 8.5 4.5 1 122.472 332.287 5.13333 
0.5 6.5 4.5 1 133.425 332.477 5.13333 
0.5 2.5 2 1 156.8 280.356 5.13333 
0.5 4.5 2 1 149.858 273.351 5.13333 
0.5 4.5 4.5 1 143.052 331.35 5.13333 
0.5 2.5 4.5 1 151.244 335.714 5.13333 
