0 0 0 1 292.935 76.5445 2.46667 
0 0 6.5 1 299.433 203.89 2.46667 
10 0 0 1 502.514 9.3455 2.46667 
10 0 6.5 1 506.152 193.172 2.46667 
10 10 0 1 345.706 -102.063 2.46667 
10 10 6.5 1 362.424 212.348 2.46667 
0 10 0 1 115.149 39.4066 2.46667 
0 10 6.5 1 133.725 220.677 2.46667 
0 5 10 1 236.97 284.381 2.46667 
10 5 10 1 455.512 309.485 2.46667 
0 6 0 1 202.228 60.1429 2.46667 
0 8 0 1 159.184 48.6701 2.46667 
0 8 5 1 171.992 177.899 2.46667 
0 6 5 1 212.18 177.61 2.46667 
0 2 2.5 1 270.041 123.152 2.46667 
0 4 2.5 1 239.623 123.159 2.46667 
0 4 5 1 241.259 175.851 2.46667 
0 2 5 1 271.618 175.23 2.46667 
0.5 0.5 -0.5 1 292.512 62.1998 2.46667 
0.5 0.5 6 1 300.323 192.102 2.46667 
10.5 0.5 -0.5 1 513.606 -14.4703 2.46667 
10.5 0.5 6 1 515.567 174.832 2.46667 
10.5 10.5 -0.5 1 351.133 -153.638 2.46667 
10.5 10.5 6 1 366.202 186.228 2.46667 
0.5 10.5 -0.5 1 106.746 20.0755 2.46667 
0.5 10.5 6 1 124.185 205.548 2.46667 
0.5 5.5 9.5 1 235.489 278.841 2.46667 
10.5 5.5 9.5 1 462.936 301.013 2.46667 
0.5 6.5 -0.5 1 196.635 38.9099 2.46667 
0.5 8.5 -0.5 1 155.669 27.3197 2.46667 
0.5 8.5 4.5 1 169.756 161.106 2.46667 
0.5 6.5 4.5 1 206.428 164.766 2.46667 
0.5 2.5 2 1 266.42 110.092 2.46667 
0.5 4.5 2 1 236.895 105.45 2.46667 
0.5 4.5 4.5 1 241.578 162.016 2.46667 
0.5 2.5 4.5 1 270.049 164.164 2.46667 
