0 0 0 1 400.758 19.6431 15.0001 
0 0 6.5 1 407.593 228.162 15.0001 
10 0 0 1 77.5874 44.9588 15.0001 
10 0 6.5 1 100.842 253.216 15.0001 
10 10 0 1 148.167 106.105 15.0001 
10 10 6.5 1 162.932 233.983 15.0001 
0 10 0 1 339.34 93.2751 15.0001 
0 10 6.5 1 344.561 214.513 15.0001 
0 5 10 1 375.796 300.123 15.0001 
10 5 10 1 150.734 316.374 15.0001 
0 6 0 1 355.426 70.1522 15.0001 
0 8 0 1 348 83.6191 15.0001 
0 8 5 1 352.871 188.567 15.0001 
0 6 5 1 363.153 184.475 15.0001 
0 2 2.5 1 383.487 114.431 15.0001 
0 4 2.5 1 370.871 120.765 15.0001 
0 4 5 1 373.341 186.361 15.0001 
0 2 5 1 385.237 182.008 15.0001 
0.5 0.5 -0.5 1 376.976 11.117 15.0001 
0.5 0.5 6 1 387.195 215.587 15.0001 
10.5 0.5 -0.5 1 64.8555 31.6216 15.0001 
10.5 0.5 6 1 93.245 236.407 15.0001 
10.5 10.5 -0.5 1 141.762 98.5206 15.0001 
10.5 10.5 6 1 156.387 221.882 15.0001 
0.5 10.5 -0.5 1 327.666 82.383 15.0001 
0.5 10.5 6 1 334.385 207.133 15.0001 
0.5 5.5 9.5 1 356.417 285.32 15.0001 
10.5 5.5 9.5 1 138.647 300.948 15.0001 
0.5 6.5 -0.5 1 339.595 64.6083 15.0001 
0.5 8.5 -0.5 1 335.269 74.3029 15.0001 
0.5 8.5 4.5 1 339.761 178.585 15.0001 
0.5 6.5 4.5 1 348.043 175.856 15.0001 
0.5 2.5 2 1 367.763 102.937 15.0001 
0.5 4.5 2 1 354.688 114.075 15.0001 
0.5 4.5 4.5 1 358.197 174.861 15.0001 
0.5 2.5 4.5 1 371.385 171.361 15.0001 
