0 0 0 1 190.683 242.018 4.56666 
0 0 6.5 1 192.176 355.215 4.56666 
10 0 0 1 371.29 232.226 4.56666 
10 0 6.5 1 377.637 358.254 4.56666 
10 10 0 1 404.141 161.172 4.56666 
10 10 6.5 1 420.34 361.023 4.56666 
0 10 0 1 118.103 178.075 4.56666 
0 10 6.5 1 109.354 364.555 4.56666 
0 5 10 1 157.39 444.533 4.56666 
10 5 10 1 400.901 449.29 4.56666 
0 6 0 1 155.639 210.611 4.56666 
0 8 0 1 136.841 194.745 4.56666 
0 8 5 1 133.335 323.32 4.56666 
0 6 5 1 151.8 327.509 4.56666 
0 2 2.5 1 181.813 279.485 4.56666 
0 4 2.5 1 166.932 272.775 4.56666 
0 4 5 1 170.705 324.935 4.56666 
0 2 5 1 179.495 326.728 4.56666 
0.5 0.5 -0.5 1 197.149 228.334 4.56666 
0.5 0.5 6 1 197.647 348.084 4.56666 
10.5 0.5 -0.5 1 383.351 217.312 4.56666 
10.5 0.5 6 1 392.519 347.907 4.56666 
10.5 10.5 -0.5 1 424.525 137.353 4.56666 
10.5 10.5 6 1 441.998 343.256 4.56666 
0.5 10.5 -0.5 1 126.426 160.411 4.56666 
0.5 10.5 6 1 117.978 348.955 4.56666 
0.5 5.5 9.5 1 163.086 433.749 4.56666 
10.5 5.5 9.5 1 415.217 438.157 4.56666 
0.5 6.5 -0.5 1 163.266 196.08 4.56666 
0.5 8.5 -0.5 1 145.78 181.125 4.56666 
0.5 8.5 4.5 1 140.844 306.327 4.56666 
0.5 6.5 4.5 1 158.485 312.355 4.56666 
0.5 2.5 2 1 186.244 268.381 4.56666 
0.5 4.5 2 1 177.708 259.404 4.56666 
0.5 4.5 4.5 1 174.034 313.856 4.56666 
0.5 2.5 4.5 1 186.894 316.2 4.56666 
