0 0 0 1 -77.9553 -6.39797 8.66667 
0 0 6.5 1 -37.6994 235.081 8.66667 
10 0 0 1 147.8 74.352 8.66667 
10 0 6.5 1 161.33 212.232 8.66667 
10 10 0 1 364.974 25.0334 8.66667 
10 10 6.5 1 369.536 197.884 8.66667 
0 10 0 1 265.128 -137.829 8.66667 
0 10 6.5 1 285.705 219.329 8.66667 
0 5 10 1 110.461 368.726 8.66667 
10 5 10 1 263.609 284.53 8.66667 
0 6 0 1 95.7618 -74.3322 8.66667 
0 8 0 1 171.918 -101.171 8.66667 
0 8 5 1 196.25 154.016 8.66667 
0 6 5 1 121.046 162.179 8.66667 
0 2 2.5 1 -12.3989 79.5785 8.66667 
0 4 2.5 1 43.1467 62.5628 8.66667 
0 4 5 1 59.9718 170.717 8.66667 
0 2 5 1 3.71004 177.125 8.66667 
0.5 0.5 -0.5 1 -50.6417 -22.609 8.66667 
0.5 0.5 6 1 -10.9177 215.314 8.66667 
10.5 0.5 -0.5 1 161.8 61.6013 8.66667 
10.5 0.5 6 1 175.642 199.017 8.66667 
10.5 10.5 -0.5 1 378.932 11.0176 8.66667 
10.5 10.5 6 1 385.575 187.566 8.66667 
0.5 10.5 -0.5 1 301.229 -156.743 8.66667 
0.5 10.5 6 1 318.759 191.87 8.66667 
0.5 5.5 9.5 1 137.924 340.104 8.66667 
10.5 5.5 9.5 1 273.846 271.001 8.66667 
0.5 6.5 -0.5 1 124.077 -93.1476 8.66667 
0.5 8.5 -0.5 1 203.941 -122.466 8.66667 
0.5 8.5 4.5 1 226.704 130.044 8.66667 
0.5 6.5 4.5 1 151.906 138.448 8.66667 
0.5 2.5 2 1 15.287 59.8178 8.66667 
0.5 4.5 2 1 71.4106 44.9924 8.66667 
0.5 4.5 4.5 1 87.1113 146.61 8.66667 
0.5 2.5 4.5 1 30.6104 158.294 8.66667 
