0 0 0 1 -21.7658 30.4299 7.73333 
0 0 6.5 1 -5.48225 225.707 7.73333 
10 0 0 1 196.98 72.3094 7.73333 
10 0 6.5 1 200.862 206.231 7.73333 
10 10 0 1 386.737 43.868 7.73333 
10 10 6.5 1 372.711 220.969 7.73333 
0 10 0 1 158.615 -59.6287 7.73333 
0 10 6.5 1 169.233 261.973 7.73333 
0 5 10 1 72.235 350.76 7.73333 
10 5 10 1 273.327 283.469 7.73333 
0 6 0 1 64.9989 -11.979 7.73333 
0 8 0 1 105.257 -31.6692 7.73333 
0 8 5 1 117.671 190.144 7.73333 
0 6 5 1 77.95 186.149 7.73333 
0 2 2.5 1 3.80381 101.908 7.73333 
0 4 2.5 1 34.3223 95.5577 7.73333 
0 4 5 1 44.1646 185.405 7.73333 
0 2 5 1 15.2471 181.958 7.73333 
0.5 0.5 -0.5 1 -2.50909 12.3723 7.73333 
0.5 0.5 6 1 15.4603 209.459 7.73333 
10.5 0.5 -0.5 1 212.394 60.0263 7.73333 
10.5 0.5 6 1 214.431 195.746 7.73333 
10.5 10.5 -0.5 1 405.093 30.5042 7.73333 
10.5 10.5 6 1 390.736 208.544 7.73333 
0.5 10.5 -0.5 1 195.563 -85.3013 7.73333 
0.5 10.5 6 1 201.19 241.664 7.73333 
0.5 5.5 9.5 1 91.3148 332.708 7.73333 
10.5 5.5 9.5 1 286.405 276.667 7.73333 
0.5 6.5 -0.5 1 90.4719 -32.4841 7.73333 
0.5 8.5 -0.5 1 137.748 -57.7716 7.73333 
0.5 8.5 4.5 1 142.888 170.654 7.73333 
0.5 6.5 4.5 1 99.5706 167.463 7.73333 
0.5 2.5 2 1 26.6681 88.2194 7.73333 
0.5 4.5 2 1 55.8565 78.7502 7.73333 
0.5 4.5 4.5 1 67.7108 168.796 7.73333 
0.5 2.5 4.5 1 37.0596 164.687 7.73333 
