0 0 0 1 279.492 111.256 2.76667 
0 0 6.5 1 288.696 233.567 2.76667 
10 0 0 1 480.532 53.0772 2.76667 
10 0 6.5 1 488.505 217.812 2.76667 
10 10 0 1 364.414 -42.1254 2.76667 
10 10 6.5 1 385.554 241.561 2.76667 
0 10 0 1 114.283 78.5741 2.76667 
0 10 6.5 1 136.156 250.75 2.76667 
0 5 10 1 233.511 315.92 2.76667 
10 5 10 1 459.468 334.301 2.76667 
0 6 0 1 194.509 96.0552 2.76667 
0 8 0 1 156.806 87.8561 2.76667 
0 8 5 1 171.964 212.907 2.76667 
0 6 5 1 209.299 211.505 2.76667 
0 2 2.5 1 260.871 155.254 2.76667 
0 4 2.5 1 235.191 156.123 2.76667 
0 4 5 1 236.634 208.206 2.76667 
0 2 5 1 260.681 205.995 2.76667 
0.5 0.5 -0.5 1 278.114 99.0804 2.76667 
0.5 0.5 6 1 289.998 222.319 2.76667 
10.5 0.5 -0.5 1 487.242 36.4118 2.76667 
10.5 0.5 6 1 496.776 207.876 2.76667 
10.5 10.5 -0.5 1 373.957 -85.198 2.76667 
10.5 10.5 6 1 397.07 221.34 2.76667 
0.5 10.5 -0.5 1 109.071 58.4628 2.76667 
0.5 10.5 6 1 130.828 242.781 2.76667 
0.5 5.5 9.5 1 230.912 306.953 2.76667 
10.5 5.5 9.5 1 470.305 324.51 2.76667 
0.5 6.5 -0.5 1 190.781 77.9957 2.76667 
0.5 8.5 -0.5 1 155.049 68.7653 2.76667 
0.5 8.5 4.5 1 170.343 196.723 2.76667 
0.5 6.5 4.5 1 202.768 197.101 2.76667 
0.5 2.5 2 1 260.335 144.777 2.76667 
0.5 4.5 2 1 230.352 142.037 2.76667 
0.5 4.5 4.5 1 235.641 198.591 2.76667 
0.5 2.5 4.5 1 264.437 194.916 2.76667 
