0 0 0 1 358.701 40.2645 12.2334 
0 0 6.5 1 335.522 328.361 12.2334 
10 0 0 1 152.665 127.986 12.2334 
10 0 6.5 1 131.201 294.521 12.2334 
10 10 0 1 320.859 185.382 12.2334 
10 10 6.5 1 309.076 304.95 12.2334 
0 10 0 1 528.775 155.77 12.2334 
0 10 6.5 1 516.813 334.163 12.2334 
0 5 10 1 440.915 453.447 12.2334 
10 5 10 1 226.666 379.101 12.2334 
0 6 0 1 479.507 119.846 12.2334 
0 8 0 1 505.938 142.437 12.2334 
0 8 5 1 499.423 288.075 12.2334 
0 6 5 1 464.126 282.243 12.2334 
0 2 2.5 1 399.746 170.603 12.2334 
0 4 2.5 1 439.742 190.741 12.2334 
0 4 5 1 433.952 277.28 12.2334 
0 2 5 1 392.89 271.356 12.2334 
0.5 0.5 -0.5 1 357.478 37.5234 12.2334 
0.5 0.5 6 1 335.452 304.013 12.2334 
10.5 0.5 -0.5 1 157.847 123.347 12.2334 
10.5 0.5 6 1 139.84 282.738 12.2334 
10.5 10.5 -0.5 1 321.428 177.012 12.2334 
10.5 10.5 6 1 312.007 294.419 12.2334 
0.5 10.5 -0.5 1 516.303 147.147 12.2334 
0.5 10.5 6 1 508.156 318.932 12.2334 
0.5 5.5 9.5 1 432.448 429.968 12.2334 
10.5 5.5 9.5 1 230.713 365.394 12.2334 
0.5 6.5 -0.5 1 470.268 116.001 12.2334 
0.5 8.5 -0.5 1 494.605 130.902 12.2334 
0.5 8.5 4.5 1 485.35 273.501 12.2334 
0.5 6.5 4.5 1 458.426 266.555 12.2334 
0.5 2.5 2 1 393.838 157.724 12.2334 
0.5 4.5 2 1 430.931 175.591 12.2334 
0.5 4.5 4.5 1 427.257 258.725 12.2334 
0.5 2.5 4.5 1 388.41 249.863 12.2334 
