0 0 0 1 388.185 116.693 19.4 
0 0 6.5 1 373.019 274.693 19.4 
10 0 0 1 434.244 11.3865 19.4 
10 0 6.5 1 395.318 332.412 19.4 
10 10 0 1 -11.9067 8.67451 19.4 
10 10 6.5 1 -18.0435 280.408 19.4 
0 10 0 1 156.142 107.089 19.4 
0 10 6.5 1 151.967 249.506 19.4 
0 5 10 1 245.757 339.565 19.4 
10 5 10 1 157.851 452.72 19.4 
0 6 0 1 245.493 112.16 19.4 
0 8 0 1 198.78 111.575 19.4 
0 8 5 1 194.375 221.203 19.4 
0 6 5 1 237.921 224.7 19.4 
0 2 2.5 1 336.285 177.374 19.4 
0 4 2.5 1 284.912 170.742 19.4 
0 4 5 1 282.948 227.584 19.4 
0 2 5 1 330.39 233.916 19.4 
0.5 0.5 -0.5 1 378.682 101.163 19.4 
0.5 0.5 6 1 361.009 262.06 19.4 
10.5 0.5 -0.5 1 417.056 -33.4775 19.4 
10.5 0.5 6 1 377.325 314.215 19.4 
10.5 10.5 -0.5 1 -47.4899 -24.6093 19.4 
10.5 10.5 6 1 -53.6683 259.721 19.4 
0.5 10.5 -0.5 1 146.467 91.4112 19.4 
0.5 10.5 6 1 138.387 238.444 19.4 
0.5 5.5 9.5 1 237.936 330.466 19.4 
10.5 5.5 9.5 1 134.431 438.763 19.4 
0.5 6.5 -0.5 1 231.651 96.2787 19.4 
0.5 8.5 -0.5 1 188.147 94.0309 19.4 
0.5 8.5 4.5 1 178.739 208.982 19.4 
0.5 6.5 4.5 1 221.87 211.092 19.4 
0.5 2.5 2 1 320.145 160.004 19.4 
0.5 4.5 2 1 274.965 160.206 19.4 
0.5 4.5 4.5 1 268.38 219.016 19.4 
0.5 2.5 4.5 1 317.196 223.675 19.4 
