0 0 0 1 193.411 127.127 11.1 
0 0 6.5 1 181.724 439.486 11.1 
10 0 0 1 139.134 231.716 11.1 
10 0 6.5 1 129.234 390.997 11.1 
10 10 0 1 349.534 251.16 11.1 
10 10 6.5 1 355.093 389.611 11.1 
0 10 0 1 532.993 186.172 11.1 
0 10 6.5 1 560.318 419.988 11.1 
0 5 10 1 409.658 605.338 11.1 
10 5 10 1 254.284 481.429 11.1 
0 6 0 1 420.924 163.101 11.1 
0 8 0 1 478.103 172.655 11.1 
0 8 5 1 498.124 360.072 11.1 
0 6 5 1 432.494 363.124 11.1 
0 2 2.5 1 280.076 243.704 11.1 
0 4 2.5 1 358.14 251.755 11.1 
0 4 5 1 357.813 359.564 11.1 
0 2 5 1 274.78 359.614 11.1 
0.5 0.5 -0.5 1 209.819 118.393 11.1 
0.5 0.5 6 1 201.172 413.661 11.1 
10.5 0.5 -0.5 1 150.579 223.267 11.1 
10.5 0.5 6 1 144.717 377.247 11.1 
10.5 10.5 -0.5 1 352.045 242.063 11.1 
10.5 10.5 6 1 358.028 374.902 11.1 
0.5 10.5 -0.5 1 532.816 176.859 11.1 
0.5 10.5 6 1 553.574 394.378 11.1 
0.5 5.5 9.5 1 412.693 566.078 11.1 
10.5 5.5 9.5 1 257.718 459.68 11.1 
0.5 6.5 -0.5 1 421.965 157.94 11.1 
0.5 8.5 -0.5 1 477.119 166.963 11.1 
0.5 8.5 4.5 1 497.596 338.474 11.1 
0.5 6.5 4.5 1 433.681 339.718 11.1 
0.5 2.5 2 1 290.883 230.619 11.1 
0.5 4.5 2 1 361.898 237.541 11.1 
0.5 4.5 4.5 1 361.106 339.587 11.1 
0.5 2.5 4.5 1 288.146 338.35 11.1 
