0 0 0 1 304.157 64.5793 2.26667 
0 0 6.5 1 308.964 192.958 2.26667 
10 0 0 1 519.736 -5.67136 2.26667 
10 0 6.5 1 518.089 185.64 2.26667 
10 10 0 1 332.137 -116.691 2.26667 
10 10 6.5 1 342.964 211.647 2.26667 
0 10 0 1 111.451 29.1071 2.26667 
0 10 6.5 1 134.083 210.751 2.26667 
0 5 10 1 238.857 276.242 2.26667 
10 5 10 1 451.701 312.166 2.26667 
0 6 0 1 205.548 49.5455 2.26667 
0 8 0 1 165.225 37.6923 2.26667 
0 8 5 1 175.369 172.318 2.26667 
0 6 5 1 214.58 169.546 2.26667 
0 2 2.5 1 276.435 114.177 2.26667 
0 4 2.5 1 244.773 109.715 2.26667 
0 4 5 1 250.303 166.986 2.26667 
0 2 5 1 282.195 166.848 2.26667 
0.5 0.5 -0.5 1 304.2 52.7511 2.26667 
0.5 0.5 6 1 307.594 182.621 2.26667 
10.5 0.5 -0.5 1 533.525 -31.4317 2.26667 
10.5 0.5 6 1 527.85 174.027 2.26667 
10.5 10.5 -0.5 1 335.697 -172.584 2.26667 
10.5 10.5 6 1 345.812 191.502 2.26667 
0.5 10.5 -0.5 1 106.88 7.05384 2.26667 
0.5 10.5 6 1 125.992 197.832 2.26667 
0.5 5.5 9.5 1 237.277 269.369 2.26667 
10.5 5.5 9.5 1 458.304 301.854 2.26667 
0.5 6.5 -0.5 1 199.544 27.909 2.26667 
0.5 8.5 -0.5 1 155.344 18.7422 2.26667 
0.5 8.5 4.5 1 173.237 158.386 2.26667 
0.5 6.5 4.5 1 209.396 156.773 2.26667 
0.5 2.5 2 1 275.303 100.325 2.26667 
0.5 4.5 2 1 242.253 96.5736 2.26667 
0.5 4.5 4.5 1 246.999 151.863 2.26667 
0.5 2.5 4.5 1 279.754 155.323 2.26667 
