0 0 0 1 23.0844 101.33 10 
0 0 6.5 1 36.2685 393.115 10 
10 0 0 1 139.157 201.07 10 
10 0 6.5 1 144.976 346.855 10 
10 10 0 1 364.64 183.738 10 
10 10 6.5 1 376.359 327.708 10 
0 10 0 1 461.352 69.3999 10 
0 10 6.5 1 500.796 352.469 10 
0 5 10 1 279.309 547.403 10 
10 5 10 1 270.339 422.467 10 
0 6 0 1 285.506 83.0805 10 
0 8 0 1 373.597 74.0031 10 
0 8 5 1 398.443 292.212 10 
0 6 5 1 304.384 299.27 10 
0 2 2.5 1 114.982 204.181 10 
0 4 2.5 1 204.901 195.551 10 
0 4 5 1 215.408 305.646 10 
0 2 5 1 125.377 315.398 10 
0.5 0.5 -0.5 1 54.1733 90.7167 10 
0.5 0.5 6 1 67.9934 362.856 10 
10.5 0.5 -0.5 1 152.116 188.592 10 
10.5 0.5 6 1 158.882 336.042 10 
10.5 10.5 -0.5 1 369.469 175.272 10 
10.5 10.5 6 1 386.163 316.214 10 
0.5 10.5 -0.5 1 470.331 58.9217 10 
0.5 10.5 6 1 508.847 326.265 10 
0.5 5.5 9.5 1 302.155 509.555 10 
10.5 5.5 9.5 1 281.234 405.679 10 
0.5 6.5 -0.5 1 303.811 69.5408 10 
0.5 8.5 -0.5 1 385.392 64.729 10 
0.5 8.5 4.5 1 410.889 270.23 10 
0.5 6.5 4.5 1 324.886 275.869 10 
0.5 2.5 2 1 145.489 183.086 10 
0.5 4.5 2 1 233.5 178.913 10 
0.5 4.5 4.5 1 238.663 281.862 10 
0.5 2.5 4.5 1 151.904 290.429 10 
