0 0 0 1 264.476 163.54 3.1 
0 0 6.5 1 278.505 280.523 3.1 
10 0 0 1 461.046 121.935 3.1 
10 0 6.5 1 473.491 271.721 3.1 
10 10 0 1 379.424 48.9837 3.1 
10 10 6.5 1 409.514 305.8 3.1 
0 10 0 1 119.539 137.416 3.1 
0 10 6.5 1 138.89 312.028 3.1 
0 5 10 1 226.897 367.215 3.1 
10 5 10 1 458.853 385.871 3.1 
0 6 0 1 191.615 149.619 3.1 
0 8 0 1 159.339 142.363 3.1 
0 8 5 1 171.442 264.052 3.1 
0 6 5 1 199.45 262.185 3.1 
0 2 2.5 1 246.254 210.28 3.1 
0 4 2.5 1 224.946 206.682 3.1 
0 4 5 1 231.131 260.697 3.1 
0 2 5 1 254.768 257.927 3.1 
0.5 0.5 -0.5 1 266.782 153.376 3.1 
0.5 0.5 6 1 280.064 270.645 3.1 
10.5 0.5 -0.5 1 468.387 100.92 3.1 
10.5 0.5 6 1 483.193 259.233 3.1 
10.5 10.5 -0.5 1 396.724 11.6407 3.1 
10.5 10.5 6 1 420.735 290.796 3.1 
0.5 10.5 -0.5 1 114.116 119.889 3.1 
0.5 10.5 6 1 132.286 297.227 3.1 
0.5 5.5 9.5 1 225.885 360.949 3.1 
10.5 5.5 9.5 1 469.115 378.595 3.1 
0.5 6.5 -0.5 1 192.734 138.343 3.1 
0.5 8.5 -0.5 1 157.482 126.782 3.1 
0.5 8.5 4.5 1 171.487 254.895 3.1 
0.5 6.5 4.5 1 202.17 249.044 3.1 
0.5 2.5 2 1 250.327 195.817 3.1 
0.5 4.5 2 1 225.412 198.822 3.1 
0.5 4.5 4.5 1 232.802 247.771 3.1 
0.5 2.5 4.5 1 256.533 248.952 3.1 
