0 0 0 1 374.164 204.902 18.0001 
0 0 6.5 1 369.449 372.286 18.0001 
10 0 0 1 210.273 96.1459 18.0001 
10 0 6.5 1 186.941 393.112 18.0001 
10 10 0 1 -1.95123 162.639 18.0001 
10 10 6.5 1 -33.0323 351.253 18.0001 
0 10 0 1 191.069 222.557 18.0001 
0 10 6.5 1 178.635 350.425 18.0001 
0 5 10 1 256.898 440.848 18.0001 
10 5 10 1 33.0636 504.759 18.0001 
0 6 0 1 254.173 217.961 18.0001 
0 8 0 1 219.926 221.552 18.0001 
0 8 5 1 214.488 322.567 18.0001 
0 6 5 1 245.535 322.623 18.0001 
0 2 2.5 1 323.812 265.442 18.0001 
0 4 2.5 1 287.537 267.803 18.0001 
0 4 5 1 283.276 324.421 18.0001 
0 2 5 1 323.178 328.344 18.0001 
0.5 0.5 -0.5 1 355.958 192.595 18.0001 
0.5 0.5 6 1 353.029 357.605 18.0001 
10.5 0.5 -0.5 1 180.951 70.2913 18.0001 
10.5 0.5 6 1 154.678 365.477 18.0001 
10.5 10.5 -0.5 1 -20.3046 147.791 18.0001 
10.5 10.5 6 1 -56.5672 331.062 18.0001 
0.5 10.5 -0.5 1 178.736 213.724 18.0001 
0.5 10.5 6 1 168.58 336.529 18.0001 
0.5 5.5 9.5 1 242.833 427.261 18.0001 
10.5 5.5 9.5 1 5.32307 484.592 18.0001 
0.5 6.5 -0.5 1 238.258 207.177 18.0001 
0.5 8.5 -0.5 1 210.31 209.775 18.0001 
0.5 8.5 4.5 1 198.626 309.982 18.0001 
0.5 6.5 4.5 1 231.756 314.104 18.0001 
0.5 2.5 2 1 311.715 256.349 18.0001 
0.5 4.5 2 1 272.075 257.12 18.0001 
0.5 4.5 4.5 1 265.743 313.915 18.0001 
0.5 2.5 4.5 1 308.612 313.115 18.0001 
