0 0 0 1 208.686 239.077 4.26666 
0 0 6.5 1 211.505 354.643 4.26666 
10 0 0 1 389.208 223.571 4.26666 
10 0 6.5 1 402.951 346.478 4.26666 
10 10 0 1 404.486 145.531 4.26666 
10 10 6.5 1 424.183 357.9 4.26666 
0 10 0 1 116.897 183.349 4.26666 
0 10 6.5 1 117.897 367.448 4.26666 
0 5 10 1 176.144 443.005 4.26666 
10 5 10 1 420.223 444.518 4.26666 
0 6 0 1 165.962 213.867 4.26666 
0 8 0 1 145.567 196.642 4.26666 
0 8 5 1 144.963 322.357 4.26666 
0 6 5 1 164.509 324.445 4.26666 
0 2 2.5 1 199.429 280.818 4.26666 
0 4 2.5 1 182.401 271.791 4.26666 
0 4 5 1 186.13 327.15 4.26666 
0 2 5 1 199.42 325.209 4.26666 
0.5 0.5 -0.5 1 214.053 225.711 4.26666 
0.5 0.5 6 1 215.537 344.166 4.26666 
10.5 0.5 -0.5 1 397.698 208.529 4.26666 
10.5 0.5 6 1 412.532 335.751 4.26666 
10.5 10.5 -0.5 1 420.522 121.142 4.26666 
10.5 10.5 6 1 446.163 338.745 4.26666 
0.5 10.5 -0.5 1 124.887 164.256 4.26666 
0.5 10.5 6 1 122.819 352.471 4.26666 
0.5 5.5 9.5 1 183.13 434.014 4.26666 
10.5 5.5 9.5 1 436.566 433.12 4.26666 
0.5 6.5 -0.5 1 169.086 194.024 4.26666 
0.5 8.5 -0.5 1 151.194 183.826 4.26666 
0.5 8.5 4.5 1 150.629 307.966 4.26666 
0.5 6.5 4.5 1 171.942 311.025 4.26666 
0.5 2.5 2 1 202.644 266.467 4.26666 
0.5 4.5 2 1 189.458 260.116 4.26666 
0.5 4.5 4.5 1 189.353 313.85 4.26666 
0.5 2.5 4.5 1 203.601 315.883 4.26666 
