0 0 0 1 341.825 73.4473 1.56667 
0 0 6.5 1 340.274 212.299 1.56667 
10 0 0 1 572.092 13.8757 1.56667 
10 0 6.5 1 542.317 242.661 1.56667 
10 10 0 1 260.038 -62.1337 1.56667 
10 10 6.5 1 260.142 278.85 1.56667 
0 10 0 1 129.264 50.3053 1.56667 
0 10 6.5 1 139.623 224.615 1.56667 
0 5 10 1 251.41 291.581 1.56667 
10 5 10 1 418.047 380.574 1.56667 
0 6 0 1 226.847 58.8911 1.56667 
0 8 0 1 180.505 56.2412 1.56667 
0 8 5 1 185.74 185.963 1.56667 
0 6 5 1 227.424 183.134 1.56667 
0 2 2.5 1 306.981 127.864 1.56667 
0 4 2.5 1 268.176 127.191 1.56667 
0 4 5 1 267.763 181.251 1.56667 
0 2 5 1 305.927 185.282 1.56667 
0.5 0.5 -0.5 1 343.877 61.2072 1.56667 
0.5 0.5 6 1 336.424 201.254 1.56667 
10.5 0.5 -0.5 1 578.053 -11.5341 1.56667 
10.5 0.5 6 1 548.017 231.947 1.56667 
10.5 10.5 -0.5 1 248.327 -116.024 1.56667 
10.5 10.5 6 1 248.555 267.13 1.56667 
0.5 10.5 -0.5 1 118.736 31.8755 1.56667 
0.5 10.5 6 1 126.958 213.955 1.56667 
0.5 5.5 9.5 1 245.527 285.457 1.56667 
10.5 5.5 9.5 1 420.041 377.709 1.56667 
0.5 6.5 -0.5 1 220.259 44.4438 1.56667 
0.5 8.5 -0.5 1 174.526 38.4285 1.56667 
0.5 8.5 4.5 1 179.126 172.294 1.56667 
0.5 6.5 4.5 1 223.328 174.855 1.56667 
0.5 2.5 2 1 303.779 115.268 1.56667 
0.5 4.5 2 1 265.52 111.585 1.56667 
0.5 4.5 4.5 1 265.515 169.824 1.56667 
0.5 2.5 4.5 1 300.815 171.836 1.56667 
