0 0 0 1 439.735 17.8966 13.6334 
0 0 6.5 1 412.649 271.054 13.6334 
10 0 0 1 128.808 44.1404 13.6334 
10 0 6.5 1 127.586 234.547 13.6334 
10 10 0 1 253.177 96.6778 13.6334 
10 10 6.5 1 245.912 213.842 13.6334 
0 10 0 1 452.855 87.3131 13.6334 
0 10 6.5 1 438.655 233.271 13.6334 
0 5 10 1 416.967 334.96 13.6334 
10 5 10 1 198.662 298.565 13.6334 
0 6 0 1 447.096 69.3952 13.6334 
0 8 0 1 453.228 80.9131 13.6334 
0 8 5 1 436.345 206.37 13.6334 
0 6 5 1 436.905 205.809 13.6334 
0 2 2.5 1 435.331 127.991 13.6334 
0 4 2.5 1 437.588 132.801 13.6334 
0 4 5 1 429.829 208.827 13.6334 
0 2 5 1 424.725 210.557 13.6334 
0.5 0.5 -0.5 1 420.822 5.59229 13.6334 
0.5 0.5 6 1 398.154 244.21 13.6334 
10.5 0.5 -0.5 1 126.473 34.7483 13.6334 
10.5 0.5 6 1 125.766 219.046 13.6334 
10.5 10.5 -0.5 1 245.568 86.9769 13.6334 
10.5 10.5 6 1 243.804 204.707 13.6334 
0.5 10.5 -0.5 1 443.918 81.9897 13.6334 
0.5 10.5 6 1 426.236 221.756 13.6334 
0.5 5.5 9.5 1 406.857 318.616 13.6334 
10.5 5.5 9.5 1 194.5 283.648 13.6334 
0.5 6.5 -0.5 1 438.243 61.2995 13.6334 
0.5 8.5 -0.5 1 438.208 70.0041 13.6334 
0.5 8.5 4.5 1 427.467 192.798 13.6334 
0.5 6.5 4.5 1 424.937 189.751 13.6334 
0.5 2.5 2 1 419.676 113.43 13.6334 
0.5 4.5 2 1 426.052 122.336 13.6334 
0.5 4.5 4.5 1 419.266 192.937 13.6334 
0.5 2.5 4.5 1 412.531 193.014 13.6334 
