0 0 0 1 384.316 129.099 0.133333 
0 0 6.5 1 365.715 279.271 0.133333 
10 0 0 1 523.951 21.3913 0.133333 
10 0 6.5 1 495.52 314.149 0.133333 
10 10 0 1 69.7809 -36.4002 0.133333 
10 10 6.5 1 41.9257 270.403 0.133333 
0 10 0 1 153.028 104.102 0.133333 
0 10 6.5 1 139.135 256.614 0.133333 
0 5 10 1 246.856 347.225 0.133333 
10 5 10 1 255.668 449.614 0.133333 
0 6 0 1 245.591 117.584 0.133333 
0 8 0 1 197.215 110.824 0.133333 
0 8 5 1 188.884 225.545 0.133333 
0 6 5 1 237.069 228.505 0.133333 
0 2 2.5 1 332.584 182.94 0.133333 
0 4 2.5 1 287.628 178.001 0.133333 
0 4 5 1 280.319 236.639 0.133333 
0 2 5 1 328.11 239.533 0.133333 
0.5 0.5 -0.5 1 372.75 114.51 0.133333 
0.5 0.5 6 1 359.156 265.494 0.133333 
10.5 0.5 -0.5 1 523.404 -16.8255 0.133333 
10.5 0.5 6 1 486.842 291.817 0.133333 
10.5 10.5 -0.5 1 36.1059 -79.6066 0.133333 
10.5 10.5 6 1 6.20971 246.141 0.133333 
0.5 10.5 -0.5 1 139.779 87.3029 0.133333 
0.5 10.5 6 1 126.934 244.112 0.133333 
0.5 5.5 9.5 1 237.623 337.813 0.133333 
10.5 5.5 9.5 1 235.485 434.939 0.133333 
0.5 6.5 -0.5 1 235.866 96.7233 0.133333 
0.5 8.5 -0.5 1 190.208 94.6159 0.133333 
0.5 8.5 4.5 1 179.948 209.39 0.133333 
0.5 6.5 4.5 1 224.416 215.878 0.133333 
0.5 2.5 2 1 323.982 168.806 0.133333 
0.5 4.5 2 1 277.651 163.232 0.133333 
0.5 4.5 4.5 1 269.456 225.183 0.133333 
0.5 2.5 4.5 1 319.341 224.349 0.133333 
