0 0 0 1 377.621 127.752 16.0001 
0 0 6.5 1 398.31 309.178 16.0001 
10 0 0 1 85.8631 124.027 16.0001 
10 0 6.5 1 101.414 347.155 16.0001 
10 10 0 1 94.1683 195.571 16.0001 
10 10 6.5 1 103.592 330.47 16.0001 
0 10 0 1 281.448 192.96 16.0001 
0 10 6.5 1 290.846 304.198 16.0001 
0 5 10 1 339.323 384.054 16.0001 
10 5 10 1 107.021 425.632 16.0001 
0 6 0 1 311.359 171.816 16.0001 
0 8 0 1 291.883 183.91 16.0001 
0 8 5 1 303.11 274.953 16.0001 
0 6 5 1 321.094 273.33 16.0001 
0 2 2.5 1 357.311 211.254 16.0001 
0 4 2.5 1 332.895 218.578 16.0001 
0 4 5 1 342.214 274.841 16.0001 
0 2 5 1 365.028 269.245 16.0001 
0.5 0.5 -0.5 1 356.937 122.336 16.0001 
0.5 0.5 6 1 377.675 295.46 16.0001 
10.5 0.5 -0.5 1 65.8199 115.068 16.0001 
10.5 0.5 6 1 80.9503 329.761 16.0001 
10.5 10.5 -0.5 1 84.3782 188.174 16.0001 
10.5 10.5 6 1 94.6545 319.305 16.0001 
0.5 10.5 -0.5 1 266.917 182.516 16.0001 
0.5 10.5 6 1 279.165 296.467 16.0001 
0.5 5.5 9.5 1 326.572 374.919 16.0001 
10.5 5.5 9.5 1 97.4431 411.64 16.0001 
0.5 6.5 -0.5 1 296.036 164.622 16.0001 
0.5 8.5 -0.5 1 279.284 173.765 16.0001 
0.5 8.5 4.5 1 289.145 265.316 16.0001 
0.5 6.5 4.5 1 305.151 263.809 16.0001 
0.5 2.5 2 1 337.435 197.503 16.0001 
0.5 4.5 2 1 316.745 209.135 16.0001 
0.5 4.5 4.5 1 322.96 263.588 16.0001 
0.5 2.5 4.5 1 346.598 259.243 16.0001 
