0 0 0 1 389.776 116.688 19.3334 
0 0 6.5 1 371.209 278.89 19.3334 
10 0 0 1 422.328 8.97373 19.3334 
10 0 6.5 1 386.868 338.704 19.3334 
10 10 0 1 -12.6181 11.9358 19.3334 
10 10 6.5 1 -23.0064 284.3 19.3334 
0 10 0 1 160.345 111.411 19.3334 
0 10 6.5 1 151.167 256.785 19.3334 
0 5 10 1 247.174 343.196 19.3334 
10 5 10 1 150.779 450.555 19.3334 
0 6 0 1 248.193 114.987 19.3334 
0 8 0 1 196.642 113.134 19.3334 
0 8 5 1 194.697 226.08 19.3334 
0 6 5 1 237.168 228.696 19.3334 
0 2 2.5 1 334.53 179.233 19.3334 
0 4 2.5 1 285.868 175.995 19.3334 
0 4 5 1 281.548 236.039 19.3334 
0 2 5 1 326.84 238.667 19.3334 
0.5 0.5 -0.5 1 377.325 104.655 19.3334 
0.5 0.5 6 1 359.995 269.646 19.3334 
10.5 0.5 -0.5 1 403.697 -32.9697 19.3334 
10.5 0.5 6 1 366.951 317.062 19.3334 
10.5 10.5 -0.5 1 -49.9077 -20.5643 19.3334 
10.5 10.5 6 1 -57.5828 262.879 19.3334 
0.5 10.5 -0.5 1 147.419 96.1341 19.3334 
0.5 10.5 6 1 136.474 240.237 19.3334 
0.5 5.5 9.5 1 237.797 331.812 19.3334 
10.5 5.5 9.5 1 123.694 440.12 19.3334 
0.5 6.5 -0.5 1 235.61 97.7676 19.3334 
0.5 8.5 -0.5 1 190.629 97.4865 19.3334 
0.5 8.5 4.5 1 176.725 216.588 19.3334 
0.5 6.5 4.5 1 223.856 218.83 19.3334 
0.5 2.5 2 1 321.809 164.57 19.3334 
0.5 4.5 2 1 274.3 159.263 19.3334 
0.5 4.5 4.5 1 269.503 218.735 19.3334 
0.5 2.5 4.5 1 313.266 225.339 19.3334 
