0 0 0 1 405.889 2.76742 12.6667 
0 0 6.5 1 374.932 282.807 12.6667 
10 0 0 1 152.037 77.1818 12.6667 
10 0 6.5 1 134.984 250.46 12.6667 
10 10 0 1 306.17 140.583 12.6667 
10 10 6.5 1 293.639 260.384 12.6667 
0 10 0 1 511.556 120.862 12.6667 
0 10 6.5 1 494.982 283.694 12.6667 
0 5 10 1 437.672 393.259 12.6667 
10 5 10 1 223.025 331.823 12.6667 
0 6 0 1 485.019 89.0601 12.6667 
0 8 0 1 497.74 107.122 12.6667 
0 8 5 1 483.665 246.436 12.6667 
0 6 5 1 464.338 238.827 12.6667 
0 2 2.5 1 425.581 133.932 12.6667 
0 4 2.5 1 453.594 151.16 12.6667 
0 4 5 1 448.211 234.582 12.6667 
0 2 5 1 412.473 227.181 12.6667 
0.5 0.5 -0.5 1 397.455 -0.80409 12.6667 
0.5 0.5 6 1 368.217 259.076 12.6667 
10.5 0.5 -0.5 1 155.232 70.2155 12.6667 
10.5 0.5 6 1 142.634 237.523 12.6667 
10.5 10.5 -0.5 1 304.102 134.009 12.6667 
10.5 10.5 6 1 294.953 253.326 12.6667 
0.5 10.5 -0.5 1 503.201 112.63 12.6667 
0.5 10.5 6 1 488.162 270.709 12.6667 
0.5 5.5 9.5 1 431.811 371.382 12.6667 
10.5 5.5 9.5 1 221.397 318.453 12.6667 
0.5 6.5 -0.5 1 474.935 79.8563 12.6667 
0.5 8.5 -0.5 1 486.976 95.8697 12.6667 
0.5 8.5 4.5 1 473.552 230.331 12.6667 
0.5 6.5 4.5 1 458.388 223.579 12.6667 
0.5 2.5 2 1 420.779 123.489 12.6667 
0.5 4.5 2 1 445.741 139.412 12.6667 
0.5 4.5 4.5 1 438.133 220.314 12.6667 
0.5 2.5 4.5 1 409.521 211.183 12.6667 
