0 0 0 1 -32.9652 118.52 9.43335 
0 0 6.5 1 -8.11213 385.565 9.43335 
10 0 0 1 142.858 179.191 9.43335 
10 0 6.5 1 152.771 319.899 9.43335 
10 10 0 1 364.516 146.025 9.43335 
10 10 6.5 1 380.47 303.043 9.43335 
0 10 0 1 393.914 42.0638 9.43335 
0 10 6.5 1 424.324 361.299 9.43335 
0 5 10 1 207.019 527.525 9.43335 
10 5 10 1 269.274 391.253 9.43335 
0 6 0 1 203.473 74.0588 9.43335 
0 8 0 1 295.053 62.2981 9.43335 
0 8 5 1 315.959 293.323 9.43335 
0 6 5 1 225.702 300.059 9.43335 
0 2 2.5 1 51.5606 209.39 9.43335 
0 4 2.5 1 127.409 201.063 9.43335 
0 4 5 1 142.698 310.739 9.43335 
0 2 5 1 61.2373 316.269 9.43335 
0.5 0.5 -0.5 1 -3.39672 100.366 9.43335 
0.5 0.5 6 1 20.2189 358.114 9.43335 
10.5 0.5 -0.5 1 154.861 167.928 9.43335 
10.5 0.5 6 1 168.001 306.888 9.43335 
10.5 10.5 -0.5 1 375.259 139.331 9.43335 
10.5 10.5 6 1 389.296 287.681 9.43335 
0.5 10.5 -0.5 1 408.814 28.5244 9.43335 
0.5 10.5 6 1 441.178 329.49 9.43335 
0.5 5.5 9.5 1 229.272 491.676 9.43335 
10.5 5.5 9.5 1 280.149 375.176 9.43335 
0.5 6.5 -0.5 1 230.134 60.3788 9.43335 
0.5 8.5 -0.5 1 313.762 45.7471 9.43335 
0.5 8.5 4.5 1 341.03 268.418 9.43335 
0.5 6.5 4.5 1 249.998 276.559 9.43335 
0.5 2.5 2 1 81.7062 187.113 9.43335 
0.5 4.5 2 1 157.778 178.895 9.43335 
0.5 4.5 4.5 1 168.806 284.712 9.43335 
0.5 2.5 4.5 1 92.4712 292.652 9.43335 
