0 0 0 1 385.164 118.502 15.7001 
0 0 6.5 1 404.952 305.308 15.7001 
10 0 0 1 82.5408 130.397 15.7001 
10 0 6.5 1 104.379 344.76 15.7001 
10 10 0 1 113.223 187.244 15.7001 
10 10 6.5 1 121.901 312.278 15.7001 
0 10 0 1 296.03 172.355 15.7001 
0 10 6.5 1 306.276 289.138 15.7001 
0 5 10 1 351.06 370.132 15.7001 
10 5 10 1 122.997 410.797 15.7001 
0 6 0 1 323.817 157.642 15.7001 
0 8 0 1 309.247 166.491 15.7001 
0 8 5 1 318.099 265.858 15.7001 
0 6 5 1 331.831 263.55 15.7001 
0 2 2.5 1 364.951 197.451 15.7001 
0 4 2.5 1 344.802 206.208 15.7001 
0 4 5 1 347.904 260.772 15.7001 
0 2 5 1 372.455 264.456 15.7001 
0.5 0.5 -0.5 1 361.619 110.346 15.7001 
0.5 0.5 6 1 383.434 292.406 15.7001 
10.5 0.5 -0.5 1 67.0476 121.935 15.7001 
10.5 0.5 6 1 88.4462 330.473 15.7001 
10.5 10.5 -0.5 1 103.375 180.082 15.7001 
10.5 10.5 6 1 114.705 300 15.7001 
0.5 10.5 -0.5 1 285.659 166.374 15.7001 
0.5 10.5 6 1 298.154 283.235 15.7001 
0.5 5.5 9.5 1 333.256 358.235 15.7001 
10.5 5.5 9.5 1 112.396 393.427 15.7001 
0.5 6.5 -0.5 1 308.958 151.862 15.7001 
0.5 8.5 -0.5 1 296.519 159.081 15.7001 
0.5 8.5 4.5 1 303.675 254.378 15.7001 
0.5 6.5 4.5 1 317.197 255.145 15.7001 
0.5 2.5 2 1 346.833 190.214 15.7001 
0.5 4.5 2 1 325.495 200.703 15.7001 
0.5 4.5 4.5 1 330.893 250.785 15.7001 
0.5 2.5 4.5 1 351.728 250.358 15.7001 
