0 0 0 1 -4.87568 43.578 7.49999 
0 0 6.5 1 5.82861 223.509 7.49999 
10 0 0 1 211.43 84.0016 7.49999 
10 0 6.5 1 210.715 215.437 7.49999 
10 10 0 1 388.753 57.7396 7.49999 
10 10 6.5 1 375.044 236.803 7.49999 
0 10 0 1 143.297 -33.6753 7.49999 
0 10 6.5 1 150.881 271.066 7.49999 
0 5 10 1 66.2877 348.304 7.49999 
10 5 10 1 276.778 298.063 7.49999 
0 6 0 1 65.5087 6.94366 7.49999 
0 8 0 1 100.629 -6.27498 7.49999 
0 8 5 1 107.973 200.384 7.49999 
0 6 5 1 74.7443 194.835 7.49999 
0 2 2.5 1 20.9364 116.008 7.49999 
0 4 2.5 1 43.4713 110.675 7.49999 
0 4 5 1 47.3246 190.608 7.49999 
0 2 5 1 26.4405 189.189 7.49999 
0.5 0.5 -0.5 1 15.4509 28.487 7.49999 
0.5 0.5 6 1 24.9383 211.323 7.49999 
10.5 0.5 -0.5 1 227.14 75.3861 7.49999 
10.5 0.5 6 1 223.955 203.751 7.49999 
10.5 10.5 -0.5 1 413.105 43.6204 7.49999 
10.5 10.5 6 1 394.208 223.238 7.49999 
0.5 10.5 -0.5 1 179.904 -58.5133 7.49999 
0.5 10.5 6 1 176.335 253.079 7.49999 
0.5 5.5 9.5 1 87.9287 334.416 7.49999 
10.5 5.5 9.5 1 292.352 288.395 7.49999 
0.5 6.5 -0.5 1 87.9245 -10.122 7.49999 
0.5 8.5 -0.5 1 130.116 -27.9759 7.49999 
0.5 8.5 4.5 1 134.792 181.059 7.49999 
0.5 6.5 4.5 1 97.5707 178.088 7.49999 
0.5 2.5 2 1 41.1953 96.4804 7.49999 
0.5 4.5 2 1 67.4086 94.0846 7.49999 
0.5 4.5 4.5 1 68.1664 177.393 7.49999 
0.5 2.5 4.5 1 46.9975 174.507 7.49999 
