0 0 0 1 394.316 75.643 15.3001 
0 0 6.5 1 404.119 273.238 15.3001 
10 0 0 1 78.6675 95.422 15.3001 
10 0 6.5 1 104.446 303.46 15.3001 
10 10 0 1 133.392 150.337 15.3001 
10 10 6.5 1 148.041 270.682 15.3001 
0 10 0 1 318.406 131.683 15.3001 
0 10 6.5 1 328.395 252.376 15.3001 
0 5 10 1 365.319 336.463 15.3001 
10 5 10 1 137.99 362.094 15.3001 
0 6 0 1 342.337 117.257 15.3001 
0 8 0 1 329.957 129.928 15.3001 
0 8 5 1 338.398 225.597 15.3001 
0 6 5 1 346.099 226.102 15.3001 
0 2 2.5 1 376.295 161.66 15.3001 
0 4 2.5 1 360.374 168.298 15.3001 
0 4 5 1 364.281 225.31 15.3001 
0 2 5 1 379.984 226.597 15.3001 
0.5 0.5 -0.5 1 370.358 67.1764 15.3001 
0.5 0.5 6 1 384.605 257.037 15.3001 
10.5 0.5 -0.5 1 65.978 86.3631 15.3001 
10.5 0.5 6 1 90.2772 287.217 15.3001 
10.5 10.5 -0.5 1 124.051 140.121 15.3001 
10.5 10.5 6 1 137.955 261.075 15.3001 
0.5 10.5 -0.5 1 307.67 129.059 15.3001 
0.5 10.5 6 1 318.473 243.122 15.3001 
0.5 5.5 9.5 1 350.357 322.915 15.3001 
10.5 5.5 9.5 1 129.385 353.107 15.3001 
0.5 6.5 -0.5 1 324.878 110.59 15.3001 
0.5 8.5 -0.5 1 315.457 119.152 15.3001 
0.5 8.5 4.5 1 325.95 218.805 15.3001 
0.5 6.5 4.5 1 332.216 214.968 15.3001 
0.5 2.5 2 1 356.007 149.009 15.3001 
0.5 4.5 2 1 344.959 158.732 15.3001 
0.5 4.5 4.5 1 344.36 216.73 15.3001 
0.5 2.5 4.5 1 363.932 215.568 15.3001 
