0 0 0 1 268.107 157.014 3.06667 
0 0 6.5 1 277.063 276.165 3.06667 
10 0 0 1 459.684 114.192 3.06667 
10 0 6.5 1 474.335 263.448 3.06667 
10 10 0 1 381.584 43.0735 3.06667 
10 10 6.5 1 408.791 302.249 3.06667 
0 10 0 1 119.298 130.836 3.06667 
0 10 6.5 1 137.958 305.373 3.06667 
0 5 10 1 230.256 364.202 3.06667 
10 5 10 1 457.957 378.745 3.06667 
0 6 0 1 188.881 146.598 3.06667 
0 8 0 1 157.407 139.238 3.06667 
0 8 5 1 169.147 260.456 3.06667 
0 6 5 1 203.524 256.481 3.06667 
0 2 2.5 1 249.454 201.354 3.06667 
0 4 2.5 1 226.876 201.612 3.06667 
0 4 5 1 228.177 252.993 3.06667 
0 2 5 1 255.427 251.536 3.06667 
0.5 0.5 -0.5 1 271.212 147.952 3.06667 
0.5 0.5 6 1 278.808 268.383 3.06667 
10.5 0.5 -0.5 1 469.575 94.7107 3.06667 
10.5 0.5 6 1 483.961 255.42 3.06667 
10.5 10.5 -0.5 1 393.137 3.42732 3.06667 
10.5 10.5 6 1 418.032 282.424 3.06667 
0.5 10.5 -0.5 1 115.183 108.787 3.06667 
0.5 10.5 6 1 132.724 294.654 3.06667 
0.5 5.5 9.5 1 230.49 355.981 3.06667 
10.5 5.5 9.5 1 472.454 372.508 3.06667 
0.5 6.5 -0.5 1 192.623 131.791 3.06667 
0.5 8.5 -0.5 1 156.419 124.332 3.06667 
0.5 8.5 4.5 1 169.968 248.735 3.06667 
0.5 6.5 4.5 1 203.64 244.395 3.06667 
0.5 2.5 2 1 251.351 189.67 3.06667 
0.5 4.5 2 1 225.476 190.159 3.06667 
0.5 4.5 4.5 1 233.951 242.587 3.06667 
0.5 2.5 4.5 1 258.442 243.01 3.06667 
