0 0 0 1 -62.3669 -18.8465 8.23333 
0 0 6.5 1 -32.0849 204.679 8.23333 
10 0 0 1 168.736 47.8384 8.23333 
10 0 6.5 1 178.068 187.74 8.23333 
10 10 0 1 373.705 2.58495 8.23333 
10 10 6.5 1 372.439 186.107 8.23333 
0 10 0 1 209.009 -146.632 8.23333 
0 10 6.5 1 225.575 208.134 8.23333 
0 5 10 1 84.5448 333.785 8.23333 
10 5 10 1 264.934 261.833 8.23333 
0 6 0 1 64.8908 -79.1674 8.23333 
0 8 0 1 127.797 -108.689 8.23333 
0 8 5 1 149.388 141.288 8.23333 
0 6 5 1 93.1156 144.799 8.23333 
0 2 2.5 1 -13.597 63.7883 8.23333 
0 4 2.5 1 29.6404 52.7978 8.23333 
0 4 5 1 38.945 148.703 8.23333 
0 2 5 1 -1.34803 156.048 8.23333 
0.5 0.5 -0.5 1 -40.5745 -35.3743 8.23333 
0.5 0.5 6 1 -6.86449 184.973 8.23333 
10.5 0.5 -0.5 1 180.28 39.2605 8.23333 
10.5 0.5 6 1 188.816 177.29 8.23333 
10.5 10.5 -0.5 1 392.556 -13.2289 8.23333 
10.5 10.5 6 1 386.88 171.759 8.23333 
0.5 10.5 -0.5 1 247.686 -175.507 8.23333 
0.5 10.5 6 1 258.435 184.733 8.23333 
0.5 5.5 9.5 1 109.184 311.747 8.23333 
10.5 5.5 9.5 1 278.035 249.904 8.23333 
0.5 6.5 -0.5 1 98.4277 -101.329 8.23333 
0.5 8.5 -0.5 1 164.809 -134.594 8.23333 
0.5 8.5 4.5 1 179.785 117.759 8.23333 
0.5 6.5 4.5 1 118.821 125.164 8.23333 
0.5 2.5 2 1 10.6732 45.8861 8.23333 
0.5 4.5 2 1 55.2377 31.3706 8.23333 
0.5 4.5 4.5 1 66.4596 132.268 8.23333 
0.5 2.5 4.5 1 24.4441 138.61 8.23333 
