0 0 0 1 398.164 32.6473 15.0668 
0 0 6.5 1 404.57 232.214 15.0668 
10 0 0 1 79.6855 54.834 15.0668 
10 0 6.5 1 104.999 262.303 15.0668 
10 10 0 1 146.884 114.272 15.0668 
10 10 6.5 1 160.387 239.983 15.0668 
0 10 0 1 334.742 100.678 15.0668 
0 10 6.5 1 342.137 225.564 15.0668 
0 5 10 1 366.388 307.731 15.0668 
10 5 10 1 144.708 329.547 15.0668 
0 6 0 1 353.261 82.3905 15.0668 
0 8 0 1 342.277 92.9104 15.0668 
0 8 5 1 348.863 196.263 15.0668 
0 6 5 1 359.105 193.707 15.0668 
0 2 2.5 1 382.879 126.331 15.0668 
0 4 2.5 1 366.61 133.968 15.0668 
0 4 5 1 371.112 193.261 15.0668 
0 2 5 1 383.846 193.266 15.0668 
0.5 0.5 -0.5 1 376.684 22.9964 15.0668 
0.5 0.5 6 1 385.647 224.82 15.0668 
10.5 0.5 -0.5 1 66.8227 48.4147 15.0668 
10.5 0.5 6 1 91.7485 246.068 15.0668 
10.5 10.5 -0.5 1 136.531 109.473 15.0668 
10.5 10.5 6 1 150.856 231.149 15.0668 
0.5 10.5 -0.5 1 320.973 94.2491 15.0668 
0.5 10.5 6 1 328.026 215.012 15.0668 
0.5 5.5 9.5 1 353.571 295.095 15.0668 
10.5 5.5 9.5 1 139.232 313.865 15.0668 
0.5 6.5 -0.5 1 337.292 74.9875 15.0668 
0.5 8.5 -0.5 1 333.628 83.7336 15.0668 
0.5 8.5 4.5 1 333.523 184.322 15.0668 
0.5 6.5 4.5 1 345.838 187.272 15.0668 
0.5 2.5 2 1 365.446 116.281 15.0668 
0.5 4.5 2 1 352.179 127.391 15.0668 
0.5 4.5 4.5 1 354.998 184.805 15.0668 
0.5 2.5 4.5 1 364.222 182.871 15.0668 
