0 0 0 1 387.912 133.931 18.7334 
0 0 6.5 1 370.298 294.613 18.7334 
10 0 0 1 326.164 -12.9384 18.7334 
10 0 6.5 1 295.341 304.801 18.7334 
10 10 0 1 -12.3909 38.0385 18.7334 
10 10 6.5 1 -37.6231 262.271 18.7334 
0 10 0 1 175.115 140.27 18.7334 
0 10 6.5 1 161.882 271.582 18.7334 
0 5 10 1 247.884 361.338 18.7334 
10 5 10 1 85.1951 424.285 18.7334 
0 6 0 1 250.098 137.361 18.7334 
0 8 0 1 213.027 138.297 18.7334 
0 8 5 1 199.886 242.014 18.7334 
0 6 5 1 239.452 245.472 18.7334 
0 2 2.5 1 332.158 195.527 18.7334 
0 4 2.5 1 287.912 194.536 18.7334 
0 4 5 1 278.621 251.636 18.7334 
0 2 5 1 324.806 253.847 18.7334 
0.5 0.5 -0.5 1 372.155 121.829 18.7334 
0.5 0.5 6 1 360.161 283.299 18.7334 
10.5 0.5 -0.5 1 300.322 -50.1503 18.7334 
10.5 0.5 6 1 265.98 277.569 18.7334 
10.5 10.5 -0.5 1 -40.645 13.0088 18.7334 
10.5 10.5 6 1 -67.5548 243.139 18.7334 
0.5 10.5 -0.5 1 160.228 127.356 18.7334 
0.5 10.5 6 1 147.504 261.131 18.7334 
0.5 5.5 9.5 1 237.336 348.377 18.7334 
10.5 5.5 9.5 1 55.7668 403.245 18.7334 
0.5 6.5 -0.5 1 238.397 125.103 18.7334 
0.5 8.5 -0.5 1 197.687 125.548 18.7334 
0.5 8.5 4.5 1 188.579 229.258 18.7334 
0.5 6.5 4.5 1 224.367 233.365 18.7334 
0.5 2.5 2 1 317.246 177.912 18.7334 
0.5 4.5 2 1 273.587 178.956 18.7334 
0.5 4.5 4.5 1 267.698 238.498 18.7334 
0.5 2.5 4.5 1 311.03 240.862 18.7334 
