0 0 0 1 388.435 103.537 19.5667 
0 0 6.5 1 371.9 260.396 19.5667 
10 0 0 1 463.741 -2.20539 19.5667 
10 0 6.5 1 421.522 323.64 19.5667 
10 10 0 1 -8.65459 -7.0322 19.5667 
10 10 6.5 1 -6.17571 277.848 19.5667 
0 10 0 1 155.827 93.2575 19.5667 
0 10 6.5 1 147.175 241.386 19.5667 
0 5 10 1 248.187 327.056 19.5667 
10 5 10 1 183.688 444.197 19.5667 
0 6 0 1 244.21 96.9649 19.5667 
0 8 0 1 199.672 95.4237 19.5667 
0 8 5 1 191.908 209.631 19.5667 
0 6 5 1 238.711 217.495 19.5667 
0 2 2.5 1 334.839 162.026 19.5667 
0 4 2.5 1 286.64 159.877 19.5667 
0 4 5 1 281.539 217.723 19.5667 
0 2 5 1 328.119 220.19 19.5667 
0.5 0.5 -0.5 1 380.36 86.196 19.5667 
0.5 0.5 6 1 362.852 251.811 19.5667 
10.5 0.5 -0.5 1 448.917 -42.9133 19.5667 
10.5 0.5 6 1 405.769 304.099 19.5667 
10.5 10.5 -0.5 1 -45.8619 -44.907 19.5667 
10.5 10.5 6 1 -44.472 260.258 19.5667 
0.5 10.5 -0.5 1 139.599 75.365 19.5667 
0.5 10.5 6 1 133.346 227.16 19.5667 
0.5 5.5 9.5 1 238.462 318 19.5667 
10.5 5.5 9.5 1 157.858 430.129 19.5667 
0.5 6.5 -0.5 1 232.909 81.8423 19.5667 
0.5 8.5 -0.5 1 183.016 77.9624 19.5667 
0.5 8.5 4.5 1 179.95 196.176 19.5667 
0.5 6.5 4.5 1 225.612 203.227 19.5667 
0.5 2.5 2 1 323.1 149.018 19.5667 
0.5 4.5 2 1 273.148 145.884 19.5667 
0.5 4.5 4.5 1 269.078 205.59 19.5667 
0.5 2.5 4.5 1 319.933 210.389 19.5667 
