0 0 0 1 117.772 200.314 5.8 
0 0 6.5 1 103 326.635 5.8 
10 0 0 1 299.25 225.022 5.8 
10 0 6.5 1 294.268 339.202 5.8 
10 10 0 1 397.139 183.941 5.8 
10 10 6.5 1 387.861 367.117 5.8 
0 10 0 1 109.985 135.312 5.8 
0 10 6.5 1 82.8772 352.155 5.8 
0 5 10 1 83.5381 428.514 5.8 
10 5 10 1 322.088 432.439 5.8 
0 6 0 1 114.755 171.218 5.8 
0 8 0 1 108.798 154.182 5.8 
0 8 5 1 95.4107 298.67 5.8 
0 6 5 1 97.3888 298.783 5.8 
0 2 2.5 1 111.534 242.815 5.8 
0 4 2.5 1 106.903 239.814 5.8 
0 4 5 1 102.794 293.925 5.8 
0 2 5 1 107.765 295.97 5.8 
0.5 0.5 -0.5 1 130.329 188.817 5.8 
0.5 0.5 6 1 112.144 314.945 5.8 
10.5 0.5 -0.5 1 312.751 215.866 5.8 
10.5 0.5 6 1 304.966 330.147 5.8 
10.5 10.5 -0.5 1 421.456 171.719 5.8 
10.5 10.5 6 1 407.624 359.191 5.8 
0.5 10.5 -0.5 1 126.742 117.763 5.8 
0.5 10.5 6 1 101.25 339.965 5.8 
0.5 5.5 9.5 1 100.747 415.172 5.8 
10.5 5.5 9.5 1 339.35 423.682 5.8 
0.5 6.5 -0.5 1 128.894 154.208 5.8 
0.5 8.5 -0.5 1 128.062 139.739 5.8 
0.5 8.5 4.5 1 109.698 284.163 5.8 
0.5 6.5 4.5 1 112.791 286.065 5.8 
0.5 2.5 2 1 123.549 232.023 5.8 
0.5 4.5 2 1 122.34 229.496 5.8 
0.5 4.5 4.5 1 115.644 288.842 5.8 
0.5 2.5 4.5 1 114.925 287.363 5.8 
