0 0 0 1 265.516 151.745 3.03333 
0 0 6.5 1 278.432 271.269 3.03333 
10 0 0 1 461.443 106.358 3.03333 
10 0 6.5 1 475.824 260.742 3.03333 
10 10 0 1 376.356 29.2618 3.03333 
10 10 6.5 1 403.963 295.524 3.03333 
0 10 0 1 118.019 124.757 3.03333 
0 10 6.5 1 135.62 298.433 3.03333 
0 5 10 1 229.139 357.367 3.03333 
10 5 10 1 458.662 376.777 3.03333 
0 6 0 1 192.724 138.434 3.03333 
0 8 0 1 159.585 132.018 3.03333 
0 8 5 1 170.644 255.84 3.03333 
0 6 5 1 206.066 249.648 3.03333 
0 2 2.5 1 249.171 197.795 3.03333 
0 4 2.5 1 227.123 196.584 3.03333 
0 4 5 1 231.886 247.849 3.03333 
0 2 5 1 254.743 244.292 3.03333 
0.5 0.5 -0.5 1 269.165 140.688 3.03333 
0.5 0.5 6 1 279.167 258.018 3.03333 
10.5 0.5 -0.5 1 473.34 92.4532 3.03333 
10.5 0.5 6 1 486.368 246.921 3.03333 
10.5 10.5 -0.5 1 389.525 -4.70768 3.03333 
10.5 10.5 6 1 416.506 276.532 3.03333 
0.5 10.5 -0.5 1 115.99 107.274 3.03333 
0.5 10.5 6 1 132.117 287.615 3.03333 
0.5 5.5 9.5 1 227.676 348.942 3.03333 
10.5 5.5 9.5 1 470.587 366.553 3.03333 
0.5 6.5 -0.5 1 190.4 123.721 3.03333 
0.5 8.5 -0.5 1 157.299 114.308 3.03333 
0.5 8.5 4.5 1 168.942 243.491 3.03333 
0.5 6.5 4.5 1 203.549 242.845 3.03333 
0.5 2.5 2 1 253.008 188.325 3.03333 
0.5 4.5 2 1 227.427 184.992 3.03333 
0.5 4.5 4.5 1 232.592 234.67 3.03333 
0.5 2.5 4.5 1 259.659 237.366 3.03333 
