0 0 0 1 107.085 162.253 6 
0 0 6.5 1 92.6475 293.139 6 
10 0 0 1 291.149 195.718 6 
10 0 6.5 1 282.093 311.367 6 
10 10 0 1 400.386 156.101 6 
10 10 6.5 1 384.363 336.378 6 
0 10 0 1 112.802 95.3718 6 
0 10 6.5 1 86.994 317.159 6 
0 5 10 1 79.8336 393.748 6 
10 5 10 1 316.743 396.732 6 
0 6 0 1 110.43 134.246 6 
0 8 0 1 109.22 116.572 6 
0 8 5 1 94.1682 265.104 6 
0 6 5 1 95.4457 264.405 6 
0 2 2.5 1 103.912 207.733 6 
0 4 2.5 1 103.585 206.73 6 
0 4 5 1 95.3836 265.168 6 
0 2 5 1 94.3871 265.886 6 
0.5 0.5 -0.5 1 120.605 155.203 6 
0.5 0.5 6 1 106.365 287.041 6 
10.5 0.5 -0.5 1 302.085 185.557 6 
10.5 0.5 6 1 294.908 301.523 6 
10.5 10.5 -0.5 1 422.125 141.164 6 
10.5 10.5 6 1 404.958 324.225 6 
0.5 10.5 -0.5 1 132.55 76.0741 6 
0.5 10.5 6 1 109.061 298.695 6 
0.5 5.5 9.5 1 95.1526 382.234 6 
10.5 5.5 9.5 1 330.018 391.487 6 
0.5 6.5 -0.5 1 128.072 117.684 6 
0.5 8.5 -0.5 1 130.366 97.4203 6 
0.5 8.5 4.5 1 111.984 248.355 6 
0.5 6.5 4.5 1 107.104 251.307 6 
0.5 2.5 2 1 116.748 200.676 6 
0.5 4.5 2 1 115.819 192.439 6 
0.5 4.5 4.5 1 108.765 253.316 6 
0.5 2.5 4.5 1 107.938 255.859 6 
