0 0 0 1 378.171 22.2457 12.3667 
0 0 6.5 1 351.421 306.303 12.3667 
10 0 0 1 154.563 110.046 12.3667 
10 0 6.5 1 133.756 276.165 12.3667 
10 10 0 1 318.418 166.931 12.3667 
10 10 6.5 1 304.2 287.7 12.3667 
0 10 0 1 521.939 139.773 12.3667 
0 10 6.5 1 513.798 313.085 12.3667 
0 5 10 1 441.041 429.045 12.3667 
10 5 10 1 225.301 363.954 12.3667 
0 6 0 1 480.56 103.976 12.3667 
0 8 0 1 502.668 124.357 12.3667 
0 8 5 1 492.431 269.014 12.3667 
0 6 5 1 467.977 263.393 12.3667 
0 2 2.5 1 410.414 152.43 12.3667 
0 4 2.5 1 445.723 172.01 12.3667 
0 4 5 1 436.375 258.321 12.3667 
0 2 5 1 399.981 251.397 12.3667 
0.5 0.5 -0.5 1 371.699 19.4138 12.3667 
0.5 0.5 6 1 344.766 284.175 12.3667 
10.5 0.5 -0.5 1 158.129 103.913 12.3667 
10.5 0.5 6 1 139.976 261.437 12.3667 
10.5 10.5 -0.5 1 318.365 159.167 12.3667 
10.5 10.5 6 1 306.005 277.7 12.3667 
0.5 10.5 -0.5 1 514.176 131.535 12.3667 
0.5 10.5 6 1 502.246 297.374 12.3667 
0.5 5.5 9.5 1 432.266 405.688 12.3667 
10.5 5.5 9.5 1 232.167 346.004 12.3667 
0.5 6.5 -0.5 1 472.794 98.2528 12.3667 
0.5 8.5 -0.5 1 494.517 117.669 12.3667 
0.5 8.5 4.5 1 485.401 254.969 12.3667 
0.5 6.5 4.5 1 458.879 251.01 12.3667 
0.5 2.5 2 1 404.406 139.649 12.3667 
0.5 4.5 2 1 438.415 158.584 12.3667 
0.5 4.5 4.5 1 431.28 241.959 12.3667 
0.5 2.5 4.5 1 394.486 234.906 12.3667 
