0 0 0 1 351.846 77.4433 1.4 
0 0 6.5 1 345.453 214.705 1.4 
10 0 0 1 573.673 15.7717 1.4 
10 0 6.5 1 541.905 252.446 1.4 
10 10 0 1 238.423 -65.2255 1.4 
10 10 6.5 1 233.909 282.409 1.4 
0 10 0 1 130.148 49.7668 1.4 
0 10 6.5 1 139.768 225.119 1.4 
0 5 10 1 251.922 294.769 1.4 
10 5 10 1 405.562 389.711 1.4 
0 6 0 1 233.962 61.4791 1.4 
0 8 0 1 183.578 56.7036 1.4 
0 8 5 1 188.391 184.12 1.4 
0 6 5 1 233.233 183.761 1.4 
0 2 2.5 1 314.801 129.099 1.4 
0 4 2.5 1 272.192 128.537 1.4 
0 4 5 1 274.828 185.038 1.4 
0 2 5 1 311.215 183.652 1.4 
0.5 0.5 -0.5 1 348.75 61.2159 1.4 
0.5 0.5 6 1 345.737 204.56 1.4 
10.5 0.5 -0.5 1 586.715 -12.3588 1.4 
10.5 0.5 6 1 551.62 237.089 1.4 
10.5 10.5 -0.5 1 220.637 -119.218 1.4 
10.5 10.5 6 1 217.076 264.587 1.4 
0.5 10.5 -0.5 1 119.701 28.7184 1.4 
0.5 10.5 6 1 130.113 211.856 1.4 
0.5 5.5 9.5 1 244.469 288.172 1.4 
10.5 5.5 9.5 1 405.819 384.955 1.4 
0.5 6.5 -0.5 1 225.941 42.9398 1.4 
0.5 8.5 -0.5 1 176.794 36.5895 1.4 
0.5 8.5 4.5 1 177.666 172.541 1.4 
0.5 6.5 4.5 1 225.866 174.181 1.4 
0.5 2.5 2 1 310.926 117.057 1.4 
0.5 4.5 2 1 268.73 115.283 1.4 
0.5 4.5 4.5 1 269.157 174.024 1.4 
0.5 2.5 4.5 1 308.357 172.884 1.4 
