0 0 0 1 370.589 236.603 17.6667 
0 0 6.5 1 373.861 410.846 17.6667 
10 0 0 1 170.456 157.33 17.6667 
10 0 6.5 1 148.597 448.348 17.6667 
10 10 0 1 4.13139 219.251 17.6667 
10 10 6.5 1 -19.5871 399.286 17.6667 
0 10 0 1 201.776 260.593 17.6667 
0 10 6.5 1 195.187 385.439 17.6667 
0 5 10 1 268.093 480.852 17.6667 
10 5 10 1 28.4093 555.264 17.6667 
0 6 0 1 257.626 255.012 17.6667 
0 8 0 1 229.467 255.402 17.6667 
0 8 5 1 223.373 359.967 17.6667 
0 6 5 1 253.523 357.494 17.6667 
0 2 2.5 1 327.175 303.154 17.6667 
0 4 2.5 1 289.72 302.756 17.6667 
0 4 5 1 284.828 361.521 17.6667 
0 2 5 1 327.996 363.963 17.6667 
0.5 0.5 -0.5 1 356.01 223.88 17.6667 
0.5 0.5 6 1 357.234 394.097 17.6667 
10.5 0.5 -0.5 1 142.667 133.957 17.6667 
10.5 0.5 6 1 116.854 424.008 17.6667 
10.5 10.5 -0.5 1 -12.4117 205.216 17.6667 
10.5 10.5 6 1 -39.3207 382.775 17.6667 
0.5 10.5 -0.5 1 190.851 250.884 17.6667 
0.5 10.5 6 1 182.554 374.645 17.6667 
0.5 5.5 9.5 1 254.336 468.468 17.6667 
10.5 5.5 9.5 1 1.00546 535.488 17.6667 
0.5 6.5 -0.5 1 247.052 243.915 17.6667 
0.5 8.5 -0.5 1 216.069 245.681 17.6667 
0.5 8.5 4.5 1 208.697 345.277 17.6667 
0.5 6.5 4.5 1 239.191 346.528 17.6667 
0.5 2.5 2 1 313.641 290.983 17.6667 
0.5 4.5 2 1 273.873 290.31 17.6667 
0.5 4.5 4.5 1 271.13 350.922 17.6667 
0.5 2.5 4.5 1 308.792 349.301 17.6667 
