0 0 0 1 371.941 66.069 0.933334 
0 0 6.5 1 358.595 212.265 0.933334 
10 0 0 1 588.807 -17.9573 0.933334 
10 0 6.5 1 545.178 243.146 0.933334 
10 10 0 1 170.685 -120.326 0.933334 
10 10 6.5 1 160.691 238.392 0.933334 
0 10 0 1 141.412 34.4244 0.933334 
0 10 6.5 1 141.076 205.154 0.933334 
0 5 10 1 250.288 287.498 0.933334 
10 5 10 1 362.605 384.629 0.933334 
0 6 0 1 244.304 49.5352 0.933334 
0 8 0 1 196.496 43.3049 0.933334 
0 8 5 1 190.493 171.43 0.933334 
0 6 5 1 236.878 173.775 0.933334 
0 2 2.5 1 326.199 121.738 0.933334 
0 4 2.5 1 285.964 117.63 0.933334 
0 4 5 1 282.477 176.819 0.933334 
0 2 5 1 323.908 178.918 0.933334 
0.5 0.5 -0.5 1 369.745 49.7807 0.933334 
0.5 0.5 6 1 355.821 201.838 0.933334 
10.5 0.5 -0.5 1 596.678 -55.5745 0.933334 
10.5 0.5 6 1 550.71 230.022 0.933334 
10.5 10.5 -0.5 1 144.808 -180.072 0.933334 
10.5 10.5 6 1 135.843 213.664 0.933334 
0.5 10.5 -0.5 1 130.816 16.4021 0.933334 
0.5 10.5 6 1 130.389 190.898 0.933334 
0.5 5.5 9.5 1 244.48 280.94 0.933334 
10.5 5.5 9.5 1 358.63 373.857 0.933334 
0.5 6.5 -0.5 1 233.235 30.9724 0.933334 
0.5 8.5 -0.5 1 185.335 24.8347 0.933334 
0.5 8.5 4.5 1 181.76 159.274 0.933334 
0.5 6.5 4.5 1 228.299 158.72 0.933334 
0.5 2.5 2 1 323.237 108.183 0.933334 
0.5 4.5 2 1 275.278 103.302 0.933334 
0.5 4.5 4.5 1 274.233 163.877 0.933334 
0.5 2.5 4.5 1 316.931 168.901 0.933334 
