0 0 0 1 251.532 218.299 3.53333 
0 0 6.5 1 258.44 333.212 3.53333 
10 0 0 1 436.607 185.762 3.53333 
10 0 6.5 1 452.633 323.917 3.53333 
10 10 0 1 401.788 130.702 3.53333 
10 10 6.5 1 427.448 368.341 3.53333 
0 10 0 1 121.869 190.929 3.53333 
0 10 6.5 1 136.257 370.27 3.53333 
0 5 10 1 216.75 424.215 3.53333 
10 5 10 1 453.526 441.314 3.53333 
0 6 0 1 187.68 205.293 3.53333 
0 8 0 1 152.557 199.389 3.53333 
0 8 5 1 168.167 324.099 3.53333 
0 6 5 1 192.975 319.362 3.53333 
0 2 2.5 1 233.201 265.038 3.53333 
0 4 2.5 1 210.224 263.135 3.53333 
0 4 5 1 221.266 311.849 3.53333 
0 2 5 1 240.808 313.285 3.53333 
0.5 0.5 -0.5 1 255.246 207.175 3.53333 
0.5 0.5 6 1 263.398 325.753 3.53333 
10.5 0.5 -0.5 1 448.741 172.234 3.53333 
10.5 0.5 6 1 463.542 314.941 3.53333 
10.5 10.5 -0.5 1 416.283 102.039 3.53333 
10.5 10.5 6 1 445.852 351.523 3.53333 
0.5 10.5 -0.5 1 120.964 171.579 3.53333 
0.5 10.5 6 1 135.223 359.025 3.53333 
0.5 5.5 9.5 1 219.81 417.262 3.53333 
10.5 5.5 9.5 1 467.978 432.016 3.53333 
0.5 6.5 -0.5 1 188.26 191.856 3.53333 
0.5 8.5 -0.5 1 156.946 184.191 3.53333 
0.5 8.5 4.5 1 167.637 311.417 3.53333 
0.5 6.5 4.5 1 196.703 308.155 3.53333 
0.5 2.5 2 1 234.629 251.74 3.53333 
0.5 4.5 2 1 217.523 248.89 3.53333 
0.5 4.5 4.5 1 222.345 303.426 3.53333 
0.5 2.5 4.5 1 242.29 300.049 3.53333 
