0 0 0 1 38.9036 92.9673 10.1 
0 0 6.5 1 46.3009 382.332 10.1 
10 0 0 1 140.188 199.266 10.1 
10 0 6.5 1 144.732 347.858 10.1 
10 10 0 1 362.284 183.749 10.1 
10 10 6.5 1 378.717 329.828 10.1 
0 10 0 1 467.702 64.9364 10.1 
0 10 6.5 1 508.144 345.852 10.1 
0 5 10 1 295.905 541.925 10.1 
10 5 10 1 269.93 424.029 10.1 
0 6 0 1 299.019 75.9399 10.1 
0 8 0 1 383.126 70.7926 10.1 
0 8 5 1 411.526 284.746 10.1 
0 6 5 1 321.964 292.399 10.1 
0 2 2.5 1 132.613 194.732 10.1 
0 4 2.5 1 219.364 188.604 10.1 
0 4 5 1 229.192 299.66 10.1 
0 2 5 1 136.907 307.546 10.1 
0.5 0.5 -0.5 1 69.2273 82.8138 10.1 
0.5 0.5 6 1 76.6045 358.511 10.1 
10.5 0.5 -0.5 1 152.951 191.408 10.1 
10.5 0.5 6 1 162.505 336.501 10.1 
10.5 10.5 -0.5 1 368.323 177.317 10.1 
10.5 10.5 6 1 385.085 318.988 10.1 
0.5 10.5 -0.5 1 478.911 58.7994 10.1 
0.5 10.5 6 1 514.287 321.856 10.1 
0.5 5.5 9.5 1 313.882 503.06 10.1 
10.5 5.5 9.5 1 279.584 410.332 10.1 
0.5 6.5 -0.5 1 315.584 64.219 10.1 
0.5 8.5 -0.5 1 397.196 59.6627 10.1 
0.5 8.5 4.5 1 420.207 263.004 10.1 
0.5 6.5 4.5 1 337.103 271.311 10.1 
0.5 2.5 2 1 156.141 177.411 10.1 
0.5 4.5 2 1 242.202 169.792 10.1 
0.5 4.5 4.5 1 252.026 276.966 10.1 
0.5 2.5 4.5 1 163.604 283.925 10.1 
