0 0 0 1 421.422 11.1731 12.8667 
0 0 6.5 1 389.629 281.674 12.8667 
10 0 0 1 151.809 70.0189 12.8667 
10 0 6.5 1 134.907 245.16 12.8667 
10 10 0 1 294.926 131.909 12.8667 
10 10 6.5 1 283.66 248.772 12.8667 
0 10 0 1 503.712 118.941 12.8667 
0 10 6.5 1 486.136 273.793 12.8667 
0 5 10 1 436.93 383.163 12.8667 
10 5 10 1 218.026 323.186 12.8667 
0 6 0 1 478.552 85.1064 12.8667 
0 8 0 1 492.251 107.37 12.8667 
0 8 5 1 476.481 234.973 12.8667 
0 6 5 1 462.834 234.825 12.8667 
0 2 2.5 1 434.212 136.543 12.8667 
0 4 2.5 1 455.94 152.549 12.8667 
0 4 5 1 447.423 231.794 12.8667 
0 2 5 1 423.881 228.358 12.8667 
0.5 0.5 -0.5 1 406.447 1.62746 12.8667 
0.5 0.5 6 1 378.171 260.349 12.8667 
10.5 0.5 -0.5 1 153.922 62.36 12.8667 
10.5 0.5 6 1 138.746 231.836 12.8667 
10.5 10.5 -0.5 1 298.741 124.598 12.8667 
10.5 10.5 6 1 283.311 240.726 12.8667 
0.5 10.5 -0.5 1 495.507 108.074 12.8667 
0.5 10.5 6 1 475.281 262.385 12.8667 
0.5 5.5 9.5 1 429.203 363.945 12.8667 
10.5 5.5 9.5 1 218.289 309.425 12.8667 
0.5 6.5 -0.5 1 469.409 76.0876 12.8667 
0.5 8.5 -0.5 1 484.857 95.1266 12.8667 
0.5 8.5 4.5 1 468.134 224.148 12.8667 
0.5 6.5 4.5 1 454.09 217.379 12.8667 
0.5 2.5 2 1 426.589 122.442 12.8667 
0.5 4.5 2 1 442.876 137.08 12.8667 
0.5 4.5 4.5 1 434.23 215.811 12.8667 
0.5 2.5 4.5 1 411.067 210.324 12.8667 
