0 0 0 1 -34.8039 113.846 9.40001 
0 0 6.5 1 -6.75948 380.726 9.40001 
10 0 0 1 142.368 175.025 9.40001 
10 0 6.5 1 153.587 314.924 9.40001 
10 10 0 1 364.851 144.21 9.40001 
10 10 6.5 1 380.215 301.36 9.40001 
0 10 0 1 387.392 38.1406 9.40001 
0 10 6.5 1 417.004 356.694 9.40001 
0 5 10 1 197.615 522.457 9.40001 
10 5 10 1 270.38 385.038 9.40001 
0 6 0 1 200.274 71.9083 9.40001 
0 8 0 1 292.113 53.8806 9.40001 
0 8 5 1 312.71 289.142 9.40001 
0 6 5 1 220.65 297.952 9.40001 
0 2 2.5 1 49.4791 205.459 9.40001 
0 4 2.5 1 124.864 194.817 9.40001 
0 4 5 1 136.265 306.788 9.40001 
0 2 5 1 60.2599 310.608 9.40001 
0.5 0.5 -0.5 1 -6.90429 97.6043 9.40001 
0.5 0.5 6 1 24.5662 352.782 9.40001 
10.5 0.5 -0.5 1 154.784 164.553 9.40001 
10.5 0.5 6 1 166.982 303.464 9.40001 
10.5 10.5 -0.5 1 374.865 132.698 9.40001 
10.5 10.5 6 1 389.482 285.232 9.40001 
0.5 10.5 -0.5 1 407.27 21.752 9.40001 
0.5 10.5 6 1 438.298 326.466 9.40001 
0.5 5.5 9.5 1 224.221 489.406 9.40001 
10.5 5.5 9.5 1 280.662 370.953 9.40001 
0.5 6.5 -0.5 1 225.594 52.013 9.40001 
0.5 8.5 -0.5 1 311.438 38.6256 9.40001 
0.5 8.5 4.5 1 333.222 262.278 9.40001 
0.5 6.5 4.5 1 243.956 271.096 9.40001 
0.5 2.5 2 1 74.7387 186.214 9.40001 
0.5 4.5 2 1 153.954 175.605 9.40001 
0.5 4.5 4.5 1 163.36 278.971 9.40001 
0.5 2.5 4.5 1 87.5728 286.611 9.40001 
