0 0 0 1 177.573 115.399 11 
0 0 6.5 1 165.472 424.866 11 
10 0 0 1 142.039 223.386 11 
10 0 6.5 1 133.356 386.325 11 
10 10 0 1 352.693 241.875 11 
10 10 6.5 1 357.297 381.72 11 
0 10 0 1 529.038 166.423 11 
0 10 6.5 1 559.263 407.646 11 
0 5 10 1 401.888 591.992 11 
10 5 10 1 253.058 472.112 11 
0 6 0 1 411.482 150.301 11 
0 8 0 1 475.085 155.327 11 
0 8 5 1 493.936 348.47 11 
0 6 5 1 424.416 347.426 11 
0 2 2.5 1 264.037 228.28 11 
0 4 2.5 1 345.135 236.043 11 
0 4 5 1 349.816 347.046 11 
0 2 5 1 266.87 343.55 11 
0.5 0.5 -0.5 1 196.962 111.014 11 
0.5 0.5 6 1 186.101 400.736 11 
10.5 0.5 -0.5 1 153.55 216.471 11 
10.5 0.5 6 1 145.293 371.401 11 
10.5 10.5 -0.5 1 352.185 236.125 11 
10.5 10.5 6 1 360.99 367.511 11 
0.5 10.5 -0.5 1 527.438 161.767 11 
0.5 10.5 6 1 553.528 385.343 11 
0.5 5.5 9.5 1 403.966 551.335 11 
10.5 5.5 9.5 1 262.536 456.862 11 
0.5 6.5 -0.5 1 410.627 141.742 11 
0.5 8.5 -0.5 1 473.194 150.627 11 
0.5 8.5 4.5 1 489.654 329.269 11 
0.5 6.5 4.5 1 428.347 327.294 11 
0.5 2.5 2 1 274.798 216.821 11 
0.5 4.5 2 1 352.503 225.707 11 
0.5 4.5 4.5 1 356.185 326.847 11 
0.5 2.5 4.5 1 277.753 323.45 11 
