0 0 0 1 183.476 242.723 4.7 
0 0 6.5 1 185.846 361.285 4.7 
10 0 0 1 363.562 239.701 4.7 
10 0 6.5 1 371.773 361.244 4.7 
10 10 0 1 404.176 170.271 4.7 
10 10 6.5 1 418.178 369.667 4.7 
0 10 0 1 115.617 179.069 4.7 
0 10 6.5 1 104.14 368.48 4.7 
0 5 10 1 148.533 451.406 4.7 
10 5 10 1 391.791 452.837 4.7 
0 6 0 1 150.722 213.144 4.7 
0 8 0 1 137.453 196.584 4.7 
0 8 5 1 125.425 327.543 4.7 
0 6 5 1 146.345 330.698 4.7 
0 2 2.5 1 175.261 283.976 4.7 
0 4 2.5 1 160.101 273.77 4.7 
0 4 5 1 161.269 328.514 4.7 
0 2 5 1 170.238 331.418 4.7 
0.5 0.5 -0.5 1 190.248 232.777 4.7 
0.5 0.5 6 1 185.188 350.827 4.7 
10.5 0.5 -0.5 1 373.432 228.031 4.7 
10.5 0.5 6 1 380.042 347.556 4.7 
10.5 10.5 -0.5 1 423.3 148.551 4.7 
10.5 10.5 6 1 437.92 352.351 4.7 
0.5 10.5 -0.5 1 125.672 159.856 4.7 
0.5 10.5 6 1 112.697 352.45 4.7 
0.5 5.5 9.5 1 156.243 438.558 4.7 
10.5 5.5 9.5 1 409.482 443.677 4.7 
0.5 6.5 -0.5 1 158.123 196.329 4.7 
0.5 8.5 -0.5 1 142.31 182.449 4.7 
0.5 8.5 4.5 1 137.307 311.699 4.7 
0.5 6.5 4.5 1 153.112 315.087 4.7 
0.5 2.5 2 1 181.631 271.704 4.7 
0.5 4.5 2 1 169.35 263.205 4.7 
0.5 4.5 4.5 1 167.698 317.196 4.7 
0.5 2.5 4.5 1 177.406 322.641 4.7 
