0 0 0 1 382.219 88.8683 0.433333 
0 0 6.5 1 366.712 237.908 0.433333 
10 0 0 1 561.998 -23.7869 0.433333 
10 0 6.5 1 523.808 261.678 0.433333 
10 10 0 1 106.064 -106.292 0.433333 
10 10 6.5 1 87.2307 222.262 0.433333 
0 10 0 1 152.32 58.0883 0.433333 
0 10 6.5 1 142.046 219.558 0.433333 
0 5 10 1 252.516 307.211 0.433333 
10 5 10 1 302.982 395.924 0.433333 
0 6 0 1 248.972 72.4395 0.433333 
0 8 0 1 201.768 65.2228 0.433333 
0 8 5 1 192.449 189.021 0.433333 
0 6 5 1 240.069 191.321 0.433333 
0 2 2.5 1 334.273 142.217 0.433333 
0 4 2.5 1 290.412 137.132 0.433333 
0 4 5 1 283.523 195.136 0.433333 
0 2 5 1 330.163 196.994 0.433333 
0.5 0.5 -0.5 1 376.833 73.8516 0.433333 
0.5 0.5 6 1 364.292 226.574 0.433333 
10.5 0.5 -0.5 1 562.33 -66.5976 0.433333 
10.5 0.5 6 1 523.401 238.335 0.433333 
10.5 10.5 -0.5 1 74.5227 -161.859 0.433333 
10.5 10.5 6 1 51.991 198.45 0.433333 
0.5 10.5 -0.5 1 140.154 41.9353 0.433333 
0.5 10.5 6 1 128.479 206.272 0.433333 
0.5 5.5 9.5 1 241.456 294.717 0.433333 
10.5 5.5 9.5 1 286.858 382.252 0.433333 
0.5 6.5 -0.5 1 237.804 53.7143 0.433333 
0.5 8.5 -0.5 1 190.369 47.3196 0.433333 
0.5 8.5 4.5 1 179.814 170.049 0.433333 
0.5 6.5 4.5 1 230.443 175.543 0.433333 
0.5 2.5 2 1 327.315 125.892 0.433333 
0.5 4.5 2 1 278.986 121.487 0.433333 
0.5 4.5 4.5 1 275.371 181.873 0.433333 
0.5 2.5 4.5 1 320.631 189.16 0.433333 
