0 0 0 1 262.989 171.222 3.13333 
0 0 6.5 1 276.57 284.333 3.13333 
10 0 0 1 460.983 129.484 3.13333 
10 0 6.5 1 471.54 276.203 3.13333 
10 10 0 1 385 59.3103 3.13333 
10 10 6.5 1 409.455 313.628 3.13333 
0 10 0 1 122.853 143.39 3.13333 
0 10 6.5 1 136.93 316.66 3.13333 
0 5 10 1 227.453 372.668 3.13333 
10 5 10 1 458.425 391.184 3.13333 
0 6 0 1 191.935 156.49 3.13333 
0 8 0 1 159.02 150.825 3.13333 
0 8 5 1 169.605 273.744 3.13333 
0 6 5 1 204.182 266.277 3.13333 
0 2 2.5 1 247.947 214.251 3.13333 
0 4 2.5 1 221.787 213.179 3.13333 
0 4 5 1 227.41 263.547 3.13333 
0 2 5 1 252.689 263.994 3.13333 
0.5 0.5 -0.5 1 266.624 158.945 3.13333 
0.5 0.5 6 1 275.34 276.753 3.13333 
10.5 0.5 -0.5 1 466.985 107.135 3.13333 
10.5 0.5 6 1 483.307 263.448 3.13333 
10.5 10.5 -0.5 1 395.926 22.3257 3.13333 
10.5 10.5 6 1 422.226 296.238 3.13333 
0.5 10.5 -0.5 1 116.512 123.994 3.13333 
0.5 10.5 6 1 131.808 304.93 3.13333 
0.5 5.5 9.5 1 228.59 365.906 3.13333 
10.5 5.5 9.5 1 471.691 383.33 3.13333 
0.5 6.5 -0.5 1 192.249 139.203 3.13333 
0.5 8.5 -0.5 1 156.82 132.691 3.13333 
0.5 8.5 4.5 1 170.045 258.833 3.13333 
0.5 6.5 4.5 1 201.437 254.842 3.13333 
0.5 2.5 2 1 248.104 201.326 3.13333 
0.5 4.5 2 1 225.357 198.289 3.13333 
0.5 4.5 4.5 1 232.74 254.218 3.13333 
0.5 2.5 4.5 1 255.653 253.617 3.13333 
