0 0 0 1 388.531 99.7511 15.4668 
0 0 6.5 1 404.554 289.907 15.4668 
10 0 0 1 80.1131 119.755 15.4668 
10 0 6.5 1 107.15 323.71 15.4668 
10 10 0 1 126.169 166.534 15.4668 
10 10 6.5 1 137.759 291.129 15.4668 
0 10 0 1 310.65 153.26 15.4668 
0 10 6.5 1 320.104 273.155 15.4668 
0 5 10 1 358.724 352.646 15.4668 
10 5 10 1 132.447 385.73 15.4668 
0 6 0 1 334.388 141.138 15.4668 
0 8 0 1 319.486 146.964 15.4668 
0 8 5 1 329.943 243.55 15.4668 
0 6 5 1 342.549 244.382 15.4668 
0 2 2.5 1 370.568 181.895 15.4668 
0 4 2.5 1 352.887 189.294 15.4668 
0 4 5 1 361.432 247.513 15.4668 
0 2 5 1 376.738 247.282 15.4668 
0.5 0.5 -0.5 1 368.385 91.3082 15.4668 
0.5 0.5 6 1 382.513 273.062 15.4668 
10.5 0.5 -0.5 1 65.9335 106.057 15.4668 
10.5 0.5 6 1 89.4814 311.407 15.4668 
10.5 10.5 -0.5 1 115.33 162.062 15.4668 
10.5 10.5 6 1 125.937 283.523 15.4668 
0.5 10.5 -0.5 1 299.255 144.924 15.4668 
0.5 10.5 6 1 309.218 262.813 15.4668 
0.5 5.5 9.5 1 341.635 343.879 15.4668 
10.5 5.5 9.5 1 122.831 372.378 15.4668 
0.5 6.5 -0.5 1 319.491 133.852 15.4668 
0.5 8.5 -0.5 1 304.604 138.289 15.4668 
0.5 8.5 4.5 1 316.432 235.917 15.4668 
0.5 6.5 4.5 1 330.375 237.453 15.4668 
0.5 2.5 2 1 352.781 170.52 15.4668 
0.5 4.5 2 1 340.042 180.775 15.4668 
0.5 4.5 4.5 1 341.114 235.562 15.4668 
0.5 2.5 4.5 1 359.848 233.324 15.4668 
