0 0 0 1 337.841 70.9927 1.7 
0 0 6.5 1 334.599 206.76 1.7 
10 0 0 1 562.993 13.7957 1.7 
10 0 6.5 1 537.957 230.786 1.7 
10 10 0 1 276.259 -71.8417 1.7 
10 10 6.5 1 278.826 271.118 1.7 
0 10 0 1 129.051 45.4722 1.7 
0 10 6.5 1 137.087 222.666 1.7 
0 5 10 1 247.959 289.41 1.7 
10 5 10 1 426.602 369.725 1.7 
0 6 0 1 222.147 58.2094 1.7 
0 8 0 1 180.221 53.2708 1.7 
0 8 5 1 183.909 185.228 1.7 
0 6 5 1 227.396 184.291 1.7 
0 2 2.5 1 304.127 122.851 1.7 
0 4 2.5 1 269.138 123.885 1.7 
0 4 5 1 266.126 179.808 1.7 
0 2 5 1 302.353 177.688 1.7 
0.5 0.5 -0.5 1 336.082 56.0725 1.7 
0.5 0.5 6 1 333.573 198.785 1.7 
10.5 0.5 -0.5 1 574.47 -14.782 1.7 
10.5 0.5 6 1 546.768 219.649 1.7 
10.5 10.5 -0.5 1 268.964 -122.773 1.7 
10.5 10.5 6 1 269.783 257.193 1.7 
0.5 10.5 -0.5 1 114.543 29.8186 1.7 
0.5 10.5 6 1 126.623 211.035 1.7 
0.5 5.5 9.5 1 246.049 285.834 1.7 
10.5 5.5 9.5 1 431.613 364.754 1.7 
0.5 6.5 -0.5 1 216.531 37.8333 1.7 
0.5 8.5 -0.5 1 170.937 35.1514 1.7 
0.5 8.5 4.5 1 176.745 171.795 1.7 
0.5 6.5 4.5 1 222.482 169.569 1.7 
0.5 2.5 2 1 299.531 112.543 1.7 
0.5 4.5 2 1 261.91 109.707 1.7 
0.5 4.5 4.5 1 262.017 170.537 1.7 
0.5 2.5 4.5 1 300.726 168.121 1.7 
