0 0 0 1 243.031 222.946 3.63333 
0 0 6.5 1 253.048 343.287 3.63333 
10 0 0 1 430.207 194.704 3.63333 
10 0 6.5 1 446.966 333.897 3.63333 
10 10 0 1 402.989 137.675 3.63333 
10 10 6.5 1 429.813 373.62 3.63333 
0 10 0 1 122.235 198.915 3.63333 
0 10 6.5 1 135.948 379.524 3.63333 
0 5 10 1 212.821 436.814 3.63333 
10 5 10 1 455.231 447.448 3.63333 
0 6 0 1 182.028 213.536 3.63333 
0 8 0 1 156.195 207.527 3.63333 
0 8 5 1 166.809 329.632 3.63333 
0 6 5 1 192.391 325.669 3.63333 
0 2 2.5 1 229.735 269.234 3.63333 
0 4 2.5 1 208.476 271.141 3.63333 
0 4 5 1 215.583 320.964 3.63333 
0 2 5 1 236.058 319.515 3.63333 
0.5 0.5 -0.5 1 247.516 211.609 3.63333 
0.5 0.5 6 1 258.42 332.624 3.63333 
10.5 0.5 -0.5 1 438.548 179.36 3.63333 
10.5 0.5 6 1 459.001 321.999 3.63333 
10.5 10.5 -0.5 1 416.123 109.738 3.63333 
10.5 10.5 6 1 448.748 358.929 3.63333 
0.5 10.5 -0.5 1 121.503 178.238 3.63333 
0.5 10.5 6 1 132.07 363.948 3.63333 
0.5 5.5 9.5 1 217.169 426.696 3.63333 
10.5 5.5 9.5 1 467.368 436.725 3.63333 
0.5 6.5 -0.5 1 185.469 197.636 3.63333 
0.5 8.5 -0.5 1 155.394 190.276 3.63333 
0.5 8.5 4.5 1 166.328 315.47 3.63333 
0.5 6.5 4.5 1 194.522 312.727 3.63333 
0.5 2.5 2 1 232.438 260.206 3.63333 
0.5 4.5 2 1 215.493 257.03 3.63333 
0.5 4.5 4.5 1 218.439 311.602 3.63333 
0.5 2.5 4.5 1 236.456 306.779 3.63333 
