0 0 0 1 390.927 108.298 19.5334 
0 0 6.5 1 371.07 262.683 19.5334 
10 0 0 1 459.83 1.00816 19.5334 
10 0 6.5 1 417.655 325.466 19.5334 
10 10 0 1 -6.50706 -6.32818 19.5334 
10 10 6.5 1 -9.88879 278.221 19.5334 
0 10 0 1 152.694 95.5139 19.5334 
0 10 6.5 1 148.84 243.841 19.5334 
0 5 10 1 250.096 327.663 19.5334 
10 5 10 1 180.823 445.5 19.5334 
0 6 0 1 245.459 97.8254 19.5334 
0 8 0 1 198.504 98.8457 19.5334 
0 8 5 1 191.135 215.38 19.5334 
0 6 5 1 238.181 216.497 19.5334 
0 2 2.5 1 334.616 168.383 19.5334 
0 4 2.5 1 285.689 162.332 19.5334 
0 4 5 1 283.02 219.698 19.5334 
0 2 5 1 327.783 222.963 19.5334 
0.5 0.5 -0.5 1 380.387 89.9196 19.5334 
0.5 0.5 6 1 363.845 253.448 19.5334 
10.5 0.5 -0.5 1 439.859 -39.7724 19.5334 
10.5 0.5 6 1 398.114 306.64 19.5334 
10.5 10.5 -0.5 1 -45.6534 -41.0975 19.5334 
10.5 10.5 6 1 -46.3827 261.777 19.5334 
0.5 10.5 -0.5 1 141.443 80.535 19.5334 
0.5 10.5 6 1 132.576 229.888 19.5334 
0.5 5.5 9.5 1 237.309 320.535 19.5334 
10.5 5.5 9.5 1 154.203 433.618 19.5334 
0.5 6.5 -0.5 1 232.031 83.7663 19.5334 
0.5 8.5 -0.5 1 184.287 79.474 19.5334 
0.5 8.5 4.5 1 178.601 202.407 19.5334 
0.5 6.5 4.5 1 221.599 204.965 19.5334 
0.5 2.5 2 1 321.644 151.631 19.5334 
0.5 4.5 2 1 275.054 147.157 19.5334 
0.5 4.5 4.5 1 269.954 212.238 19.5334 
0.5 2.5 4.5 1 317.944 217.155 19.5334 
