0 0 0 1 397.434 54.9011 15.1668 
0 0 6.5 1 405.033 254.886 15.1668 
10 0 0 1 78.9789 73.1068 15.1668 
10 0 6.5 1 104.344 279.775 15.1668 
10 10 0 1 139.648 131.653 15.1668 
10 10 6.5 1 154.366 255.679 15.1668 
0 10 0 1 328.689 116.545 15.1668 
0 10 6.5 1 339.551 237.971 15.1668 
0 5 10 1 366.727 322.921 15.1668 
10 5 10 1 141.83 344.321 15.1668 
0 6 0 1 348.808 98.5359 15.1668 
0 8 0 1 334.406 106.328 15.1668 
0 8 5 1 345.279 208.258 15.1668 
0 6 5 1 352.113 208.032 15.1668 
0 2 2.5 1 379.8 138.932 15.1668 
0 4 2.5 1 361.871 148.33 15.1668 
0 4 5 1 368.729 211.524 15.1668 
0 2 5 1 382.801 210.713 15.1668 
0.5 0.5 -0.5 1 372.36 39.6158 15.1668 
0.5 0.5 6 1 384.948 240.426 15.1668 
10.5 0.5 -0.5 1 67.3968 64.3502 15.1668 
10.5 0.5 6 1 89.827 264.41 15.1668 
10.5 10.5 -0.5 1 131.162 122.911 15.1668 
10.5 10.5 6 1 144.018 244.974 15.1668 
0.5 10.5 -0.5 1 317.02 108.938 15.1668 
0.5 10.5 6 1 325.24 227.861 15.1668 
0.5 5.5 9.5 1 351.373 309.608 15.1668 
10.5 5.5 9.5 1 133.259 330.884 15.1668 
0.5 6.5 -0.5 1 332.449 90.6708 15.1668 
0.5 8.5 -0.5 1 323.705 100.649 15.1668 
0.5 8.5 4.5 1 332.699 199.769 15.1668 
0.5 6.5 4.5 1 340.42 197.122 15.1668 
0.5 2.5 2 1 360.101 128.764 15.1668 
0.5 4.5 2 1 345.006 139.071 15.1668 
0.5 4.5 4.5 1 351.966 200.217 15.1668 
0.5 2.5 4.5 1 365.697 196.272 15.1668 
