0 0 0 1 383.556 78.431 0.566667 
0 0 6.5 1 366.578 224.41 0.566667 
10 0 0 1 576.524 -34.8547 0.566667 
10 0 6.5 1 533.687 250.101 0.566667 
10 10 0 1 120.9 -124.773 0.566667 
10 10 6.5 1 104.566 216.063 0.566667 
0 10 0 1 151.955 44.629 0.566667 
0 10 6.5 1 141.738 208.228 0.566667 
0 5 10 1 253.335 297.776 0.566667 
10 5 10 1 321.675 383.547 0.566667 
0 6 0 1 247.002 56.1219 0.566667 
0 8 0 1 200.267 51.3185 0.566667 
0 8 5 1 193.24 174.913 0.566667 
0 6 5 1 240.808 179.801 0.566667 
0 2 2.5 1 331.288 131.405 0.566667 
0 4 2.5 1 290.199 124.717 0.566667 
0 4 5 1 285.106 184.984 0.566667 
0 2 5 1 326.208 190.746 0.566667 
0.5 0.5 -0.5 1 377.724 61.954 0.566667 
0.5 0.5 6 1 364.107 214.386 0.566667 
10.5 0.5 -0.5 1 578.41 -74.5289 0.566667 
10.5 0.5 6 1 531.855 229.242 0.566667 
10.5 10.5 -0.5 1 92.8929 -184.009 0.566667 
10.5 10.5 6 1 73.6114 191.333 0.566667 
0.5 10.5 -0.5 1 137.031 27.7532 0.566667 
0.5 10.5 6 1 129.769 193.603 0.566667 
0.5 5.5 9.5 1 245.632 285.525 0.566667 
10.5 5.5 9.5 1 308.25 374.936 0.566667 
0.5 6.5 -0.5 1 239.168 40.5662 0.566667 
0.5 8.5 -0.5 1 187.544 35.2759 0.566667 
0.5 8.5 4.5 1 177.781 162.249 0.566667 
0.5 6.5 4.5 1 230.246 167.628 0.566667 
0.5 2.5 2 1 326.742 113.373 0.566667 
0.5 4.5 2 1 281.254 111.733 0.566667 
0.5 4.5 4.5 1 273.997 173.238 0.566667 
0.5 2.5 4.5 1 321.468 176.066 0.566667 
