0 0 0 1 247.104 215.63 3.5 
0 0 6.5 1 260.385 333.883 3.5 
10 0 0 1 436.126 182.636 3.5 
10 0 6.5 1 455.264 323.284 3.5 
10 10 0 1 398.859 126.126 3.5 
10 10 6.5 1 429.617 367.665 3.5 
0 10 0 1 119.401 190.844 3.5 
0 10 6.5 1 135.653 367.295 3.5 
0 5 10 1 217.142 422.198 3.5 
10 5 10 1 458.621 437.606 3.5 
0 6 0 1 188.777 200.873 3.5 
0 8 0 1 158.288 196.248 3.5 
0 8 5 1 168.093 321.58 3.5 
0 6 5 1 197.419 316.051 3.5 
0 2 2.5 1 235.286 257.155 3.5 
0 4 2.5 1 214.233 259.227 3.5 
0 4 5 1 219.342 309.552 3.5 
0 2 5 1 235.132 304.767 3.5 
0.5 0.5 -0.5 1 252.803 204.837 3.5 
0.5 0.5 6 1 260.659 323.528 3.5 
10.5 0.5 -0.5 1 449.052 167.952 3.5 
10.5 0.5 6 1 468.286 314.728 3.5 
10.5 10.5 -0.5 1 415.436 94.9988 3.5 
10.5 10.5 6 1 441.609 349.282 3.5 
0.5 10.5 -0.5 1 122.489 170.774 3.5 
0.5 10.5 6 1 137.391 353.712 3.5 
0.5 5.5 9.5 1 220.85 416.638 3.5 
10.5 5.5 9.5 1 468.501 427.63 3.5 
0.5 6.5 -0.5 1 187.281 188.096 3.5 
0.5 8.5 -0.5 1 160.267 180.907 3.5 
0.5 8.5 4.5 1 163.7 306.682 3.5 
0.5 6.5 4.5 1 197.349 303.417 3.5 
0.5 2.5 2 1 237.192 248.741 3.5 
0.5 4.5 2 1 217.61 250.046 3.5 
0.5 4.5 4.5 1 222.347 299.448 3.5 
0.5 2.5 4.5 1 244.413 298.024 3.5 
