0 0 0 1 411.747 -25.409 14.7668 
0 0 6.5 1 408.304 197.387 14.7668 
10 0 0 1 81.4795 3.62092 14.7668 
10 0 6.5 1 106.562 213.553 14.7668 
10 10 0 1 165.181 72.7788 14.7668 
10 10 6.5 1 173.235 198.107 14.7668 
0 10 0 1 355.934 60.3964 14.7668 
0 10 6.5 1 361.184 189.72 14.7668 
0 5 10 1 377.376 274.829 14.7668 
10 5 10 1 154.209 280.663 14.7668 
0 6 0 1 375.842 36.8812 14.7668 
0 8 0 1 361.611 51.9334 14.7668 
0 8 5 1 364.278 158.071 14.7668 
0 6 5 1 374.16 156.065 14.7668 
0 2 2.5 1 394.342 76.0855 14.7668 
0 4 2.5 1 381.078 87.9503 14.7668 
0 4 5 1 384.669 155.921 14.7668 
0 2 5 1 394.53 151.448 14.7668 
0.5 0.5 -0.5 1 386.065 -34.4271 14.7668 
0.5 0.5 6 1 387.678 181.533 14.7668 
10.5 0.5 -0.5 1 71.0785 -5.06615 14.7668 
10.5 0.5 6 1 91.8701 200.282 14.7668 
10.5 10.5 -0.5 1 156.175 66.6745 14.7668 
10.5 10.5 6 1 167.491 190.817 14.7668 
0.5 10.5 -0.5 1 345.935 51.9176 14.7668 
0.5 10.5 6 1 349.16 179.535 14.7668 
0.5 5.5 9.5 1 366.393 261.436 14.7668 
10.5 5.5 9.5 1 142.854 269.194 14.7668 
0.5 6.5 -0.5 1 358.714 29.6166 14.7668 
0.5 8.5 -0.5 1 348.441 43.7578 14.7668 
0.5 8.5 4.5 1 352.549 151.802 14.7668 
0.5 6.5 4.5 1 364.169 144.806 14.7668 
0.5 2.5 2 1 375.65 66.9797 14.7668 
0.5 4.5 2 1 366.501 82.7264 14.7668 
0.5 4.5 4.5 1 368.579 144.768 14.7668 
0.5 2.5 4.5 1 377.662 139.769 14.7668 
