0 0 0 1 437.125 30.7763 13.3667 
0 0 6.5 1 405.882 288.841 13.3667 
10 0 0 1 138.58 59.8544 13.3667 
10 0 6.5 1 132.029 244.506 13.3667 
10 10 0 1 273.132 112.461 13.3667 
10 10 6.5 1 259.935 231.327 13.3667 
0 10 0 1 473.571 106.621 13.3667 
0 10 6.5 1 454.404 258.539 13.3667 
0 5 10 1 423.383 361.658 13.3667 
10 5 10 1 204.588 310.849 13.3667 
0 6 0 1 460.777 86.0234 13.3667 
0 8 0 1 468.645 97.8081 13.3667 
0 8 5 1 452.649 226.504 13.3667 
0 6 5 1 445.483 226.997 13.3667 
0 2 2.5 1 435.912 145.01 13.3667 
0 4 2.5 1 445.889 153.251 13.3667 
0 4 5 1 435.519 225.527 13.3667 
0 2 5 1 423.64 229.809 13.3667 
0.5 0.5 -0.5 1 423.333 22.0916 13.3667 
0.5 0.5 6 1 394.19 266.62 13.3667 
10.5 0.5 -0.5 1 135.149 54.1156 13.3667 
10.5 0.5 6 1 131.763 230.631 13.3667 
10.5 10.5 -0.5 1 267.688 103.904 13.3667 
10.5 10.5 6 1 259.197 222.308 13.3667 
0.5 10.5 -0.5 1 462.01 99.2054 13.3667 
0.5 10.5 6 1 441.926 242.955 13.3667 
0.5 5.5 9.5 1 416.095 342.821 13.3667 
10.5 5.5 9.5 1 203.984 299.151 13.3667 
0.5 6.5 -0.5 1 450.183 77.0425 13.3667 
0.5 8.5 -0.5 1 457.623 88.9621 13.3667 
0.5 8.5 4.5 1 441.217 213.793 13.3667 
0.5 6.5 4.5 1 434.903 210.735 13.3667 
0.5 2.5 2 1 424.251 130.556 13.3667 
0.5 4.5 2 1 435.481 141.348 13.3667 
0.5 4.5 4.5 1 425.716 214.792 13.3667 
0.5 2.5 4.5 1 412.333 215.764 13.3667 
