0 0 0 1 340.283 73.7759 1.6 
0 0 6.5 1 337.044 214.087 1.6 
10 0 0 1 567.247 16.1334 1.6 
10 0 6.5 1 540.351 239.624 1.6 
10 10 0 1 264.834 -65.5671 1.6 
10 10 6.5 1 264.41 277.802 1.6 
0 10 0 1 126.429 48.9476 1.6 
0 10 6.5 1 139.454 225.127 1.6 
0 5 10 1 247.997 291.705 1.6 
10 5 10 1 422.084 376.044 1.6 
0 6 0 1 228.049 59.6248 1.6 
0 8 0 1 180.827 58.5584 1.6 
0 8 5 1 184.268 185.379 1.6 
0 6 5 1 227.125 185.304 1.6 
0 2 2.5 1 305.927 126.752 1.6 
0 4 2.5 1 268.228 127.269 1.6 
0 4 5 1 268.581 180.056 1.6 
0 2 5 1 305.021 181.907 1.6 
0.5 0.5 -0.5 1 338.632 57.9051 1.6 
0.5 0.5 6 1 335.332 202.437 1.6 
10.5 0.5 -0.5 1 578.415 -11.0461 1.6 
10.5 0.5 6 1 551.276 226.638 1.6 
10.5 10.5 -0.5 1 249.746 -116.499 1.6 
10.5 10.5 6 1 254.481 262.37 1.6 
0.5 10.5 -0.5 1 118.187 29.0651 1.6 
0.5 10.5 6 1 127.878 213.219 1.6 
0.5 5.5 9.5 1 245.381 284.249 1.6 
10.5 5.5 9.5 1 422.569 372.379 1.6 
0.5 6.5 -0.5 1 222.784 44.5409 1.6 
0.5 8.5 -0.5 1 171.227 37.6848 1.6 
0.5 8.5 4.5 1 178.998 171.172 1.6 
0.5 6.5 4.5 1 221.373 170.416 1.6 
0.5 2.5 2 1 303.728 113.467 1.6 
0.5 4.5 2 1 265.752 112.445 1.6 
0.5 4.5 4.5 1 263.638 168.65 1.6 
0.5 2.5 4.5 1 303.274 169.706 1.6 
