0 0 0 1 404.389 1.06136 14.9001 
0 0 6.5 1 408.092 212.625 14.9001 
10 0 0 1 80.9576 27.3793 14.9001 
10 0 6.5 1 103.811 232.545 14.9001 
10 10 0 1 155.11 93.6782 14.9001 
10 10 6.5 1 167.762 216.61 14.9001 
0 10 0 1 346.09 77.4851 14.9001 
0 10 6.5 1 350.581 205.512 14.9001 
0 5 10 1 376.641 286.669 14.9001 
10 5 10 1 149.726 301.063 14.9001 
0 6 0 1 360.179 57.4269 14.9001 
0 8 0 1 352.583 67.2736 14.9001 
0 8 5 1 358.441 173.743 14.9001 
0 6 5 1 363.424 172.883 14.9001 
0 2 2.5 1 386.887 98.4314 14.9001 
0 4 2.5 1 373.273 107.548 14.9001 
0 4 5 1 376.695 171.369 14.9001 
0 2 5 1 389.705 170.572 14.9001 
0.5 0.5 -0.5 1 381.875 -8.02953 14.9001 
0.5 0.5 6 1 386.356 195.882 14.9001 
10.5 0.5 -0.5 1 67.3835 14.8308 14.9001 
10.5 0.5 6 1 92.6881 217.234 14.9001 
10.5 10.5 -0.5 1 146.699 85.3952 14.9001 
10.5 10.5 6 1 159.454 206.346 14.9001 
0.5 10.5 -0.5 1 333.412 72.4604 14.9001 
0.5 10.5 6 1 341.083 194.8 14.9001 
0.5 5.5 9.5 1 362.944 274.157 14.9001 
10.5 5.5 9.5 1 140.89 286.05 14.9001 
0.5 6.5 -0.5 1 346.839 47.1083 14.9001 
0.5 8.5 -0.5 1 341.827 60.5996 14.9001 
0.5 8.5 4.5 1 347.069 163.411 14.9001 
0.5 6.5 4.5 1 350.286 162.9 14.9001 
0.5 2.5 2 1 369.393 85.8164 14.9001 
0.5 4.5 2 1 357.38 98.984 14.9001 
0.5 4.5 4.5 1 363.195 160.114 14.9001 
0.5 2.5 4.5 1 373.053 155.306 14.9001 
