0 0 0 1 268.002 147.578 3 
0 0 6.5 1 280.968 265.372 3 
10 0 0 1 466.124 103.543 3 
10 0 6.5 1 478.536 255.242 3 
10 10 0 1 375.375 20.8792 3 
10 10 6.5 1 400.942 288.451 3 
0 10 0 1 116.709 119.859 3 
0 10 6.5 1 137.126 293.948 3 
0 5 10 1 228.49 353.897 3 
10 5 10 1 459.056 367.845 3 
0 6 0 1 194.209 135.545 3 
0 8 0 1 157.914 126.979 3 
0 8 5 1 168.665 250.568 3 
0 6 5 1 204.248 245.452 3 
0 2 2.5 1 250.709 194.876 3 
0 4 2.5 1 226.132 189.721 3 
0 4 5 1 233.927 245.504 3 
0 2 5 1 257.345 240.539 3 
0.5 0.5 -0.5 1 271.166 136.597 3 
0.5 0.5 6 1 282.598 258.686 3 
10.5 0.5 -0.5 1 476.842 82.8613 3 
10.5 0.5 6 1 487.772 242.634 3 
10.5 10.5 -0.5 1 386.984 -15.2496 3 
10.5 10.5 6 1 412.74 267.746 3 
0.5 10.5 -0.5 1 116.064 101.851 3 
0.5 10.5 6 1 133.546 278.51 3 
0.5 5.5 9.5 1 228.636 342.788 3 
10.5 5.5 9.5 1 467.985 360.148 3 
0.5 6.5 -0.5 1 191.096 116.085 3 
0.5 8.5 -0.5 1 155.644 108.103 3 
0.5 8.5 4.5 1 166.684 237.254 3 
0.5 6.5 4.5 1 203.274 233.217 3 
0.5 2.5 2 1 253.323 182.012 3 
0.5 4.5 2 1 229.176 181.276 3 
0.5 4.5 4.5 1 234.935 234.535 3 
0.5 2.5 4.5 1 261.33 232.192 3 
