0 0 0 1 389.226 93.0004 19.6667 
0 0 6.5 1 373.852 252.526 19.6667 
10 0 0 1 481.591 -15.9655 19.6667 
10 0 6.5 1 436.007 309.397 19.6667 
10 10 0 1 -2.69777 -24.2938 19.6667 
10 10 6.5 1 -0.6534 268.077 19.6667 
0 10 0 1 153.598 81.5216 19.6667 
0 10 6.5 1 147.921 232.875 19.6667 
0 5 10 1 254.012 320.736 19.6667 
10 5 10 1 197.969 434.731 19.6667 
0 6 0 1 242.058 85.1285 19.6667 
0 8 0 1 196.428 83.2571 19.6667 
0 8 5 1 190.06 201.184 19.6667 
0 6 5 1 234.619 207.453 19.6667 
0 2 2.5 1 333.645 153.535 19.6667 
0 4 2.5 1 286.13 148.84 19.6667 
0 4 5 1 282.3 206.378 19.6667 
0 2 5 1 327.97 212.078 19.6667 
0.5 0.5 -0.5 1 377.962 75.3786 19.6667 
0.5 0.5 6 1 362.91 242.744 19.6667 
10.5 0.5 -0.5 1 466.32 -56.9588 19.6667 
10.5 0.5 6 1 419.346 290.088 19.6667 
10.5 10.5 -0.5 1 -42.6486 -62.1961 19.6667 
10.5 10.5 6 1 -35.658 251.854 19.6667 
0.5 10.5 -0.5 1 135.17 68.6082 19.6667 
0.5 10.5 6 1 130.927 220.09 19.6667 
0.5 5.5 9.5 1 237.696 307.533 19.6667 
10.5 5.5 9.5 1 173.564 418.142 19.6667 
0.5 6.5 -0.5 1 230.331 72.9412 19.6667 
0.5 8.5 -0.5 1 185.697 68.2912 19.6667 
0.5 8.5 4.5 1 176.518 190.682 19.6667 
0.5 6.5 4.5 1 223.98 194.197 19.6667 
0.5 2.5 2 1 323.795 138.08 19.6667 
0.5 4.5 2 1 276.153 134.429 19.6667 
0.5 4.5 4.5 1 270.099 193.284 19.6667 
0.5 2.5 4.5 1 320 201.313 19.6667 
