0 0 0 1 374.152 241.433 17.6334 
0 0 6.5 1 376.177 410.452 17.6334 
10 0 0 1 167.992 162.783 17.6334 
10 0 6.5 1 145.128 449.957 17.6334 
10 10 0 1 7.38387 223.924 17.6334 
10 10 6.5 1 -18.8986 400.301 17.6334 
0 10 0 1 203.894 263.448 17.6334 
0 10 6.5 1 198.747 386.57 17.6334 
0 5 10 1 272.269 482.667 17.6334 
10 5 10 1 27.2849 557.052 17.6334 
0 6 0 1 259.031 255.84 17.6334 
0 8 0 1 227.982 258.642 17.6334 
0 8 5 1 224.902 362.422 17.6334 
0 6 5 1 253.873 360.826 17.6334 
0 2 2.5 1 329.728 302.025 17.6334 
0 4 2.5 1 291.049 306.234 17.6334 
0 4 5 1 294.204 365.271 17.6334 
0 2 5 1 326.024 365.63 17.6334 
0.5 0.5 -0.5 1 354.745 230.345 17.6334 
0.5 0.5 6 1 354.345 399.873 17.6334 
10.5 0.5 -0.5 1 138.37 135.28 17.6334 
10.5 0.5 6 1 114.757 429.142 17.6334 
10.5 10.5 -0.5 1 -9.94601 210.767 17.6334 
10.5 10.5 6 1 -38.9288 386.399 17.6334 
0.5 10.5 -0.5 1 190.638 253.14 17.6334 
0.5 10.5 6 1 185.171 378.116 17.6334 
0.5 5.5 9.5 1 252.851 473.681 17.6334 
10.5 5.5 9.5 1 2.63883 537.471 17.6334 
0.5 6.5 -0.5 1 244.104 245.922 17.6334 
0.5 8.5 -0.5 1 214.912 251.041 17.6334 
0.5 8.5 4.5 1 210.954 351.514 17.6334 
0.5 6.5 4.5 1 241.795 349.9 17.6334 
0.5 2.5 2 1 310.224 288.497 17.6334 
0.5 4.5 2 1 275.894 291.546 17.6334 
0.5 4.5 4.5 1 273.733 350.28 17.6334 
0.5 2.5 4.5 1 314.158 353.003 17.6334 
