0 0 0 1 -56.8541 68.7934 9.10001 
0 0 6.5 1 -26.1022 322.042 9.10001 
10 0 0 1 144.683 132.932 9.10001 
10 0 6.5 1 156.127 273.822 9.10001 
10 10 0 1 360.403 97.987 9.10001 
10 10 6.5 1 373.231 257.029 9.10001 
0 10 0 1 336.597 -25.6667 9.10001 
0 10 6.5 1 364.47 305.757 9.10001 
0 5 10 1 160.43 455.786 9.10001 
10 5 10 1 262.535 342.839 9.10001 
0 6 0 1 151.983 17.7694 9.10001 
0 8 0 1 237.419 -2.66281 9.10001 
0 8 5 1 263.078 240.466 9.10001 
0 6 5 1 177.476 245.672 9.10001 
0 2 2.5 1 16.8605 156.461 9.10001 
0 4 2.5 1 89.0869 144.869 9.10001 
0 4 5 1 101.664 253.648 9.10001 
0 2 5 1 31.9756 257.8 9.10001 
0.5 0.5 -0.5 1 -29.0297 48.9767 9.10001 
0.5 0.5 6 1 6.23331 296.271 9.10001 
10.5 0.5 -0.5 1 155.896 123.119 9.10001 
10.5 0.5 6 1 170.871 259.316 9.10001 
10.5 10.5 -0.5 1 373.595 86.7397 9.10001 
10.5 10.5 6 1 385.004 245.844 9.10001 
0.5 10.5 -0.5 1 362.974 -46.1314 9.10001 
0.5 10.5 6 1 385.201 274.314 9.10001 
0.5 5.5 9.5 1 186.591 428.745 9.10001 
10.5 5.5 9.5 1 279.795 327.175 9.10001 
0.5 6.5 -0.5 1 181.181 -4.71847 9.10001 
0.5 8.5 -0.5 1 264.357 -20.3489 9.10001 
0.5 8.5 4.5 1 282.77 213.422 9.10001 
0.5 6.5 4.5 1 202.84 218.174 9.10001 
0.5 2.5 2 1 48.6489 140.156 9.10001 
0.5 4.5 2 1 116.597 127.048 9.10001 
0.5 4.5 4.5 1 125.378 228.933 9.10001 
0.5 2.5 4.5 1 59.0156 234.784 9.10001 
