0 0 0 1 388.021 79.726 19.8 
0 0 6.5 1 376.254 235.766 19.8 
10 0 0 1 499.718 -38.9887 19.8 
10 0 6.5 1 454.817 287.384 19.8 
10 10 0 1 2.93199 -51.6417 19.8 
10 10 6.5 1 11.2962 254.771 19.8 
0 10 0 1 147.156 67.4782 19.8 
0 10 6.5 1 146.247 221.235 19.8 
0 5 10 1 252.165 302.54 19.8 
10 5 10 1 221.456 417.831 19.8 
0 6 0 1 242.86 68.4914 19.8 
0 8 0 1 193.572 67.8757 19.8 
0 8 5 1 189.216 191.441 19.8 
0 6 5 1 237.427 193.453 19.8 
0 2 2.5 1 334.212 140.975 19.8 
0 4 2.5 1 283.8 134.75 19.8 
0 4 5 1 281.226 196.019 19.8 
0 2 5 1 326.962 198.553 19.8 
0.5 0.5 -0.5 1 381.332 60.152 19.8 
0.5 0.5 6 1 364.91 222.408 19.8 
10.5 0.5 -0.5 1 492.067 -83.681 19.8 
10.5 0.5 6 1 442.451 269.486 19.8 
10.5 10.5 -0.5 1 -39.8152 -97.2212 19.8 
10.5 10.5 6 1 -21.6403 236.981 19.8 
0.5 10.5 -0.5 1 130.019 50.5741 19.8 
0.5 10.5 6 1 130.263 209.557 19.8 
0.5 5.5 9.5 1 241.42 296.823 19.8 
10.5 5.5 9.5 1 198.594 404.392 19.8 
0.5 6.5 -0.5 1 231.013 55.5774 19.8 
0.5 8.5 -0.5 1 180.317 51.7625 19.8 
0.5 8.5 4.5 1 177.924 176.644 19.8 
0.5 6.5 4.5 1 225.524 178.117 19.8 
0.5 2.5 2 1 324.526 123.704 19.8 
0.5 4.5 2 1 275.097 119.784 19.8 
0.5 4.5 4.5 1 271.79 181.608 19.8 
0.5 2.5 4.5 1 319.809 183.989 19.8 
