0 0 0 1 124.401 217.578 5.66666 
0 0 6.5 1 112.4 344 5.66666 
10 0 0 1 305.728 237.248 5.66666 
10 0 6.5 1 301.007 354.542 5.66666 
10 10 0 1 398.684 203.947 5.66666 
10 10 6.5 1 392.389 388.087 5.66666 
0 10 0 1 105.762 163.554 5.66666 
0 10 6.5 1 81.7945 373.962 5.66666 
0 5 10 1 88.628 442.596 5.66666 
10 5 10 1 326.946 449.474 5.66666 
0 6 0 1 119.423 188.438 5.66666 
0 8 0 1 113.01 175.65 5.66666 
0 8 5 1 95.9155 317.808 5.66666 
0 6 5 1 102.87 316.982 5.66666 
0 2 2.5 1 115.902 262.55 5.66666 
0 4 2.5 1 111.934 259.024 5.66666 
0 4 5 1 105.386 316.444 5.66666 
0 2 5 1 109.727 314.025 5.66666 
0.5 0.5 -0.5 1 136.708 206.719 5.66666 
0.5 0.5 6 1 119.369 334.773 5.66666 
10.5 0.5 -0.5 1 320.182 229.212 5.66666 
10.5 0.5 6 1 310.751 347.778 5.66666 
10.5 10.5 -0.5 1 420.523 188.667 5.66666 
10.5 10.5 6 1 408.986 376.965 5.66666 
0.5 10.5 -0.5 1 124.989 143.145 5.66666 
0.5 10.5 6 1 99.5031 359.505 5.66666 
0.5 5.5 9.5 1 102.721 436.537 5.66666 
10.5 5.5 9.5 1 344.119 443.478 5.66666 
0.5 6.5 -0.5 1 128.232 176.783 5.66666 
0.5 8.5 -0.5 1 127.74 163.412 5.66666 
0.5 8.5 4.5 1 110.855 308.972 5.66666 
0.5 6.5 4.5 1 115.693 306.283 5.66666 
0.5 2.5 2 1 129.402 250.606 5.66666 
0.5 4.5 2 1 123.379 245.443 5.66666 
0.5 4.5 4.5 1 118.183 304.245 5.66666 
0.5 2.5 4.5 1 120.948 305.01 5.66666 
