0 0 0 1 -67.8805 37.8194 8.93334 
0 0 6.5 1 -32.5137 285.157 8.93334 
10 0 0 1 145.533 109.961 8.93334 
10 0 6.5 1 159.116 246.795 8.93334 
10 10 0 1 360.386 71.4218 8.93334 
10 10 6.5 1 371.715 230.945 8.93334 
0 10 0 1 309.99 -73.6698 8.93334 
0 10 6.5 1 332.75 267.552 8.93334 
0 5 10 1 140.768 418.126 8.93334 
10 5 10 1 263.208 318.462 8.93334 
0 6 0 1 126.928 -20.5844 8.93334 
0 8 0 1 212.904 -46.5524 8.93334 
0 8 5 1 234.409 203.001 8.93334 
0 6 5 1 153.838 209.285 8.93334 
0 2 2.5 1 2.87857 125.717 8.93334 
0 4 2.5 1 65.5567 111.604 8.93334 
0 4 5 1 80.4065 220.224 8.93334 
0 2 5 1 18.6837 222.661 8.93334 
0.5 0.5 -0.5 1 -37.7218 16.9266 8.93334 
0.5 0.5 6 1 -3.08198 264.574 8.93334 
10.5 0.5 -0.5 1 156.543 94.7421 8.93334 
10.5 0.5 6 1 173.135 235.946 8.93334 
10.5 10.5 -0.5 1 377.235 55.17 8.93334 
10.5 10.5 6 1 387.282 220.661 8.93334 
0.5 10.5 -0.5 1 338.444 -94.1745 8.93334 
0.5 10.5 6 1 358.976 241.566 8.93334 
0.5 5.5 9.5 1 166.201 391.663 8.93334 
10.5 5.5 9.5 1 275.41 302.639 8.93334 
0.5 6.5 -0.5 1 157.223 -39.1795 8.93334 
0.5 8.5 -0.5 1 242.615 -64.5967 8.93334 
0.5 8.5 4.5 1 264.841 178.05 8.93334 
0.5 6.5 4.5 1 181.953 185.465 8.93334 
0.5 2.5 2 1 31.6085 105.486 8.93334 
0.5 4.5 2 1 97.7952 93.1044 8.93334 
0.5 4.5 4.5 1 108.219 192.969 8.93334 
0.5 2.5 4.5 1 46.7331 200.636 8.93334 
