0 0 0 1 218.203 141.925 11.2667 
0 0 6.5 1 203.773 462.23 11.2667 
10 0 0 1 141.295 234.594 11.2667 
10 0 6.5 1 129.025 400.12 11.2667 
10 10 0 1 346.633 258.285 11.2667 
10 10 6.5 1 348.162 398.402 11.2667 
0 10 0 1 538.617 202.816 11.2667 
0 10 6.5 1 557.899 436.245 11.2667 
0 5 10 1 420.696 618.234 11.2667 
10 5 10 1 245.329 486.52 11.2667 
0 6 0 1 436.508 186.029 11.2667 
0 8 0 1 488.721 196.337 11.2667 
0 8 5 1 502.832 377.34 11.2667 
0 6 5 1 444.237 379.241 11.2667 
0 2 2.5 1 300.118 265.842 11.2667 
0 4 2.5 1 372.288 272.815 11.2667 
0 4 5 1 377.306 377.75 11.2667 
0 2 5 1 298.251 378.371 11.2667 
0.5 0.5 -0.5 1 234.353 132.691 11.2667 
0.5 0.5 6 1 221.899 426.976 11.2667 
10.5 0.5 -0.5 1 149.895 228.356 11.2667 
10.5 0.5 6 1 138.049 383.901 11.2667 
10.5 10.5 -0.5 1 349.681 251.979 11.2667 
10.5 10.5 6 1 350.722 381.939 11.2667 
0.5 10.5 -0.5 1 530.949 193.987 11.2667 
0.5 10.5 6 1 551.774 412.677 11.2667 
0.5 5.5 9.5 1 420.186 578.871 11.2667 
10.5 5.5 9.5 1 254.209 469.161 11.2667 
0.5 6.5 -0.5 1 434.226 175.957 11.2667 
0.5 8.5 -0.5 1 485.084 183.617 11.2667 
0.5 8.5 4.5 1 496.98 360.453 11.2667 
0.5 6.5 4.5 1 444.594 357.226 11.2667 
0.5 2.5 2 1 306.849 246.953 11.2667 
0.5 4.5 2 1 376.06 253.894 11.2667 
0.5 4.5 4.5 1 377.551 355.234 11.2667 
0.5 2.5 4.5 1 307.856 354.15 11.2667 
