0 0 0 1 437.158 28.1105 13.4667 
0 0 6.5 1 410.12 282.755 13.4667 
10 0 0 1 132.623 55.566 13.4667 
10 0 6.5 1 131.096 243.101 13.4667 
10 10 0 1 263.874 107.114 13.4667 
10 10 6.5 1 256.303 223.783 13.4667 
0 10 0 1 466.247 101.786 13.4667 
0 10 6.5 1 450.029 245.859 13.4667 
0 5 10 1 421.901 352.673 13.4667 
10 5 10 1 203.834 308.029 13.4667 
0 6 0 1 455.506 83.0038 13.4667 
0 8 0 1 459.135 94.7798 13.4667 
0 8 5 1 446.007 218.82 13.4667 
0 6 5 1 442.086 217.294 13.4667 
0 2 2.5 1 437.379 139.42 13.4667 
0 4 2.5 1 439.782 147.705 13.4667 
0 4 5 1 433.169 222.682 13.4667 
0 2 5 1 426.5 225.299 13.4667 
0.5 0.5 -0.5 1 422.098 20.0352 13.4667 
0.5 0.5 6 1 396.01 263.216 13.4667 
10.5 0.5 -0.5 1 131.849 46.6336 13.4667 
10.5 0.5 6 1 131.758 227.834 13.4667 
10.5 10.5 -0.5 1 262.162 98.4429 13.4667 
10.5 10.5 6 1 254.182 216.355 13.4667 
0.5 10.5 -0.5 1 454.051 91.8938 13.4667 
0.5 10.5 6 1 438.253 235.217 13.4667 
0.5 5.5 9.5 1 411.447 332.656 13.4667 
10.5 5.5 9.5 1 202.63 293.184 13.4667 
0.5 6.5 -0.5 1 446.307 71.735 13.4667 
0.5 8.5 -0.5 1 454.996 80.8093 13.4667 
0.5 8.5 4.5 1 438.124 204.523 13.4667 
0.5 6.5 4.5 1 432.181 204.356 13.4667 
0.5 2.5 2 1 422.313 125.339 13.4667 
0.5 4.5 2 1 430.213 133.809 13.4667 
0.5 4.5 4.5 1 423.982 207.865 13.4667 
0.5 2.5 4.5 1 414.784 206.846 13.4667 
