0 0 0 1 335.623 66.5724 1.73333 
0 0 6.5 1 334.484 206.063 1.73333 
10 0 0 1 562.277 12.4819 1.73333 
10 0 6.5 1 536.062 225.608 1.73333 
10 10 0 1 279.227 -73.9771 1.73333 
10 10 6.5 1 280.751 268.05 1.73333 
0 10 0 1 125.781 46.8203 1.73333 
0 10 6.5 1 137.147 222.002 1.73333 
0 5 10 1 248.657 289.15 1.73333 
10 5 10 1 427.287 367.149 1.73333 
0 6 0 1 224.09 58.4163 1.73333 
0 8 0 1 177.917 52.4332 1.73333 
0 8 5 1 186.398 182.779 1.73333 
0 6 5 1 224.67 181.134 1.73333 
0 2 2.5 1 296.211 124.289 1.73333 
0 4 2.5 1 267.228 121.078 1.73333 
0 4 5 1 267.531 178.008 1.73333 
0 2 5 1 301.894 176.802 1.73333 
0.5 0.5 -0.5 1 334.43 54.7828 1.73333 
0.5 0.5 6 1 332.299 201.614 1.73333 
10.5 0.5 -0.5 1 572.665 -15.7611 1.73333 
10.5 0.5 6 1 545.156 215.184 1.73333 
10.5 10.5 -0.5 1 274.279 -127.996 1.73333 
10.5 10.5 6 1 273.235 253.791 1.73333 
0.5 10.5 -0.5 1 115.151 25.0856 1.73333 
0.5 10.5 6 1 130.032 213.015 1.73333 
0.5 5.5 9.5 1 242.77 281.753 1.73333 
10.5 5.5 9.5 1 433.026 362.713 1.73333 
0.5 6.5 -0.5 1 217 41.4485 1.73333 
0.5 8.5 -0.5 1 169.957 37.945 1.73333 
0.5 8.5 4.5 1 176.257 169.199 1.73333 
0.5 6.5 4.5 1 222.799 166.332 1.73333 
0.5 2.5 2 1 299.466 111.38 1.73333 
0.5 4.5 2 1 263.013 110.307 1.73333 
0.5 4.5 4.5 1 259.679 166.454 1.73333 
0.5 2.5 4.5 1 298.597 167.157 1.73333 
