0 0 0 1 288.461 84.6514 2.56667 
0 0 6.5 1 294.747 211.32 2.56667 
10 0 0 1 494.653 20.0879 2.56667 
10 0 6.5 1 504.141 197.908 2.56667 
10 10 0 1 351.409 -85.8094 2.56667 
10 10 6.5 1 368.918 217.323 2.56667 
0 10 0 1 114.115 49.2954 2.56667 
0 10 6.5 1 133.755 227.689 2.56667 
0 5 10 1 236.675 292.499 2.56667 
10 5 10 1 454.896 317.202 2.56667 
0 6 0 1 196.477 65.8419 2.56667 
0 8 0 1 158.021 59.0291 2.56667 
0 8 5 1 173.716 188.66 2.56667 
0 6 5 1 209.926 184.719 2.56667 
0 2 2.5 1 262.31 134.455 2.56667 
0 4 2.5 1 238.448 132.232 2.56667 
0 4 5 1 239.052 185.419 2.56667 
0 2 5 1 268.313 180.522 2.56667 
0.5 0.5 -0.5 1 285.717 70.0786 2.56667 
0.5 0.5 6 1 295.217 200.781 2.56667 
10.5 0.5 -0.5 1 506.094 -3.14812 2.56667 
10.5 0.5 6 1 510.587 183.218 2.56667 
10.5 10.5 -0.5 1 358.148 -135.361 2.56667 
10.5 10.5 6 1 378.635 195.558 2.56667 
0.5 10.5 -0.5 1 106.804 28.0745 2.56667 
0.5 10.5 6 1 127.128 214.718 2.56667 
0.5 5.5 9.5 1 234.152 285.989 2.56667 
10.5 5.5 9.5 1 465.144 304.357 2.56667 
0.5 6.5 -0.5 1 196.244 53.0272 2.56667 
0.5 8.5 -0.5 1 155.566 41.4287 2.56667 
0.5 8.5 4.5 1 165.771 173.336 2.56667 
0.5 6.5 4.5 1 207.295 174.588 2.56667 
0.5 2.5 2 1 265.702 120.841 2.56667 
0.5 4.5 2 1 237.467 118.139 2.56667 
0.5 4.5 4.5 1 243.876 172.315 2.56667 
0.5 2.5 4.5 1 270.949 174.067 2.56667 
