0 0 0 1 56.6939 61.9611 6.76666 
0 0 6.5 1 51.7546 213.953 6.76666 
10 0 0 1 257.964 106.36 6.76666 
10 0 6.5 1 248.539 224.391 6.76666 
10 10 0 1 403.357 65.0857 6.76666 
10 10 6.5 1 382.769 245.103 6.76666 
0 10 0 1 123.661 -32.3665 6.76666 
0 10 6.5 1 106.091 229.567 6.76666 
0 5 10 1 67.4431 314.704 6.76666 
10 5 10 1 293.228 306.093 6.76666 
0 6 0 1 89.1181 12.9984 6.76666 
0 8 0 1 104.279 -6.83484 6.76666 
0 8 5 1 91.7296 170.579 6.76666 
0 6 5 1 78.2638 174.002 6.76666 
0 2 2.5 1 62.523 110.122 6.76666 
0 4 2.5 1 72.0235 106.186 6.76666 
0 4 5 1 70.7136 174.02 6.76666 
0 2 5 1 58.1014 175.198 6.76666 
0.5 0.5 -0.5 1 75.4039 49.9816 6.76666 
0.5 0.5 6 1 64.9048 203.454 6.76666 
10.5 0.5 -0.5 1 271.321 94.8619 6.76666 
10.5 0.5 6 1 260.575 219.851 6.76666 
10.5 10.5 -0.5 1 427.726 50.3337 6.76666 
10.5 10.5 6 1 403.279 233.143 6.76666 
0.5 10.5 -0.5 1 151.608 -60.5358 6.76666 
0.5 10.5 6 1 136.162 214.779 6.76666 
0.5 5.5 9.5 1 83.3441 306.08 6.76666 
10.5 5.5 9.5 1 311.106 299.829 6.76666 
0.5 6.5 -0.5 1 108.987 0.767154 6.76666 
0.5 8.5 -0.5 1 126.394 -25.5646 6.76666 
0.5 8.5 4.5 1 114.395 156.967 6.76666 
0.5 6.5 4.5 1 100.752 163.061 6.76666 
0.5 2.5 2 1 79.7855 99.4872 6.76666 
0.5 4.5 2 1 92.2463 90.1575 6.76666 
0.5 4.5 4.5 1 87.6736 161.689 6.76666 
0.5 2.5 4.5 1 77.7901 166.811 6.76666 
