0 0 0 1 416.669 -48.7138 14.6001 
0 0 6.5 1 411.252 183.432 14.6001 
10 0 0 1 84.5942 -16.2027 14.6001 
10 0 6.5 1 106.288 196.641 14.6001 
10 10 0 1 179.786 59.8457 14.6001 
10 10 6.5 1 185.362 183.729 14.6001 
0 10 0 1 373.38 44.8466 14.6001 
0 10 6.5 1 373.858 174.573 14.6001 
0 5 10 1 385.994 259.264 14.6001 
10 5 10 1 159.457 266.498 14.6001 
0 6 0 1 381.106 16.4696 14.6001 
0 8 0 1 374.825 32.1523 14.6001 
0 8 5 1 373.452 148.179 14.6001 
0 6 5 1 383.439 145.807 14.6001 
0 2 2.5 1 401.271 59.1502 14.6001 
0 4 2.5 1 391.554 72.7566 14.6001 
0 4 5 1 389.417 144.667 14.6001 
0 2 5 1 403.343 140.628 14.6001 
0.5 0.5 -0.5 1 397.677 -59.1139 14.6001 
0.5 0.5 6 1 395.413 165.433 14.6001 
10.5 0.5 -0.5 1 76.3502 -25.2139 14.6001 
10.5 0.5 6 1 97.564 179.422 14.6001 
10.5 10.5 -0.5 1 170.266 53.1546 14.6001 
10.5 10.5 6 1 178.213 175.478 14.6001 
0.5 10.5 -0.5 1 361.31 35.6189 14.6001 
0.5 10.5 6 1 361.622 167.94 14.6001 
0.5 5.5 9.5 1 372.347 245.461 14.6001 
10.5 5.5 9.5 1 154.691 250.793 14.6001 
0.5 6.5 -0.5 1 368.637 7.54406 14.6001 
0.5 8.5 -0.5 1 364.669 25.8496 14.6001 
0.5 8.5 4.5 1 365.736 132.198 14.6001 
0.5 6.5 4.5 1 370.099 131.035 14.6001 
0.5 2.5 2 1 384.731 48.1896 14.6001 
0.5 4.5 2 1 375.05 63.5293 14.6001 
0.5 4.5 4.5 1 377.303 130.221 14.6001 
0.5 2.5 4.5 1 384.04 124.422 14.6001 
