0 0 0 1 -76.6125 -1.6048 8.7 
0 0 6.5 1 -38.8224 236.986 8.7 
10 0 0 1 147.777 74.5106 8.7 
10 0 6.5 1 161.087 214.804 8.7 
10 10 0 1 364.98 32.5848 8.7 
10 10 6.5 1 371.156 205.206 8.7 
0 10 0 1 272.276 -128.504 8.7 
0 10 6.5 1 293.889 222.155 8.7 
0 5 10 1 114.294 370.811 8.7 
10 5 10 1 261.182 286.981 8.7 
0 6 0 1 98.9853 -65.3669 8.7 
0 8 0 1 176.705 -96.7458 8.7 
0 8 5 1 201.855 159.689 8.7 
0 6 5 1 125.842 168.336 8.7 
0 2 2.5 1 -11.0677 82.2378 8.7 
0 4 2.5 1 45.1715 68.5895 8.7 
0 4 5 1 60.7861 174.108 8.7 
0 2 5 1 4.03153 182.502 8.7 
0.5 0.5 -0.5 1 -49.2509 -19.9353 8.7 
0.5 0.5 6 1 -13.1241 220.342 8.7 
10.5 0.5 -0.5 1 159.471 64.4268 8.7 
10.5 0.5 6 1 173.455 201.813 8.7 
10.5 10.5 -0.5 1 379.057 17.6302 8.7 
10.5 10.5 6 1 385.039 186.397 8.7 
0.5 10.5 -0.5 1 305.86 -151.886 8.7 
0.5 10.5 6 1 322.92 197.79 8.7 
0.5 5.5 9.5 1 142.487 347.63 8.7 
10.5 5.5 9.5 1 275.256 272.281 8.7 
0.5 6.5 -0.5 1 129.625 -89.4942 8.7 
0.5 8.5 -0.5 1 209.641 -114.986 8.7 
0.5 8.5 4.5 1 229.829 137.242 8.7 
0.5 6.5 4.5 1 151.699 144.616 8.7 
0.5 2.5 2 1 14.7232 66.2996 8.7 
0.5 4.5 2 1 75.236 49.0112 8.7 
0.5 4.5 4.5 1 86.4701 153.061 8.7 
0.5 2.5 4.5 1 28.2211 160.64 8.7 
