0 0 0 1 -47.5141 4.92469 7.99999 
0 0 6.5 1 -16.9738 209.564 7.99999 
10 0 0 1 180.967 58.2694 7.99999 
10 0 6.5 1 184.44 194.884 7.99999 
10 10 0 1 379.146 18.6531 7.99999 
10 10 6.5 1 373.365 203.067 7.99999 
0 10 0 1 184.01 -110.572 7.99999 
0 10 6.5 1 196.752 234.187 7.99999 
0 5 10 1 78.126 341.122 7.99999 
10 5 10 1 269.314 268.293 7.99999 
0 6 0 1 61.3823 -53.0431 7.99999 
0 8 0 1 115.791 -77.3829 7.99999 
0 8 5 1 134.781 165.85 7.99999 
0 6 5 1 80.8501 164.618 7.99999 
0 2 2.5 1 -5.24748 76.6403 7.99999 
0 4 2.5 1 30.409 70.5851 7.99999 
0 4 5 1 37.8062 168.164 7.99999 
0 2 5 1 1.87935 168.925 7.99999 
0.5 0.5 -0.5 1 -25.7467 -14.6762 7.99999 
0.5 0.5 6 1 1.17474 197.7 7.99999 
10.5 0.5 -0.5 1 192.467 48.3412 7.99999 
10.5 0.5 6 1 200.218 182.13 7.99999 
10.5 10.5 -0.5 1 398.204 6.0649 7.99999 
10.5 10.5 6 1 392.081 185.289 7.99999 
0.5 10.5 -0.5 1 220.836 -140.612 7.99999 
0.5 10.5 6 1 228.698 208.209 7.99999 
0.5 5.5 9.5 1 103.396 321.544 7.99999 
10.5 5.5 9.5 1 280.59 259.315 7.99999 
0.5 6.5 -0.5 1 92.1784 -72.3632 7.99999 
0.5 8.5 -0.5 1 148.659 -101.385 7.99999 
0.5 8.5 4.5 1 162.57 139.247 7.99999 
0.5 6.5 4.5 1 109.006 144.522 7.99999 
0.5 2.5 2 1 17.9252 61.8587 7.99999 
0.5 4.5 2 1 55.5297 52.404 7.99999 
0.5 4.5 4.5 1 67.6285 144.754 7.99999 
0.5 2.5 4.5 1 26.532 149.234 7.99999 
