0 0 0 1 371.058 242.074 17.4667 
0 0 6.5 1 378.055 418.239 17.4667 
10 0 0 1 150.888 173.524 17.4667 
10 0 6.5 1 135.224 459.489 17.4667 
10 10 0 1 12.5698 237.315 17.4667 
10 10 6.5 1 -9.53268 410.766 17.4667 
0 10 0 1 211.003 267.917 17.4667 
0 10 6.5 1 204.045 393.34 17.4667 
0 5 10 1 277.674 490.533 17.4667 
10 5 10 1 31.7744 562.418 17.4667 
0 6 0 1 264.359 263.72 17.4667 
0 8 0 1 236.612 266.488 17.4667 
0 8 5 1 233.59 368.773 17.4667 
0 6 5 1 263.514 368.455 17.4667 
0 2 2.5 1 332.959 309.604 17.4667 
0 4 2.5 1 293.682 314.6 17.4667 
0 4 5 1 293.758 369.76 17.4667 
0 2 5 1 332.173 371.493 17.4667 
0.5 0.5 -0.5 1 355.271 228.855 17.4667 
0.5 0.5 6 1 357.04 403.128 17.4667 
10.5 0.5 -0.5 1 125.607 152.274 17.4667 
10.5 0.5 6 1 100.713 435.884 17.4667 
10.5 10.5 -0.5 1 -1.65889 225.009 17.4667 
10.5 10.5 6 1 -27.1889 394.913 17.4667 
0.5 10.5 -0.5 1 197.497 259.462 17.4667 
0.5 10.5 6 1 194.663 383.154 17.4667 
0.5 5.5 9.5 1 263.333 478.121 17.4667 
10.5 5.5 9.5 1 6.15838 542.976 17.4667 
0.5 6.5 -0.5 1 249.707 249.435 17.4667 
0.5 8.5 -0.5 1 221.748 255.484 17.4667 
0.5 8.5 4.5 1 220.47 355.068 17.4667 
0.5 6.5 4.5 1 247.896 354.518 17.4667 
0.5 2.5 2 1 312.634 296.724 17.4667 
0.5 4.5 2 1 281.453 299.114 17.4667 
0.5 4.5 4.5 1 277.164 357.303 17.4667 
0.5 2.5 4.5 1 313.367 359.58 17.4667 
