0 0 0 1 330.676 66.0011 1.83333 
0 0 6.5 1 327.998 202.845 1.83333 
10 0 0 1 553.173 3.14138 1.83333 
10 0 6.5 1 531.958 220.261 1.83333 
10 10 0 1 292.547 -86.1928 1.83333 
10 10 6.5 1 296.876 257.627 1.83333 
0 10 0 1 121.938 40.8467 1.83333 
0 10 6.5 1 136.481 220.635 1.83333 
0 5 10 1 246.017 281.922 1.83333 
10 5 10 1 434.943 353.339 1.83333 
0 6 0 1 219.575 55.2177 1.83333 
0 8 0 1 174.509 47.8028 1.83333 
0 8 5 1 181.397 179.206 1.83333 
0 6 5 1 225.95 175.09 1.83333 
0 2 2.5 1 295.523 120.769 1.83333 
0 4 2.5 1 261.924 118.618 1.83333 
0 4 5 1 263.335 176.744 1.83333 
0 2 5 1 297.661 171.675 1.83333 
0.5 0.5 -0.5 1 327.962 54.9492 1.83333 
0.5 0.5 6 1 328.566 194.759 1.83333 
10.5 0.5 -0.5 1 563.416 -22.3121 1.83333 
10.5 0.5 6 1 546.187 202.983 1.83333 
10.5 10.5 -0.5 1 287.362 -135.767 1.83333 
10.5 10.5 6 1 287.82 239.208 1.83333 
0.5 10.5 -0.5 1 112.365 22.1766 1.83333 
0.5 10.5 6 1 126.896 211.996 1.83333 
0.5 5.5 9.5 1 245.33 279.981 1.83333 
10.5 5.5 9.5 1 440.224 350.074 1.83333 
0.5 6.5 -0.5 1 211.612 37.6018 1.83333 
0.5 8.5 -0.5 1 169.184 28.046 1.83333 
0.5 8.5 4.5 1 174.801 166.77 1.83333 
0.5 6.5 4.5 1 217.912 164.266 1.83333 
0.5 2.5 2 1 294.74 108.444 1.83333 
0.5 4.5 2 1 255.56 104.832 1.83333 
0.5 4.5 4.5 1 259.271 162.587 1.83333 
0.5 2.5 4.5 1 297.232 164.646 1.83333 
