0 0 0 1 -39.0559 110.508 9.36668 
0 0 6.5 1 -12.2155 374.166 9.36668 
10 0 0 1 136.917 169.154 9.36668 
10 0 6.5 1 156.236 313.489 9.36668 
10 10 0 1 362.112 139.638 9.36668 
10 10 6.5 1 377.381 295.428 9.36668 
0 10 0 1 381.009 32.708 9.36668 
0 10 6.5 1 412.303 352.967 9.36668 
0 5 10 1 197.126 514.604 9.36668 
10 5 10 1 268.63 383.572 9.36668 
0 6 0 1 194.426 67.9535 9.36668 
0 8 0 1 284.671 50.2041 9.36668 
0 8 5 1 304.772 287.587 9.36668 
0 6 5 1 215.202 296.568 9.36668 
0 2 2.5 1 44.3384 201.868 9.36668 
0 4 2.5 1 122.509 191.743 9.36668 
0 4 5 1 133.486 300.447 9.36668 
0 2 5 1 54.1488 306.68 9.36668 
0.5 0.5 -0.5 1 -8.16972 91.613 9.36668 
0.5 0.5 6 1 20.7833 350.519 9.36668 
10.5 0.5 -0.5 1 153.293 161.889 9.36668 
10.5 0.5 6 1 167.806 300.925 9.36668 
10.5 10.5 -0.5 1 374.899 127.724 9.36668 
10.5 10.5 6 1 387.978 282.035 9.36668 
0.5 10.5 -0.5 1 401.499 12.9247 9.36668 
0.5 10.5 6 1 429.671 322.68 9.36668 
0.5 5.5 9.5 1 221.119 482.715 9.36668 
10.5 5.5 9.5 1 280.865 366.004 9.36668 
0.5 6.5 -0.5 1 218.259 48.4042 9.36668 
0.5 8.5 -0.5 1 309.478 34.6348 9.36668 
0.5 8.5 4.5 1 328.81 264.919 9.36668 
0.5 6.5 4.5 1 238.881 267.97 9.36668 
0.5 2.5 2 1 72.3402 183.189 9.36668 
0.5 4.5 2 1 147.755 169.617 9.36668 
0.5 4.5 4.5 1 160.574 274.216 9.36668 
0.5 2.5 4.5 1 82.9786 282.831 9.36668 
