0 0 0 1 382.58 122.62 15.7334 
0 0 6.5 1 404.235 306.174 15.7334 
10 0 0 1 83.1237 130.844 15.7334 
10 0 6.5 1 105.044 346.152 15.7334 
10 10 0 1 107.462 187.48 15.7334 
10 10 6.5 1 120.851 313.278 15.7334 
0 10 0 1 293.615 178.074 15.7334 
0 10 6.5 1 308.246 294.602 15.7334 
0 5 10 1 352.286 374.05 15.7334 
10 5 10 1 122.89 414.195 15.7334 
0 6 0 1 321.294 157.585 15.7334 
0 8 0 1 307.537 170.099 15.7334 
0 8 5 1 316.55 264.474 15.7334 
0 6 5 1 329.54 262.669 15.7334 
0 2 2.5 1 366.294 201.903 15.7334 
0 4 2.5 1 343.627 209.927 15.7334 
0 4 5 1 348.065 267.021 15.7334 
0 2 5 1 371.579 264.592 15.7334 
0.5 0.5 -0.5 1 362.483 112.179 15.7334 
0.5 0.5 6 1 382.018 294.731 15.7334 
10.5 0.5 -0.5 1 67.4497 120.394 15.7334 
10.5 0.5 6 1 86.9718 331.258 15.7334 
10.5 10.5 -0.5 1 98.0801 180.553 15.7334 
10.5 10.5 6 1 109.734 305.31 15.7334 
0.5 10.5 -0.5 1 283.554 168.691 15.7334 
0.5 10.5 6 1 295.982 284.964 15.7334 
0.5 5.5 9.5 1 335.719 362.217 15.7334 
10.5 5.5 9.5 1 110.809 397.258 15.7334 
0.5 6.5 -0.5 1 306.436 153.245 15.7334 
0.5 8.5 -0.5 1 292.846 160.7 15.7334 
0.5 8.5 4.5 1 304.389 255.342 15.7334 
0.5 6.5 4.5 1 318.804 254.842 15.7334 
0.5 2.5 2 1 347.264 189.111 15.7334 
0.5 4.5 2 1 325.805 199.168 15.7334 
0.5 4.5 4.5 1 335.755 254.437 15.7334 
0.5 2.5 4.5 1 350.265 251.231 15.7334 
