0 0 0 1 238.335 231.12 3.76666 
0 0 6.5 1 245.403 350.316 3.76666 
10 0 0 1 421.665 203.192 3.76666 
10 0 6.5 1 438.407 339.838 3.76666 
10 10 0 1 404.91 144.151 3.76666 
10 10 6.5 1 430.947 372.082 3.76666 
0 10 0 1 120.842 200.808 3.76666 
0 10 6.5 1 130.842 380.226 3.76666 
0 5 10 1 205.809 439.839 3.76666 
10 5 10 1 450.678 450.869 3.76666 
0 6 0 1 179.347 216.632 3.76666 
0 8 0 1 154.886 212.082 3.76666 
0 8 5 1 162.567 334.062 3.76666 
0 6 5 1 189.406 330.525 3.76666 
0 2 2.5 1 222.551 276.882 3.76666 
0 4 2.5 1 208.59 273.874 3.76666 
0 4 5 1 207.984 325.303 3.76666 
0 2 5 1 228.946 324.756 3.76666 
0.5 0.5 -0.5 1 240.879 222.648 3.76666 
0.5 0.5 6 1 249.161 342.745 3.76666 
10.5 0.5 -0.5 1 433.972 193.065 3.76666 
10.5 0.5 6 1 450.843 326.437 3.76666 
10.5 10.5 -0.5 1 419.652 116.414 3.76666 
10.5 10.5 6 1 448.718 358.546 3.76666 
0.5 10.5 -0.5 1 124.428 179.198 3.76666 
0.5 10.5 6 1 130.452 367.377 3.76666 
0.5 5.5 9.5 1 209.57 430.696 3.76666 
10.5 5.5 9.5 1 464.467 440.612 3.76666 
0.5 6.5 -0.5 1 179.801 203.02 3.76666 
0.5 8.5 -0.5 1 155.474 193.017 3.76666 
0.5 8.5 4.5 1 161.749 321.156 3.76666 
0.5 6.5 4.5 1 189.873 317.076 3.76666 
0.5 2.5 2 1 228.656 265.267 3.76666 
0.5 4.5 2 1 208.3 264.612 3.76666 
0.5 4.5 4.5 1 213.954 316.033 3.76666 
0.5 2.5 4.5 1 229.285 312.837 3.76666 
