0 0 0 1 420.446 -53.2491 14.5334 
0 0 6.5 1 414.052 179.26 14.5334 
10 0 0 1 87.7399 -20.946 14.5334 
10 0 6.5 1 108.319 189.125 14.5334 
10 10 0 1 183.573 55.3746 14.5334 
10 10 6.5 1 187.84 181.712 14.5334 
0 10 0 1 377.007 40.21 14.5334 
0 10 6.5 1 377.766 174.425 14.5334 
0 5 10 1 388.331 257.729 14.5334 
10 5 10 1 159.697 262.195 14.5334 
0 6 0 1 389.59 13.3888 14.5334 
0 8 0 1 380.734 27.0455 14.5334 
0 8 5 1 382.923 142.62 14.5334 
0 6 5 1 388.352 140.444 14.5334 
0 2 2.5 1 406.527 55.3833 14.5334 
0 4 2.5 1 396.065 66.151 14.5334 
0 4 5 1 395.111 140.082 14.5334 
0 2 5 1 402.984 134.605 14.5334 
0.5 0.5 -0.5 1 399.337 -63.843 14.5334 
0.5 0.5 6 1 396.099 161.579 14.5334 
10.5 0.5 -0.5 1 79.0809 -30.0525 14.5334 
10.5 0.5 6 1 98.7712 175.421 14.5334 
10.5 10.5 -0.5 1 176.297 47.7933 14.5334 
10.5 10.5 6 1 181.432 171.897 14.5334 
0.5 10.5 -0.5 1 364.738 33.0807 14.5334 
0.5 10.5 6 1 363.513 163.685 14.5334 
0.5 5.5 9.5 1 375.415 244.755 14.5334 
10.5 5.5 9.5 1 154.945 249.686 14.5334 
0.5 6.5 -0.5 1 375.682 6.96147 14.5334 
0.5 8.5 -0.5 1 369.044 20.1228 14.5334 
0.5 8.5 4.5 1 371.27 133.454 14.5334 
0.5 6.5 4.5 1 376.42 128.935 14.5334 
0.5 2.5 2 1 388.859 45.6446 14.5334 
0.5 4.5 2 1 379.682 60.153 14.5334 
0.5 4.5 4.5 1 379.246 124.632 14.5334 
0.5 2.5 4.5 1 387.484 121.797 14.5334 
