0 0 0 1 369.244 240.864 17.6001 
0 0 6.5 1 374.471 415.359 17.6001 
10 0 0 1 161.554 163.257 17.6001 
10 0 6.5 1 140.972 457.547 17.6001 
10 10 0 1 8.53866 225.778 17.6001 
10 10 6.5 1 -14.6775 403.321 17.6001 
0 10 0 1 207.78 264.95 17.6001 
0 10 6.5 1 196.203 388.867 17.6001 
0 5 10 1 270.251 487.563 17.6001 
10 5 10 1 27.8164 561.103 17.6001 
0 6 0 1 260.587 258.044 17.6001 
0 8 0 1 231.803 262.202 17.6001 
0 8 5 1 227.363 360.921 17.6001 
0 6 5 1 255.671 364.416 17.6001 
0 2 2.5 1 332.491 304.541 17.6001 
0 4 2.5 1 293.905 304.41 17.6001 
0 4 5 1 290.371 366.578 17.6001 
0 2 5 1 329.137 371.406 17.6001 
0.5 0.5 -0.5 1 356.259 227.005 17.6001 
0.5 0.5 6 1 357.18 399.081 17.6001 
10.5 0.5 -0.5 1 134.936 141.814 17.6001 
10.5 0.5 6 1 113.371 430.077 17.6001 
10.5 10.5 -0.5 1 -7.7559 216.503 17.6001 
10.5 10.5 6 1 -34.9244 388.54 17.6001 
0.5 10.5 -0.5 1 193.363 256.545 17.6001 
0.5 10.5 6 1 186.331 377.768 17.6001 
0.5 5.5 9.5 1 254.427 475.639 17.6001 
10.5 5.5 9.5 1 4.04065 541.039 17.6001 
0.5 6.5 -0.5 1 247.475 243.488 17.6001 
0.5 8.5 -0.5 1 216.244 249.927 17.6001 
0.5 8.5 4.5 1 214.17 350.301 17.6001 
0.5 6.5 4.5 1 242.857 354.923 17.6001 
0.5 2.5 2 1 311.844 290.87 17.6001 
0.5 4.5 2 1 275.695 294.989 17.6001 
0.5 4.5 4.5 1 276.507 350.577 17.6001 
0.5 2.5 4.5 1 312.026 357.234 17.6001 
