0 0 0 1 -27.9062 121.42 9.50001 
0 0 6.5 1 -3.47046 390.159 9.50001 
10 0 0 1 141.374 183.178 9.50001 
10 0 6.5 1 156.617 327.178 9.50001 
10 10 0 1 364.247 153.573 9.50001 
10 10 6.5 1 381.457 309.804 9.50001 
0 10 0 1 401.677 51.3677 9.50001 
0 10 6.5 1 434.232 365.947 9.50001 
0 5 10 1 213.943 537.068 9.50001 
10 5 10 1 265.953 399.269 9.50001 
0 6 0 1 212.701 81.007 9.50001 
0 8 0 1 303.949 68.0928 9.50001 
0 8 5 1 328.684 300.652 9.50001 
0 6 5 1 236.241 308.601 9.50001 
0 2 2.5 1 59.5189 218.574 9.50001 
0 4 2.5 1 141.533 206.008 9.50001 
0 4 5 1 149.405 314.757 9.50001 
0 2 5 1 69.418 324.31 9.50001 
0.5 0.5 -0.5 1 7.97067 105.872 9.50001 
0.5 0.5 6 1 27.7959 366.017 9.50001 
10.5 0.5 -0.5 1 153.057 173.56 9.50001 
10.5 0.5 6 1 166.909 312.736 9.50001 
10.5 10.5 -0.5 1 374.01 145.67 9.50001 
10.5 10.5 6 1 390.956 293.275 9.50001 
0.5 10.5 -0.5 1 418.346 34.624 9.50001 
0.5 10.5 6 1 452.94 332.377 9.50001 
0.5 5.5 9.5 1 237.877 503.524 9.50001 
10.5 5.5 9.5 1 281.251 381.387 9.50001 
0.5 6.5 -0.5 1 239.895 63.6589 9.50001 
0.5 8.5 -0.5 1 327.166 51.0988 9.50001 
0.5 8.5 4.5 1 349.696 273.105 9.50001 
0.5 6.5 4.5 1 261.664 282.045 9.50001 
0.5 2.5 2 1 89.3902 195.038 9.50001 
0.5 4.5 2 1 165.013 181.733 9.50001 
0.5 4.5 4.5 1 173.785 288.804 9.50001 
0.5 2.5 4.5 1 97.6739 296.963 9.50001 
