0 0 0 1 -0.971676 119.066 9.80002 
0 0 6.5 1 18.7845 406.431 9.80002 
10 0 0 1 139.828 200.924 9.80002 
10 0 6.5 1 150.31 344.324 9.80002 
10 10 0 1 361.427 174.933 9.80002 
10 10 6.5 1 381.14 325.811 9.80002 
0 10 0 1 440.47 68.963 9.80002 
0 10 6.5 1 477.548 367.562 9.80002 
0 5 10 1 255.619 555.944 9.80002 
10 5 10 1 270.804 419.153 9.80002 
0 6 0 1 255.842 91.4416 9.80002 
0 8 0 1 348.012 80.4716 9.80002 
0 8 5 1 374.438 303.882 9.80002 
0 6 5 1 280.336 309.71 9.80002 
0 2 2.5 1 90.485 215.341 9.80002 
0 4 2.5 1 176.915 208.982 9.80002 
0 4 5 1 192.188 321.935 9.80002 
0 2 5 1 99.5643 328.285 9.80002 
0.5 0.5 -0.5 1 33.6289 104.609 9.80002 
0.5 0.5 6 1 46.4153 376.496 9.80002 
10.5 0.5 -0.5 1 148.369 191.484 9.80002 
10.5 0.5 6 1 164.613 332.579 9.80002 
10.5 10.5 -0.5 1 373.319 166.17 9.80002 
10.5 10.5 6 1 389.831 310.702 9.80002 
0.5 10.5 -0.5 1 453.295 54.4888 9.80002 
0.5 10.5 6 1 491.487 340.165 9.80002 
0.5 5.5 9.5 1 279.738 518.727 9.80002 
10.5 5.5 9.5 1 279.463 401.353 9.80002 
0.5 6.5 -0.5 1 278.624 74.7745 9.80002 
0.5 8.5 -0.5 1 365.978 64.3165 9.80002 
0.5 8.5 4.5 1 388.004 281.236 9.80002 
0.5 6.5 4.5 1 298.027 289.465 9.80002 
0.5 2.5 2 1 122.033 196.442 9.80002 
0.5 4.5 2 1 203.636 189.85 9.80002 
0.5 4.5 4.5 1 212.757 295.831 9.80002 
0.5 2.5 4.5 1 130.556 305.142 9.80002 
