0 0 0 1 279.483 131.844 11.6667 
0 0 6.5 1 262.511 449.942 11.6667 
10 0 0 1 142.774 217.076 11.6667 
10 0 6.5 1 125.174 379.72 11.6667 
10 10 0 1 331.92 250.798 11.6667 
10 10 6.5 1 327.422 381.509 11.6667 
0 10 0 1 535.99 216.288 11.6667 
0 10 6.5 1 542.602 422.684 11.6667 
0 5 10 1 433.182 586.212 11.6667 
10 5 10 1 237.775 465.685 11.6667 
0 6 0 1 458.95 188.963 11.6667 
0 8 0 1 500.428 207.522 11.6667 
0 8 5 1 504.99 373.411 11.6667 
0 6 5 1 458.356 372.087 11.6667 
0 2 2.5 1 347.908 261.707 11.6667 
0 4 2.5 1 405.932 264.764 11.6667 
0 4 5 1 407.089 372.554 11.6667 
0 2 5 1 344.627 369.573 11.6667 
0.5 0.5 -0.5 1 287.032 127.222 11.6667 
0.5 0.5 6 1 271.669 415.38 11.6667 
10.5 0.5 -0.5 1 153.529 209.632 11.6667 
10.5 0.5 6 1 135.635 367.424 11.6667 
10.5 10.5 -0.5 1 336.419 243.072 11.6667 
10.5 10.5 6 1 333.571 370.332 11.6667 
0.5 10.5 -0.5 1 530.376 204.058 11.6667 
0.5 10.5 6 1 533.264 403.303 11.6667 
0.5 5.5 9.5 1 429.105 551.214 11.6667 
10.5 5.5 9.5 1 241.419 447.214 11.6667 
0.5 6.5 -0.5 1 452.482 179.715 11.6667 
0.5 8.5 -0.5 1 494.791 194.251 11.6667 
0.5 8.5 4.5 1 495.421 353.46 11.6667 
0.5 6.5 4.5 1 451.141 350.662 11.6667 
0.5 2.5 2 1 350.222 245.238 11.6667 
0.5 4.5 2 1 402.934 252.594 11.6667 
0.5 4.5 4.5 1 401.918 352.485 11.6667 
0.5 2.5 4.5 1 346.978 346.214 11.6667 
