0 0 0 1 174.934 245.235 4.86666 
0 0 6.5 1 165.276 368.232 4.86666 
10 0 0 1 355.34 248.671 4.86666 
10 0 6.5 1 360.604 368.95 4.86666 
10 10 0 1 404.288 186.239 4.86666 
10 10 6.5 1 416.471 386.256 4.86666 
0 10 0 1 115.103 187.415 4.86666 
0 10 6.5 1 101.33 377.054 4.86666 
0 5 10 1 136.882 457.873 4.86666 
10 5 10 1 382.908 463.964 4.86666 
0 6 0 1 146.184 217.663 4.86666 
0 8 0 1 130.144 205.112 4.86666 
0 8 5 1 119.646 330.239 4.86666 
0 6 5 1 137.77 333.359 4.86666 
0 2 2.5 1 160.989 286.798 4.86666 
0 4 2.5 1 153.651 278.263 4.86666 
0 4 5 1 150.071 334.855 4.86666 
0 2 5 1 162.116 338.946 4.86666 
0.5 0.5 -0.5 1 183.674 234.679 4.86666 
0.5 0.5 6 1 174.341 354.789 4.86666 
10.5 0.5 -0.5 1 361.602 236.669 4.86666 
10.5 0.5 6 1 369.813 360.265 4.86666 
10.5 10.5 -0.5 1 422.081 166.228 4.86666 
10.5 10.5 6 1 434.549 367.623 4.86666 
0.5 10.5 -0.5 1 124.522 168.308 4.86666 
0.5 10.5 6 1 109.958 360.652 4.86666 
0.5 5.5 9.5 1 143.628 450.099 4.86666 
10.5 5.5 9.5 1 396.905 452.692 4.86666 
0.5 6.5 -0.5 1 154.504 203.596 4.86666 
0.5 8.5 -0.5 1 140.436 188.142 4.86666 
0.5 8.5 4.5 1 130.548 316.877 4.86666 
0.5 6.5 4.5 1 146.765 324.36 4.86666 
0.5 2.5 2 1 172.039 274.305 4.86666 
0.5 4.5 2 1 161.145 269.04 4.86666 
0.5 4.5 4.5 1 160.744 324.433 4.86666 
0.5 2.5 4.5 1 167.078 327.484 4.86666 
