0 0 0 1 356.902 44.5258 12.2 
0 0 6.5 1 330.176 336.33 12.2 
10 0 0 1 153.09 133.827 12.2 
10 0 6.5 1 130.433 301.654 12.2 
10 10 0 1 318.229 188.019 12.2 
10 10 6.5 1 311.434 312.246 12.2 
0 10 0 1 526.008 157.535 12.2 
0 10 6.5 1 517.719 336.662 12.2 
0 5 10 1 439.852 463.214 12.2 
10 5 10 1 224.95 380.707 12.2 
0 6 0 1 477.861 127.026 12.2 
0 8 0 1 503.91 141.3 12.2 
0 8 5 1 498.614 289.817 12.2 
0 6 5 1 467.676 287.663 12.2 
0 2 2.5 1 396.232 175.318 12.2 
0 4 2.5 1 435.717 193.24 12.2 
0 4 5 1 431.964 279.645 12.2 
0 2 5 1 392.361 273.564 12.2 
0.5 0.5 -0.5 1 352.113 42.3075 12.2 
0.5 0.5 6 1 329.997 312.366 12.2 
10.5 0.5 -0.5 1 156.172 127.822 12.2 
10.5 0.5 6 1 139.256 286.545 12.2 
10.5 10.5 -0.5 1 320.467 180.241 12.2 
10.5 10.5 6 1 311.62 299.819 12.2 
0.5 10.5 -0.5 1 517.905 149.378 12.2 
0.5 10.5 6 1 506.731 322.015 12.2 
0.5 5.5 9.5 1 433.315 439.328 12.2 
10.5 5.5 9.5 1 229.717 371.655 12.2 
0.5 6.5 -0.5 1 467.015 117.99 12.2 
0.5 8.5 -0.5 1 494.276 136.975 12.2 
0.5 8.5 4.5 1 486.82 274.128 12.2 
0.5 6.5 4.5 1 461.386 273.996 12.2 
0.5 2.5 2 1 394.214 164.494 12.2 
0.5 4.5 2 1 427.668 181.041 12.2 
0.5 4.5 4.5 1 428.672 265.184 12.2 
0.5 2.5 4.5 1 386.6 257.627 12.2 
