0 0 0 1 337.462 74.7715 1.63333 
0 0 6.5 1 335.591 209.947 1.63333 
10 0 0 1 568.232 14.444 1.63333 
10 0 6.5 1 540.062 239.011 1.63333 
10 10 0 1 268.888 -66.2877 1.63333 
10 10 6.5 1 268.689 276.519 1.63333 
0 10 0 1 128.237 50.3545 1.63333 
0 10 6.5 1 138.942 223.417 1.63333 
0 5 10 1 250.051 292.979 1.63333 
10 5 10 1 422.709 374.015 1.63333 
0 6 0 1 228.641 60.9478 1.63333 
0 8 0 1 182.264 55.8036 1.63333 
0 8 5 1 184.14 183.766 1.63333 
0 6 5 1 227.003 184.171 1.63333 
0 2 2.5 1 304.801 127.611 1.63333 
0 4 2.5 1 266.751 124.751 1.63333 
0 4 5 1 265.705 182.82 1.63333 
0 2 5 1 302.381 180.272 1.63333 
0.5 0.5 -0.5 1 337.925 58.0797 1.63333 
0.5 0.5 6 1 334.973 202.655 1.63333 
10.5 0.5 -0.5 1 579.42 -14.115 1.63333 
10.5 0.5 6 1 550.753 225.18 1.63333 
10.5 10.5 -0.5 1 258.099 -117.916 1.63333 
10.5 10.5 6 1 258.386 264.035 1.63333 
0.5 10.5 -0.5 1 114.282 30.5568 1.63333 
0.5 10.5 6 1 127.867 210.219 1.63333 
0.5 5.5 9.5 1 243.118 284.89 1.63333 
10.5 5.5 9.5 1 423.677 370.982 1.63333 
0.5 6.5 -0.5 1 220.456 42.1851 1.63333 
0.5 8.5 -0.5 1 169.688 36.0033 1.63333 
0.5 8.5 4.5 1 175.926 174.216 1.63333 
0.5 6.5 4.5 1 225.351 172.926 1.63333 
0.5 2.5 2 1 301.029 115.552 1.63333 
0.5 4.5 2 1 264.184 112.113 1.63333 
0.5 4.5 4.5 1 261.602 170.285 1.63333 
0.5 2.5 4.5 1 303.663 171.771 1.63333 
