0 0 0 1 373.599 26.8379 12.3334 
0 0 6.5 1 347.29 314.942 12.3334 
10 0 0 1 150.802 113.326 12.3334 
10 0 6.5 1 132.357 278.957 12.3334 
10 10 0 1 317.96 172.686 12.3334 
10 10 6.5 1 307.081 290.087 12.3334 
0 10 0 1 526.514 144.733 12.3334 
0 10 6.5 1 511.425 316.908 12.3334 
0 5 10 1 439.266 436.615 12.3334 
10 5 10 1 225.83 365.357 12.3334 
0 6 0 1 477.542 108.333 12.3334 
0 8 0 1 504.168 128.69 12.3334 
0 8 5 1 490.012 272.141 12.3334 
0 6 5 1 467.445 265.886 12.3334 
0 2 2.5 1 406.958 158.542 12.3334 
0 4 2.5 1 446.367 174.013 12.3334 
0 4 5 1 436.392 264.972 12.3334 
0 2 5 1 399.016 254.249 12.3334 
0.5 0.5 -0.5 1 366.337 23.3069 12.3334 
0.5 0.5 6 1 345.032 287.212 12.3334 
10.5 0.5 -0.5 1 155.352 103.383 12.3334 
10.5 0.5 6 1 139.661 267.714 12.3334 
10.5 10.5 -0.5 1 318.639 164.708 12.3334 
10.5 10.5 6 1 301.439 285.913 12.3334 
0.5 10.5 -0.5 1 517.417 136.183 12.3334 
0.5 10.5 6 1 503.467 301.405 12.3334 
0.5 5.5 9.5 1 434.123 410.63 12.3334 
10.5 5.5 9.5 1 229.369 352.485 12.3334 
0.5 6.5 -0.5 1 471.551 103.525 12.3334 
0.5 8.5 -0.5 1 495.647 120.988 12.3334 
0.5 8.5 4.5 1 486.284 256.664 12.3334 
0.5 6.5 4.5 1 460.011 256.593 12.3334 
0.5 2.5 2 1 403.622 145.821 12.3334 
0.5 4.5 2 1 438.311 162.959 12.3334 
0.5 4.5 4.5 1 432.118 244.432 12.3334 
0.5 2.5 4.5 1 396.787 235.624 12.3334 
