0 0 0 1 373.891 241.686 17.5334 
0 0 6.5 1 376.469 418.799 17.5334 
10 0 0 1 156.735 169.729 17.5334 
10 0 6.5 1 136.559 459.918 17.5334 
10 10 0 1 10.6579 232.533 17.5334 
10 10 6.5 1 -14.2461 408.51 17.5334 
0 10 0 1 208.157 267.56 17.5334 
0 10 6.5 1 200.854 393.367 17.5334 
0 5 10 1 274.632 488.123 17.5334 
10 5 10 1 28.5569 559.791 17.5334 
0 6 0 1 261.094 258.579 17.5334 
0 8 0 1 234.732 264.392 17.5334 
0 8 5 1 229.863 367.135 17.5334 
0 6 5 1 260.721 367.971 17.5334 
0 2 2.5 1 330.54 307.362 17.5334 
0 4 2.5 1 292.938 308.344 17.5334 
0 4 5 1 293.314 368.844 17.5334 
0 2 5 1 330.469 371.723 17.5334 
0.5 0.5 -0.5 1 356.97 230.437 17.5334 
0.5 0.5 6 1 357.722 401.446 17.5334 
10.5 0.5 -0.5 1 128.047 149.632 17.5334 
10.5 0.5 6 1 104.202 434.215 17.5334 
10.5 10.5 -0.5 1 -5.48744 220.189 17.5334 
10.5 10.5 6 1 -32.2704 392.934 17.5334 
0.5 10.5 -0.5 1 195.439 258.519 17.5334 
0.5 10.5 6 1 186.922 383.459 17.5334 
0.5 5.5 9.5 1 259.935 473.594 17.5334 
10.5 5.5 9.5 1 3.08845 540.998 17.5334 
0.5 6.5 -0.5 1 250.209 251.185 17.5334 
0.5 8.5 -0.5 1 221.396 253.949 17.5334 
0.5 8.5 4.5 1 216.448 355.539 17.5334 
0.5 6.5 4.5 1 245.551 354.384 17.5334 
0.5 2.5 2 1 313.098 295.424 17.5334 
0.5 4.5 2 1 280.321 298.487 17.5334 
0.5 4.5 4.5 1 279.351 359.564 17.5334 
0.5 2.5 4.5 1 312.218 359.501 17.5334 
