0 0 0 1 438.495 -42.4022 14.0667 
0 0 6.5 1 417.116 205.784 14.0667 
10 0 0 1 107.594 -4.46161 14.0667 
10 0 6.5 1 116.865 197.825 14.0667 
10 10 0 1 218.877 58.2349 14.0667 
10 10 6.5 1 222.496 186.426 14.0667 
0 10 0 1 419.825 51.1795 14.0667 
0 10 6.5 1 411.365 188.952 14.0667 
0 5 10 1 405.373 283.09 14.0667 
10 5 10 1 183.794 267.84 14.0667 
0 6 0 1 428.54 25.5431 14.0667 
0 8 0 1 422.962 41.7161 14.0667 
0 8 5 1 413.884 157.574 14.0667 
0 6 5 1 413.906 158.454 14.0667 
0 2 2.5 1 426.355 74.5169 14.0667 
0 4 2.5 1 421.021 83.2219 14.0667 
0 4 5 1 418.35 157.059 14.0667 
0 2 5 1 419.318 158.833 14.0667 
0.5 0.5 -0.5 1 419.081 -51.6454 14.0667 
0.5 0.5 6 1 404.57 189.749 14.0667 
10.5 0.5 -0.5 1 105.388 -13.034 14.0667 
10.5 0.5 6 1 114.294 181.999 14.0667 
10.5 10.5 -0.5 1 213.728 52.0991 14.0667 
10.5 10.5 6 1 213.829 177.668 14.0667 
0.5 10.5 -0.5 1 411.101 40.4653 14.0667 
0.5 10.5 6 1 401.112 178.604 14.0667 
0.5 5.5 9.5 1 395.19 265.888 14.0667 
10.5 5.5 9.5 1 177.115 253.559 14.0667 
0.5 6.5 -0.5 1 412.308 14.8996 14.0667 
0.5 8.5 -0.5 1 411.449 30.4984 14.0667 
0.5 8.5 4.5 1 402.32 144.003 14.0667 
0.5 6.5 4.5 1 400.144 144.235 14.0667 
0.5 2.5 2 1 410.129 62.2728 14.0667 
0.5 4.5 2 1 408.486 73.6831 14.0667 
0.5 4.5 4.5 1 405.041 143.998 14.0667 
0.5 2.5 4.5 1 406.102 142.28 14.0667 
