0 0 0 1 -20.7754 124.7 9.56668 
0 0 6.5 1 1.22603 399.496 9.56668 
10 0 0 1 142.646 189.192 9.56668 
10 0 6.5 1 154.928 331.473 9.56668 
10 10 0 1 363.88 160.497 9.56668 
10 10 6.5 1 379.004 315.372 9.56668 
0 10 0 1 412.267 53.6452 9.56668 
0 10 6.5 1 445.498 370.467 9.56668 
0 5 10 1 223.532 546.83 9.56668 
10 5 10 1 268.893 403.562 9.56668 
0 6 0 1 225.649 85.4051 9.56668 
0 8 0 1 314.872 73.1951 9.56668 
0 8 5 1 336.256 305.825 9.56668 
0 6 5 1 245.358 312.946 9.56668 
0 2 2.5 1 64.1946 220.524 9.56668 
0 4 2.5 1 148.233 210.171 9.56668 
0 4 5 1 159.564 321.926 9.56668 
0 2 5 1 74.687 327.822 9.56668 
0.5 0.5 -0.5 1 11.2246 107.201 9.56668 
0.5 0.5 6 1 30.9327 370.537 9.56668 
10.5 0.5 -0.5 1 153.927 179.563 9.56668 
10.5 0.5 6 1 167.672 319.974 9.56668 
10.5 10.5 -0.5 1 372.996 149.701 9.56668 
10.5 10.5 6 1 390.289 300.533 9.56668 
0.5 10.5 -0.5 1 426.551 41.1119 9.56668 
0.5 10.5 6 1 464.203 339.694 9.56668 
0.5 5.5 9.5 1 244.561 511.224 9.56668 
10.5 5.5 9.5 1 286.419 388.165 9.56668 
0.5 6.5 -0.5 1 246.44 71.1234 9.56668 
0.5 8.5 -0.5 1 334.921 55.2639 9.56668 
0.5 8.5 4.5 1 359.655 277.791 9.56668 
0.5 6.5 4.5 1 271.179 285.32 9.56668 
0.5 2.5 2 1 91.1784 198.099 9.56668 
0.5 4.5 2 1 174.866 185.943 9.56668 
0.5 4.5 4.5 1 184.832 296.239 9.56668 
0.5 2.5 4.5 1 103.387 302.084 9.56668 
