0 0 0 1 32.1435 98.5753 10.0334 
0 0 6.5 1 37.8471 390.669 10.0334 
10 0 0 1 137.817 200.502 10.0334 
10 0 6.5 1 147.557 349.467 10.0334 
10 10 0 1 364.492 184.349 10.0334 
10 10 6.5 1 376.828 329.127 10.0334 
0 10 0 1 462.073 64.2129 10.0334 
0 10 6.5 1 505.332 351.084 10.0334 
0 5 10 1 287.775 544.767 10.0334 
10 5 10 1 270.556 421.07 10.0334 
0 6 0 1 291.387 78.2373 10.0334 
0 8 0 1 373.518 73.5208 10.0334 
0 8 5 1 405.006 290.958 10.0334 
0 6 5 1 310.63 296.398 10.0334 
0 2 2.5 1 123.184 199.887 10.0334 
0 4 2.5 1 211.109 191.141 10.0334 
0 4 5 1 221.634 303.129 10.0334 
0 2 5 1 129.637 311.32 10.0334 
0.5 0.5 -0.5 1 60.7201 90.0531 10.0334 
0.5 0.5 6 1 67.0847 361.602 10.0334 
10.5 0.5 -0.5 1 153.262 193.662 10.0334 
10.5 0.5 6 1 160.793 333.965 10.0334 
10.5 10.5 -0.5 1 365.327 174.382 10.0334 
10.5 10.5 6 1 384.847 315.358 10.0334 
0.5 10.5 -0.5 1 471.024 57.1462 10.0334 
0.5 10.5 6 1 509.524 325.272 10.0334 
0.5 5.5 9.5 1 306.809 503.197 10.0334 
10.5 5.5 9.5 1 278.488 407.578 10.0334 
0.5 6.5 -0.5 1 307.885 68.5072 10.0334 
0.5 8.5 -0.5 1 389.781 59.1525 10.0334 
0.5 8.5 4.5 1 413.68 266.818 10.0334 
0.5 6.5 4.5 1 328.99 275.504 10.0334 
0.5 2.5 2 1 147.27 182.024 10.0334 
0.5 4.5 2 1 233.578 172.729 10.0334 
0.5 4.5 4.5 1 241.826 279.919 10.0334 
0.5 2.5 4.5 1 155.968 286.677 10.0334 
