0 0 0 1 274.175 127.456 2.86667 
0 0 6.5 1 284.378 248.554 2.86667 
10 0 0 1 474.966 73.479 2.86667 
10 0 6.5 1 486.697 236.548 2.86667 
10 10 0 1 367.783 -11.7233 2.86667 
10 10 6.5 1 390.979 261.787 2.86667 
0 10 0 1 115.146 93.956 2.86667 
0 10 6.5 1 134.376 268.95 2.86667 
0 5 10 1 232.975 331.694 2.86667 
10 5 10 1 455.605 348.94 2.86667 
0 6 0 1 193.197 111.395 2.86667 
0 8 0 1 159.03 104.697 2.86667 
0 8 5 1 171.942 228.169 2.86667 
0 6 5 1 206.112 222.598 2.86667 
0 2 2.5 1 254.88 174.823 2.86667 
0 4 2.5 1 228.401 172.225 2.86667 
0 4 5 1 233.69 224.411 2.86667 
0 2 5 1 260.201 222.46 2.86667 
0.5 0.5 -0.5 1 275.225 113.434 2.86667 
0.5 0.5 6 1 285.788 236.892 2.86667 
10.5 0.5 -0.5 1 482.637 54.7215 2.86667 
10.5 0.5 6 1 495.049 223.821 2.86667 
10.5 10.5 -0.5 1 379.341 -54.1106 2.86667 
10.5 10.5 6 1 403.599 240.223 2.86667 
0.5 10.5 -0.5 1 110.938 75.2217 2.86667 
0.5 10.5 6 1 130.869 256.218 2.86667 
0.5 5.5 9.5 1 230.181 322.593 2.86667 
10.5 5.5 9.5 1 468.635 337.849 2.86667 
0.5 6.5 -0.5 1 192.045 95.7195 2.86667 
0.5 8.5 -0.5 1 157.959 82.6444 2.86667 
0.5 8.5 4.5 1 168.441 215.938 2.86667 
0.5 6.5 4.5 1 204.407 213.102 2.86667 
0.5 2.5 2 1 255.571 160.717 2.86667 
0.5 4.5 2 1 230.017 157.446 2.86667 
0.5 4.5 4.5 1 234.212 210.011 2.86667 
0.5 2.5 4.5 1 262.123 210.901 2.86667 
