0 0 0 1 373.036 186.886 16.8334 
0 0 6.5 1 386.702 360.873 16.8334 
10 0 0 1 115.386 137.385 16.8334 
10 0 6.5 1 107.671 384.719 16.8334 
10 10 0 1 51.9101 222.273 16.8334 
10 10 6.5 1 42.5381 369.186 16.8334 
0 10 0 1 240.104 240.001 16.8334 
0 10 6.5 1 244.421 355.862 16.8334 
0 5 10 1 304.476 439.697 16.8334 
10 5 10 1 62.4396 488.804 16.8334 
0 6 0 1 281.835 222.708 16.8334 
0 8 0 1 261.029 233.173 16.8334 
0 8 5 1 264.695 326.411 16.8334 
0 6 5 1 285.88 326.843 16.8334 
0 2 2.5 1 342.821 260.856 16.8334 
0 4 2.5 1 309.655 265.75 16.8334 
0 4 5 1 314.85 324.607 16.8334 
0 2 5 1 345.757 323.061 16.8334 
0.5 0.5 -0.5 1 355.282 177.638 16.8334 
0.5 0.5 6 1 369.069 346.326 16.8334 
10.5 0.5 -0.5 1 88.6851 124.342 16.8334 
10.5 0.5 6 1 82.1795 367.207 16.8334 
10.5 10.5 -0.5 1 35.1456 211.585 16.8334 
10.5 10.5 6 1 30.814 357.41 16.8334 
0.5 10.5 -0.5 1 228.605 233.656 16.8334 
0.5 10.5 6 1 232.816 346.95 16.8334 
0.5 5.5 9.5 1 288.402 430.291 16.8334 
10.5 5.5 9.5 1 45.58 471.677 16.8334 
0.5 6.5 -0.5 1 267.968 216.112 16.8334 
0.5 8.5 -0.5 1 249.542 224.637 16.8334 
0.5 8.5 4.5 1 252.869 318.17 16.8334 
0.5 6.5 4.5 1 273.343 315.865 16.8334 
0.5 2.5 2 1 324.576 248.317 16.8334 
0.5 4.5 2 1 295.429 257.575 16.8334 
0.5 4.5 4.5 1 299.509 313.108 16.8334 
0.5 2.5 4.5 1 326.258 308.832 16.8334 
