0 0 0 1 345.941 76.5918 1.5 
0 0 6.5 1 341.772 215.869 1.5 
10 0 0 1 572.015 19.0399 1.5 
10 0 6.5 1 542.92 244.415 1.5 
10 10 0 1 250.366 -61.5201 1.5 
10 10 6.5 1 251.818 282.722 1.5 
0 10 0 1 132.274 52.0754 1.5 
0 10 6.5 1 137.143 224.491 1.5 
0 5 10 1 251.816 293.412 1.5 
10 5 10 1 412.881 385.1 1.5 
0 6 0 1 229.838 62.1837 1.5 
0 8 0 1 184.162 55.5747 1.5 
0 8 5 1 185.617 184.737 1.5 
0 6 5 1 230.028 187.28 1.5 
0 2 2.5 1 308.496 127.121 1.5 
0 4 2.5 1 269.724 126.422 1.5 
0 4 5 1 268.911 183.555 1.5 
0 2 5 1 305.721 186.381 1.5 
0.5 0.5 -0.5 1 348.412 59.6612 1.5 
0.5 0.5 6 1 340.554 203.818 1.5 
10.5 0.5 -0.5 1 581.25 -10.8831 1.5 
10.5 0.5 6 1 550.687 232.938 1.5 
10.5 10.5 -0.5 1 238.185 -118.247 1.5 
10.5 10.5 6 1 238.065 265.423 1.5 
0.5 10.5 -0.5 1 117.188 32.2886 1.5 
0.5 10.5 6 1 130.815 214.436 1.5 
0.5 5.5 9.5 1 244.964 287.002 1.5 
10.5 5.5 9.5 1 412.77 379.239 1.5 
0.5 6.5 -0.5 1 222.592 47.438 1.5 
0.5 8.5 -0.5 1 173.417 37.2243 1.5 
0.5 8.5 4.5 1 173.37 176.055 1.5 
0.5 6.5 4.5 1 221.094 175.382 1.5 
0.5 2.5 2 1 308.96 114.415 1.5 
0.5 4.5 2 1 266.386 113.624 1.5 
0.5 4.5 4.5 1 265.551 173.43 1.5 
0.5 2.5 4.5 1 303.992 174.982 1.5 
