0 0 0 1 320.292 63.1664 2 
0 0 6.5 1 322.983 199.812 2 
10 0 0 1 542.827 -1.45982 2 
10 0 6.5 1 527.342 201.993 2 
10 10 0 1 310.013 -102.155 2 
10 10 6.5 1 315.892 237.571 2 
0 10 0 1 120.88 33.1016 2 
0 10 6.5 1 135.792 216.223 2 
0 5 10 1 243.388 278.555 2 
10 5 10 1 440.694 337.929 2 
0 6 0 1 213.978 48.8432 2 
0 8 0 1 168.983 38.7751 2 
0 8 5 1 179.826 173.479 2 
0 6 5 1 218.621 171.654 2 
0 2 2.5 1 289.243 114.159 2 
0 4 2.5 1 254.352 112.657 2 
0 4 5 1 254.748 167.499 2 
0 2 5 1 289.3 167.895 2 
0.5 0.5 -0.5 1 318.466 47.0887 2 
0.5 0.5 6 1 319.487 188.657 2 
10.5 0.5 -0.5 1 556.838 -32.7868 2 
10.5 0.5 6 1 539.225 190.276 2 
10.5 10.5 -0.5 1 306.391 -158.269 2 
10.5 10.5 6 1 314.967 219.366 2 
0.5 10.5 -0.5 1 110.974 14.2834 2 
0.5 10.5 6 1 126.942 204.795 2 
0.5 5.5 9.5 1 244.17 271.394 2 
10.5 5.5 9.5 1 447.55 327.288 2 
0.5 6.5 -0.5 1 208.542 29.422 2 
0.5 8.5 -0.5 1 163.345 25.0181 2 
0.5 8.5 4.5 1 174.96 158.936 2 
0.5 6.5 4.5 1 216.337 158.505 2 
0.5 2.5 2 1 289.233 101.724 2 
0.5 4.5 2 1 253.175 99.4734 2 
0.5 4.5 4.5 1 255.946 158.332 2 
0.5 2.5 4.5 1 289.764 155.798 2 
