0 0 0 1 382.427 133.624 18.7667 
0 0 6.5 1 369.47 293.492 18.7667 
10 0 0 1 333.891 -9.81478 18.7667 
10 0 6.5 1 301.531 307.924 18.7667 
10 10 0 1 -12.0456 34.2285 18.7667 
10 10 6.5 1 -38.6417 260.058 18.7667 
0 10 0 1 175.967 135.267 18.7667 
0 10 6.5 1 160.609 269.372 18.7667 
0 5 10 1 249.245 360.448 18.7667 
10 5 10 1 86.4342 425.567 18.7667 
0 6 0 1 250.161 135.799 18.7667 
0 8 0 1 211.967 137.733 18.7667 
0 8 5 1 201.268 241.205 18.7667 
0 6 5 1 239.651 244.35 18.7667 
0 2 2.5 1 330.227 194.368 18.7667 
0 4 2.5 1 286.604 190.972 18.7667 
0 4 5 1 285.68 250.78 18.7667 
0 2 5 1 328.774 252.765 18.7667 
0.5 0.5 -0.5 1 374.919 118.017 18.7667 
0.5 0.5 6 1 355.448 279.298 18.7667 
10.5 0.5 -0.5 1 306.056 -50.4924 18.7667 
10.5 0.5 6 1 272.414 279.789 18.7667 
10.5 10.5 -0.5 1 -39.7103 9.55039 18.7667 
10.5 10.5 6 1 -65.3887 239.831 18.7667 
0.5 10.5 -0.5 1 165.331 122.778 18.7667 
0.5 10.5 6 1 146.224 258.792 18.7667 
0.5 5.5 9.5 1 234.066 345.814 18.7667 
10.5 5.5 9.5 1 56.8408 406.019 18.7667 
0.5 6.5 -0.5 1 235.623 120.618 18.7667 
0.5 8.5 -0.5 1 196.397 120.644 18.7667 
0.5 8.5 4.5 1 185.961 229.42 18.7667 
0.5 6.5 4.5 1 226.263 233.702 18.7667 
0.5 2.5 2 1 319.006 178.831 18.7667 
0.5 4.5 2 1 273.3 179.062 18.7667 
0.5 4.5 4.5 1 266.11 233.474 18.7667 
0.5 2.5 4.5 1 313.491 239.218 18.7667 
