0 0 0 1 -77.7755 -13.9311 8.56667 
0 0 6.5 1 -40.6022 223.063 8.56667 
10 0 0 1 151.71 61.9618 8.56667 
10 0 6.5 1 165.488 200.635 8.56667 
10 10 0 1 367.195 12.3791 8.56667 
10 10 6.5 1 370.966 189.796 8.56667 
0 10 0 1 248.625 -151.632 8.56667 
0 10 6.5 1 272.256 205.602 8.56667 
0 5 10 1 103.8 351.368 8.56667 
10 5 10 1 262.364 271.495 8.56667 
0 6 0 1 85.4878 -79.1222 8.56667 
0 8 0 1 159.808 -113.06 8.56667 
0 8 5 1 182.215 140.03 8.56667 
0 6 5 1 113.143 146.939 8.56667 
0 2 2.5 1 -14.6389 67.9906 8.56667 
0 4 2.5 1 36.2639 53.9343 8.56667 
0 4 5 1 52.08 157.3 8.56667 
0 2 5 1 -1.70312 165.097 8.56667 
0.5 0.5 -0.5 1 -50.3904 -33.1133 8.56667 
0.5 0.5 6 1 -13.077 198.818 8.56667 
10.5 0.5 -0.5 1 165.43 52.5112 8.56667 
10.5 0.5 6 1 177.633 191.321 8.56667 
10.5 10.5 -0.5 1 381.012 3.20775 8.56667 
10.5 10.5 6 1 384.368 176.852 8.56667 
0.5 10.5 -0.5 1 285.3 -176.024 8.56667 
0.5 10.5 6 1 302.059 180.018 8.56667 
0.5 5.5 9.5 1 131.177 327.046 8.56667 
10.5 5.5 9.5 1 276.47 258.351 8.56667 
0.5 6.5 -0.5 1 119.271 -102.72 8.56667 
0.5 8.5 -0.5 1 193.258 -137.229 8.56667 
0.5 8.5 4.5 1 212.227 118.176 8.56667 
0.5 6.5 4.5 1 139.203 130.117 8.56667 
0.5 2.5 2 1 12.6183 46.1946 8.56667 
0.5 4.5 2 1 62.807 34.5822 8.56667 
0.5 4.5 4.5 1 79.5973 139.963 8.56667 
0.5 2.5 4.5 1 25.2965 144.91 8.56667 
