0 0 0 1 383.529 116.432 15.6334 
0 0 6.5 1 404.174 302.163 15.6334 
10 0 0 1 81.1787 129.609 15.6334 
10 0 6.5 1 107.141 344.819 15.6334 
10 10 0 1 115.678 182.776 15.6334 
10 10 6.5 1 127.137 305.918 15.6334 
0 10 0 1 301.677 168.007 15.6334 
0 10 6.5 1 311.203 285.976 15.6334 
0 5 10 1 353.839 370.33 15.6334 
10 5 10 1 129.381 403.764 15.6334 
0 6 0 1 325.654 154.756 15.6334 
0 8 0 1 312.639 161.236 15.6334 
0 8 5 1 321.349 259.856 15.6334 
0 6 5 1 333.186 260.316 15.6334 
0 2 2.5 1 369.049 194.749 15.6334 
0 4 2.5 1 348.364 199.421 15.6334 
0 4 5 1 352.429 258.426 15.6334 
0 2 5 1 370.786 256.813 15.6334 
0.5 0.5 -0.5 1 364.831 106.01 15.6334 
0.5 0.5 6 1 381.436 286.268 15.6334 
10.5 0.5 -0.5 1 64.5744 118.705 15.6334 
10.5 0.5 6 1 86.216 323.95 15.6334 
10.5 10.5 -0.5 1 106.181 174.195 15.6334 
10.5 10.5 6 1 118.666 298.277 15.6334 
0.5 10.5 -0.5 1 289.632 162.265 15.6334 
0.5 10.5 6 1 300.018 278.214 15.6334 
0.5 5.5 9.5 1 337.8 358.54 15.6334 
10.5 5.5 9.5 1 114.906 392.593 15.6334 
0.5 6.5 -0.5 1 311.252 148.529 15.6334 
0.5 8.5 -0.5 1 298.678 153.097 15.6334 
0.5 8.5 4.5 1 310.676 249.148 15.6334 
0.5 6.5 4.5 1 321.909 250.599 15.6334 
0.5 2.5 2 1 348.821 185.314 15.6334 
0.5 4.5 2 1 327.5 189 15.6334 
0.5 4.5 4.5 1 332.668 249.728 15.6334 
0.5 2.5 4.5 1 355.03 249.005 15.6334 
