0 0 0 1 396.392 9.12246 12.5334 
0 0 6.5 1 364.198 290.503 12.5334 
10 0 0 1 153.095 87.03 12.5334 
10 0 6.5 1 136.073 259.644 12.5334 
10 10 0 1 311.107 151.19 12.5334 
10 10 6.5 1 298.579 271.136 12.5334 
0 10 0 1 515.665 126.403 12.5334 
0 10 6.5 1 501.356 295.675 12.5334 
0 5 10 1 440.029 407.726 12.5334 
10 5 10 1 222.516 344.439 12.5334 
0 6 0 1 481.245 92.7518 12.5334 
0 8 0 1 502.42 112.125 12.5334 
0 8 5 1 487.29 252.035 12.5334 
0 6 5 1 471.636 249.166 12.5334 
0 2 2.5 1 422.754 135.814 12.5334 
0 4 2.5 1 449.508 157.635 12.5334 
0 4 5 1 443.874 242.633 12.5334 
0 2 5 1 411.176 236.552 12.5334 
0.5 0.5 -0.5 1 387.808 5.30521 12.5334 
0.5 0.5 6 1 359.588 266.884 12.5334 
10.5 0.5 -0.5 1 156.918 82.3855 12.5334 
10.5 0.5 6 1 141.871 245.616 12.5334 
10.5 10.5 -0.5 1 310.452 147.39 12.5334 
10.5 10.5 6 1 297.942 257.358 12.5334 
0.5 10.5 -0.5 1 512.195 120.938 12.5334 
0.5 10.5 6 1 493.61 279.993 12.5334 
0.5 5.5 9.5 1 431.649 386.016 12.5334 
10.5 5.5 9.5 1 223.972 328.526 12.5334 
0.5 6.5 -0.5 1 471.766 85.4479 12.5334 
0.5 8.5 -0.5 1 491.13 102.268 12.5334 
0.5 8.5 4.5 1 476.446 239.399 12.5334 
0.5 6.5 4.5 1 461.666 232.029 12.5334 
0.5 2.5 2 1 414.145 129.355 12.5334 
0.5 4.5 2 1 444.084 146.623 12.5334 
0.5 4.5 4.5 1 434.66 225.169 12.5334 
0.5 2.5 4.5 1 406.667 217.451 12.5334 
