0 0 0 1 -34.2664 21.238 7.83333 
0 0 6.5 1 -11.687 218.567 7.83333 
10 0 0 1 192.156 69.8015 7.83333 
10 0 6.5 1 193.972 199.413 7.83333 
10 10 0 1 384.77 34.0545 7.83333 
10 10 6.5 1 373.07 214.763 7.83333 
0 10 0 1 171.071 -76.6196 7.83333 
0 10 6.5 1 179.004 252.33 7.83333 
0 5 10 1 70.5504 342.17 7.83333 
10 5 10 1 269.629 281.695 7.83333 
0 6 0 1 63.8647 -25.9056 7.83333 
0 8 0 1 109.657 -47.5353 7.83333 
0 8 5 1 122.473 180.002 7.83333 
0 6 5 1 79.4781 177.798 7.83333 
0 2 2.5 1 0.441009 94.4118 7.83333 
0 4 2.5 1 33.3147 88.5619 7.83333 
0 4 5 1 41.2207 179.143 7.83333 
0 2 5 1 14.0606 174.884 7.83333 
0.5 0.5 -0.5 1 -11.956 6.31732 7.83333 
0.5 0.5 6 1 9.42902 200.928 7.83333 
10.5 0.5 -0.5 1 206.236 56.3961 7.83333 
10.5 0.5 6 1 208.365 189.336 7.83333 
10.5 10.5 -0.5 1 404.709 18.7819 7.83333 
10.5 10.5 6 1 393.939 202.278 7.83333 
0.5 10.5 -0.5 1 203.243 -102.517 7.83333 
0.5 10.5 6 1 207.797 227.987 7.83333 
0.5 5.5 9.5 1 94.3401 330.262 7.83333 
10.5 5.5 9.5 1 287.318 270.028 7.83333 
0.5 6.5 -0.5 1 89.3068 -45.6519 7.83333 
0.5 8.5 -0.5 1 141.187 -73.1674 7.83333 
0.5 8.5 4.5 1 152.726 160.899 7.83333 
0.5 6.5 4.5 1 104.052 162.318 7.83333 
0.5 2.5 2 1 24.666 79.9013 7.83333 
0.5 4.5 2 1 55.5322 70.1653 7.83333 
0.5 4.5 4.5 1 64.0527 160.763 7.83333 
0.5 2.5 4.5 1 30.6726 160.581 7.83333 
