0 0 0 1 211.791 137.688 11.2334 
0 0 6.5 1 200.144 461.936 11.2334 
10 0 0 1 140.892 234.11 11.2334 
10 0 6.5 1 126.581 398.462 11.2334 
10 10 0 1 345.823 258.365 11.2334 
10 10 6.5 1 347.398 393.17 11.2334 
0 10 0 1 536.272 202.439 11.2334 
0 10 6.5 1 561.28 433.032 11.2334 
0 5 10 1 421.578 616.741 11.2334 
10 5 10 1 247.495 483.098 11.2334 
0 6 0 1 431.257 177.758 11.2334 
0 8 0 1 489.034 193.071 11.2334 
0 8 5 1 503.453 376.278 11.2334 
0 6 5 1 442.856 373.786 11.2334 
0 2 2.5 1 296.824 261.702 11.2334 
0 4 2.5 1 368.926 266.45 11.2334 
0 4 5 1 374.501 377.428 11.2334 
0 2 5 1 293.705 378.889 11.2334 
0.5 0.5 -0.5 1 231.697 127.083 11.2334 
0.5 0.5 6 1 215.008 425.897 11.2334 
10.5 0.5 -0.5 1 149.103 227.864 11.2334 
10.5 0.5 6 1 142.234 384.828 11.2334 
10.5 10.5 -0.5 1 349.849 251.033 11.2334 
10.5 10.5 6 1 350.243 380.412 11.2334 
0.5 10.5 -0.5 1 533.535 194.722 11.2334 
0.5 10.5 6 1 553.125 410.816 11.2334 
0.5 5.5 9.5 1 419.669 577.006 11.2334 
10.5 5.5 9.5 1 254.468 469.937 11.2334 
0.5 6.5 -0.5 1 433.259 169.316 11.2334 
0.5 8.5 -0.5 1 484.502 181.365 11.2334 
0.5 8.5 4.5 1 496.899 356.09 11.2334 
0.5 6.5 4.5 1 442.234 353.913 11.2334 
0.5 2.5 2 1 305.805 244.402 11.2334 
0.5 4.5 2 1 375.398 254.795 11.2334 
0.5 4.5 4.5 1 376.456 353.937 11.2334 
0.5 2.5 4.5 1 304.993 351.478 11.2334 
