0 0 0 1 262.831 176.531 3.16667 
0 0 6.5 1 275.297 293.181 3.16667 
10 0 0 1 456.025 131.725 3.16667 
10 0 6.5 1 471.607 280.142 3.16667 
10 10 0 1 386.379 68.0828 3.16667 
10 10 6.5 1 413.984 321.235 3.16667 
0 10 0 1 120.224 147.869 3.16667 
0 10 6.5 1 138.619 321.866 3.16667 
0 5 10 1 226.419 378.149 3.16667 
10 5 10 1 462.338 396.98 3.16667 
0 6 0 1 192.078 161.468 3.16667 
0 8 0 1 159.307 153.843 3.16667 
0 8 5 1 168.738 276.724 3.16667 
0 6 5 1 202.699 273.389 3.16667 
0 2 2.5 1 247.494 221.787 3.16667 
0 4 2.5 1 221.712 217.189 3.16667 
0 4 5 1 227.444 268.781 3.16667 
0 2 5 1 250.34 265.685 3.16667 
0.5 0.5 -0.5 1 264.371 165.458 3.16667 
0.5 0.5 6 1 276.343 282.241 3.16667 
10.5 0.5 -0.5 1 464.143 113.707 3.16667 
10.5 0.5 6 1 480.052 270.992 3.16667 
10.5 10.5 -0.5 1 399.893 31.0247 3.16667 
10.5 10.5 6 1 425.918 303.312 3.16667 
0.5 10.5 -0.5 1 118.847 128.805 3.16667 
0.5 10.5 6 1 138.519 308.994 3.16667 
0.5 5.5 9.5 1 226.045 371.405 3.16667 
10.5 5.5 9.5 1 468.173 387.597 3.16667 
0.5 6.5 -0.5 1 192.768 147.061 3.16667 
0.5 8.5 -0.5 1 157.437 138.79 3.16667 
0.5 8.5 4.5 1 170.67 264.087 3.16667 
0.5 6.5 4.5 1 203.603 261.462 3.16667 
0.5 2.5 2 1 248.165 207.655 3.16667 
0.5 4.5 2 1 226.744 204.882 3.16667 
0.5 4.5 4.5 1 231.264 257.313 3.16667 
0.5 2.5 4.5 1 253.351 256.336 3.16667 
