0 0 0 1 378.1 191.296 18.1001 
0 0 6.5 1 369.22 355.419 18.1001 
10 0 0 1 224.812 73.7745 18.1001 
10 0 6.5 1 199.835 369.215 18.1001 
10 10 0 1 -3.88967 142.085 18.1001 
10 10 6.5 1 -37.8669 334.165 18.1001 
0 10 0 1 186.755 209.327 18.1001 
0 10 6.5 1 175.551 334.64 18.1001 
0 5 10 1 255.827 428.349 18.1001 
10 5 10 1 36.9113 483.983 18.1001 
0 6 0 1 249.307 205.744 18.1001 
0 8 0 1 219.371 207.72 18.1001 
0 8 5 1 211.06 308.342 18.1001 
0 6 5 1 245.441 312.679 18.1001 
0 2 2.5 1 327.85 253.88 18.1001 
0 4 2.5 1 286.261 253.835 18.1001 
0 4 5 1 282.217 312.024 18.1001 
0 2 5 1 323.892 316.746 18.1001 
0.5 0.5 -0.5 1 361.586 175.078 18.1001 
0.5 0.5 6 1 352.538 343.434 18.1001 
10.5 0.5 -0.5 1 198.446 48.2583 18.1001 
10.5 0.5 6 1 168.11 345.498 18.1001 
10.5 10.5 -0.5 1 -25.771 124.682 18.1001 
10.5 10.5 6 1 -57.0959 316.542 18.1001 
0.5 10.5 -0.5 1 175.264 199.136 18.1001 
0.5 10.5 6 1 166.094 323.729 18.1001 
0.5 5.5 9.5 1 237.421 412.607 18.1001 
10.5 5.5 9.5 1 9.20983 467.96 18.1001 
0.5 6.5 -0.5 1 241.694 194.492 18.1001 
0.5 8.5 -0.5 1 207.094 196.562 18.1001 
0.5 8.5 4.5 1 198.333 300.266 18.1001 
0.5 6.5 4.5 1 231.613 297.022 18.1001 
0.5 2.5 2 1 310.916 240.773 18.1001 
0.5 4.5 2 1 271.342 243.844 18.1001 
0.5 4.5 4.5 1 269.132 297.577 18.1001 
0.5 2.5 4.5 1 308.829 301.171 18.1001 
