0 0 0 1 386.855 131.806 18.9667 
0 0 6.5 1 370.172 290.267 18.9667 
10 0 0 1 367.294 -3.15061 18.9667 
10 0 6.5 1 329.693 320.48 18.9667 
10 10 0 1 -16.6162 25.5098 18.9667 
10 10 6.5 1 -36.6663 265.333 18.9667 
0 10 0 1 172.287 125.655 18.9667 
0 10 6.5 1 156.065 264.252 18.9667 
0 5 10 1 247.807 352.053 18.9667 
10 5 10 1 110.504 434.831 18.9667 
0 6 0 1 249.128 128.76 18.9667 
0 8 0 1 206.454 124.596 18.9667 
0 8 5 1 195.579 236.439 18.9667 
0 6 5 1 236.543 238.566 18.9667 
0 2 2.5 1 330.211 187.754 18.9667 
0 4 2.5 1 288.55 185.168 18.9667 
0 4 5 1 281.454 245.033 18.9667 
0 2 5 1 326.808 248.195 18.9667 
0.5 0.5 -0.5 1 376.829 114.645 18.9667 
0.5 0.5 6 1 357.828 279.317 18.9667 
10.5 0.5 -0.5 1 339.439 -48.4195 18.9667 
10.5 0.5 6 1 307.029 294.095 18.9667 
10.5 10.5 -0.5 1 -43.6568 -3.96983 18.9667 
10.5 10.5 6 1 -65.4235 245.844 18.9667 
0.5 10.5 -0.5 1 156.789 111.71 18.9667 
0.5 10.5 6 1 140.894 251.174 18.9667 
0.5 5.5 9.5 1 233.821 342.312 18.9667 
10.5 5.5 9.5 1 74.7344 413.857 18.9667 
0.5 6.5 -0.5 1 235.457 112.855 18.9667 
0.5 8.5 -0.5 1 194.575 110.539 18.9667 
0.5 8.5 4.5 1 183.375 222.869 18.9667 
0.5 6.5 4.5 1 224.657 227.703 18.9667 
0.5 2.5 2 1 322.25 175.673 18.9667 
0.5 4.5 2 1 274.756 172.683 18.9667 
0.5 4.5 4.5 1 266.945 230.579 18.9667 
0.5 2.5 4.5 1 316.826 234.376 18.9667 
