0 0 0 1 440.746 11.1641 13.6667 
0 0 6.5 1 414.059 264.658 13.6667 
10 0 0 1 129.648 42.6769 13.6667 
10 0 6.5 1 125.119 230.418 13.6667 
10 10 0 1 251.579 93.2998 13.6667 
10 10 6.5 1 245.314 211.757 13.6667 
0 10 0 1 452.947 88.8032 13.6667 
0 10 6.5 1 437.065 230.464 13.6667 
0 5 10 1 412.885 329.957 13.6667 
10 5 10 1 197.715 294.636 13.6667 
0 6 0 1 450.386 69.5896 13.6667 
0 8 0 1 447.175 76.7344 13.6667 
0 8 5 1 436.454 200.567 13.6667 
0 6 5 1 434.494 200.742 13.6667 
0 2 2.5 1 432.862 125.139 13.6667 
0 4 2.5 1 435.902 130.336 13.6667 
0 4 5 1 428.447 207.186 13.6667 
0 2 5 1 425.499 209.385 13.6667 
0.5 0.5 -0.5 1 423.741 0.158959 13.6667 
0.5 0.5 6 1 402.06 243.193 13.6667 
10.5 0.5 -0.5 1 124.128 31.6334 13.6667 
10.5 0.5 6 1 125.161 213.361 13.6667 
10.5 10.5 -0.5 1 245.241 87.3814 13.6667 
10.5 10.5 6 1 241.283 204.44 13.6667 
0.5 10.5 -0.5 1 443.163 79.014 13.6667 
0.5 10.5 6 1 426.567 217.5 13.6667 
0.5 5.5 9.5 1 404.762 315.7 13.6667 
10.5 5.5 9.5 1 194.358 277.259 13.6667 
0.5 6.5 -0.5 1 438.996 55.2105 13.6667 
0.5 8.5 -0.5 1 437.389 71.1708 13.6667 
0.5 8.5 4.5 1 426.327 187.339 13.6667 
0.5 6.5 4.5 1 422.408 187.782 13.6667 
0.5 2.5 2 1 419.749 109.151 13.6667 
0.5 4.5 2 1 425.429 118.076 13.6667 
0.5 4.5 4.5 1 419.183 189.254 13.6667 
0.5 2.5 4.5 1 408.096 189.384 13.6667 
