0 0 0 1 387.426 84.5774 19.7334 
0 0 6.5 1 373.629 242.094 19.7334 
10 0 0 1 488.3 -25.9604 19.7334 
10 0 6.5 1 445.82 302.237 19.7334 
10 10 0 1 -0.00852258 -38.492 19.7334 
10 10 6.5 1 8.75534 265.449 19.7334 
0 10 0 1 154.86 75.9364 19.7334 
0 10 6.5 1 146.545 224.208 19.7334 
0 5 10 1 248.723 312.377 19.7334 
10 5 10 1 210.757 426.266 19.7334 
0 6 0 1 241.202 78.0663 19.7334 
0 8 0 1 197.328 76.8683 19.7334 
0 8 5 1 191.041 197.951 19.7334 
0 6 5 1 236.659 199.501 19.7334 
0 2 2.5 1 334.546 145.088 19.7334 
0 4 2.5 1 286.338 143.521 19.7334 
0 4 5 1 284.058 199.586 19.7334 
0 2 5 1 330.092 205.094 19.7334 
0.5 0.5 -0.5 1 378.409 69.1547 19.7334 
0.5 0.5 6 1 364.396 231.496 19.7334 
10.5 0.5 -0.5 1 479.454 -69.359 19.7334 
10.5 0.5 6 1 432.08 277.403 19.7334 
10.5 10.5 -0.5 1 -39.2593 -76.5899 19.7334 
10.5 10.5 6 1 -29.4789 240.695 19.7334 
0.5 10.5 -0.5 1 134.964 55.5234 19.7334 
0.5 10.5 6 1 130.867 215.979 19.7334 
0.5 5.5 9.5 1 240.402 302.463 19.7334 
10.5 5.5 9.5 1 184.705 413.463 19.7334 
0.5 6.5 -0.5 1 233.839 63.5676 19.7334 
0.5 8.5 -0.5 1 182.656 57.9562 19.7334 
0.5 8.5 4.5 1 176.362 185.153 19.7334 
0.5 6.5 4.5 1 223.158 186.167 19.7334 
0.5 2.5 2 1 325.108 130.493 19.7334 
0.5 4.5 2 1 275.655 128.367 19.7334 
0.5 4.5 4.5 1 270.771 189.264 19.7334 
0.5 2.5 4.5 1 319.156 191.671 19.7334 
