0 0 0 1 329.32 81.9168 12 
0 0 6.5 1 307.891 381.689 12 
10 0 0 1 146.411 166.997 12 
10 0 6.5 1 127.696 330.841 12 
10 10 0 1 326.677 213.678 12 
10 10 6.5 1 318.684 340.009 12 
0 10 0 1 530.305 182.773 12 
0 10 6.5 1 528.276 372.55 12 
0 5 10 1 437.568 510.053 12 
10 5 10 1 229.761 416.816 12 
0 6 0 1 469.279 151.209 12 
0 8 0 1 503.013 171.147 12 
0 8 5 1 497.183 323.159 12 
0 6 5 1 461.114 319.595 12 
0 2 2.5 1 378.181 211.291 12 
0 4 2.5 1 427.798 224.177 12 
0 4 5 1 421.731 318.093 12 
0 2 5 1 372.354 311.571 12 
0.5 0.5 -0.5 1 329.244 77.2236 12 
0.5 0.5 6 1 310.019 356.707 12 
10.5 0.5 -0.5 1 152.932 161.949 12 
10.5 0.5 6 1 135.469 320.513 12 
10.5 10.5 -0.5 1 325.829 207.877 12 
10.5 10.5 6 1 315.957 329.645 12 
0.5 10.5 -0.5 1 519.851 175.719 12 
0.5 10.5 6 1 519.5 354.664 12 
0.5 5.5 9.5 1 429.814 480.532 12 
10.5 5.5 9.5 1 231.987 403.295 12 
0.5 6.5 -0.5 1 464.049 142.815 12 
0.5 8.5 -0.5 1 493.782 162.726 12 
0.5 8.5 4.5 1 492.191 306.566 12 
0.5 6.5 4.5 1 458.755 304.865 12 
0.5 2.5 2 1 377.052 195.403 12 
0.5 4.5 2 1 420.305 211.022 12 
0.5 4.5 4.5 1 418.727 299.135 12 
0.5 2.5 4.5 1 369.723 294.448 12 
