0 0 0 1 366.473 72.3569 1.13333 
0 0 6.5 1 350.142 215.384 1.13333 
10 0 0 1 586.494 0.818412 1.13333 
10 0 6.5 1 547.502 253.226 1.13333 
10 10 0 1 199.788 -93.5742 1.13333 
10 10 6.5 1 192.1 261.473 1.13333 
0 10 0 1 138.635 39.4877 1.13333 
0 10 6.5 1 139.947 209.964 1.13333 
0 5 10 1 252.542 291.807 1.13333 
10 5 10 1 384.401 388.968 1.13333 
0 6 0 1 241.707 54.8943 1.13333 
0 8 0 1 190.261 49.9705 1.13333 
0 8 5 1 190.676 177.394 1.13333 
0 6 5 1 235.302 177.557 1.13333 
0 2 2.5 1 322.92 125.289 1.13333 
0 4 2.5 1 280.465 122.165 1.13333 
0 4 5 1 278.563 178.878 1.13333 
0 2 5 1 317.409 180.54 1.13333 
0.5 0.5 -0.5 1 362.798 55.0753 1.13333 
0.5 0.5 6 1 352.999 206.388 1.13333 
10.5 0.5 -0.5 1 595.312 -34.5055 1.13333 
10.5 0.5 6 1 549.29 237.513 1.13333 
10.5 10.5 -0.5 1 178.632 -152.804 1.13333 
10.5 10.5 6 1 170.83 242.026 1.13333 
0.5 10.5 -0.5 1 123.552 22.8965 1.13333 
0.5 10.5 6 1 126.463 202.21 1.13333 
0.5 5.5 9.5 1 246.367 284.563 1.13333 
10.5 5.5 9.5 1 380.935 383.028 1.13333 
0.5 6.5 -0.5 1 232.929 37.0914 1.13333 
0.5 8.5 -0.5 1 177.982 31.336 1.13333 
0.5 8.5 4.5 1 178.213 166.533 1.13333 
0.5 6.5 4.5 1 226.351 166.725 1.13333 
0.5 2.5 2 1 317.562 112.732 1.13333 
0.5 4.5 2 1 275.56 108.444 1.13333 
0.5 4.5 4.5 1 271.312 168.561 1.13333 
0.5 2.5 4.5 1 311.476 172.616 1.13333 
