0 0 0 1 -77.1053 2.84373 8.73334 
0 0 6.5 1 -38.5556 243.631 8.73334 
10 0 0 1 144.203 79.4037 8.73334 
10 0 6.5 1 161.262 217.172 8.73334 
10 10 0 1 363.647 33.8882 8.73334 
10 10 6.5 1 370.862 205.577 8.73334 
0 10 0 1 277.096 -124.118 8.73334 
0 10 6.5 1 299.795 229.045 8.73334 
0 5 10 1 116.88 375.904 8.73334 
10 5 10 1 261.691 289.144 8.73334 
0 6 0 1 105.02 -61.8385 8.73334 
0 8 0 1 182.972 -90.2924 8.73334 
0 8 5 1 205.067 161.943 8.73334 
0 6 5 1 127.485 172.568 8.73334 
0 2 2.5 1 -7.20748 89.0727 8.73334 
0 4 2.5 1 50.7293 76.2653 8.73334 
0 4 5 1 62.9352 179.942 8.73334 
0 2 5 1 6.14802 186.881 8.73334 
0.5 0.5 -0.5 1 -48.3607 -14.4071 8.73334 
0.5 0.5 6 1 -12.808 224.65 8.73334 
10.5 0.5 -0.5 1 161.419 68.8599 8.73334 
10.5 0.5 6 1 176.554 206.403 8.73334 
10.5 10.5 -0.5 1 378.259 23.7399 8.73334 
10.5 10.5 6 1 386.513 192.749 8.73334 
0.5 10.5 -0.5 1 312.693 -141.761 8.73334 
0.5 10.5 6 1 327.299 201.765 8.73334 
0.5 5.5 9.5 1 144.902 350.831 8.73334 
10.5 5.5 9.5 1 276.779 277.44 8.73334 
0.5 6.5 -0.5 1 134.527 -81.9555 8.73334 
0.5 8.5 -0.5 1 211.689 -108.537 8.73334 
0.5 8.5 4.5 1 234.757 136.659 8.73334 
0.5 6.5 4.5 1 157.389 147.701 8.73334 
0.5 2.5 2 1 17.1398 68.392 8.73334 
0.5 4.5 2 1 76.8046 55.6124 8.73334 
0.5 4.5 4.5 1 88.1488 160.715 8.73334 
0.5 2.5 4.5 1 31.5251 165.987 8.73334 
