0 0 0 1 82.7149 94.1128 6.43333 
0 0 6.5 1 71.9798 235.52 6.43333 
10 0 0 1 276.401 133.434 6.43333 
10 0 6.5 1 264.36 247.68 6.43333 
10 10 0 1 404.226 88.5919 6.43333 
10 10 6.5 1 384.295 268.976 6.43333 
0 10 0 1 116.884 -2.75889 6.43333 
0 10 6.5 1 98.8992 246.168 6.43333 
0 5 10 1 75.0311 328.747 6.43333 
10 5 10 1 303.772 331.341 6.43333 
0 6 0 1 104.461 49.4313 6.43333 
0 8 0 1 106.578 29.9241 6.43333 
0 8 5 1 92.1382 191.736 6.43333 
0 6 5 1 87.7103 196.116 6.43333 
0 2 2.5 1 84.1726 141.755 6.43333 
0 4 2.5 1 87.9737 132.246 6.43333 
0 4 5 1 83.5838 197.392 6.43333 
0 2 5 1 79.2539 203.676 6.43333 
0.5 0.5 -0.5 1 100.153 83.8822 6.43333 
0.5 0.5 6 1 83.9295 225.636 6.43333 
10.5 0.5 -0.5 1 287.746 125.011 6.43333 
10.5 0.5 6 1 275.02 243.648 6.43333 
10.5 10.5 -0.5 1 424.124 73.2279 6.43333 
10.5 10.5 6 1 405.05 255.382 6.43333 
0.5 10.5 -0.5 1 144.784 -19.485 6.43333 
0.5 10.5 6 1 121.498 227.481 6.43333 
0.5 5.5 9.5 1 91.8974 320.665 6.43333 
10.5 5.5 9.5 1 319.957 323.409 6.43333 
0.5 6.5 -0.5 1 120.397 32.1579 6.43333 
0.5 8.5 -0.5 1 131.281 11.0871 6.43333 
0.5 8.5 4.5 1 115.11 174.014 6.43333 
0.5 6.5 4.5 1 107.45 180.294 6.43333 
0.5 2.5 2 1 97.3246 128.637 6.43333 
0.5 4.5 2 1 105.452 119.837 6.43333 
0.5 4.5 4.5 1 99.8755 184.735 6.43333 
0.5 2.5 4.5 1 91.7479 190.373 6.43333 
