0 0 0 1 312.729 101.668 11.9 
0 0 6.5 1 294.671 405.921 11.9 
10 0 0 1 148.078 184.189 11.9 
10 0 6.5 1 125.991 348.21 11.9 
10 10 0 1 328.428 226.572 11.9 
10 10 6.5 1 320.541 356.078 11.9 
0 10 0 1 532.799 193.887 11.9 
0 10 6.5 1 531.019 388.746 11.9 
0 5 10 1 434.31 537.885 11.9 
10 5 10 1 231.057 433.354 11.9 
0 6 0 1 464.999 165.113 11.9 
0 8 0 1 500.734 180.937 11.9 
0 8 5 1 501.917 342.7 11.9 
0 6 5 1 460.274 336.886 11.9 
0 2 2.5 1 368.234 226.464 11.9 
0 4 2.5 1 424.053 238.032 11.9 
0 4 5 1 417.064 336.932 11.9 
0 2 5 1 362.764 332.369 11.9 
0.5 0.5 -0.5 1 315.663 94.3251 11.9 
0.5 0.5 6 1 296.871 373.927 11.9 
10.5 0.5 -0.5 1 153.299 174.923 11.9 
10.5 0.5 6 1 138.77 334.777 11.9 
10.5 10.5 -0.5 1 331.368 222.023 11.9 
10.5 10.5 6 1 319.912 341.93 11.9 
0.5 10.5 -0.5 1 523.857 185.763 11.9 
0.5 10.5 6 1 522.23 372.105 11.9 
0.5 5.5 9.5 1 430.251 503.928 11.9 
10.5 5.5 9.5 1 232.909 417.645 11.9 
0.5 6.5 -0.5 1 459.161 156.764 11.9 
0.5 8.5 -0.5 1 494.559 173.306 11.9 
0.5 8.5 4.5 1 491.319 325.527 11.9 
0.5 6.5 4.5 1 456.028 321.09 11.9 
0.5 2.5 2 1 368.561 210.587 11.9 
0.5 4.5 2 1 418.739 225.936 11.9 
0.5 4.5 4.5 1 415.142 315.974 11.9 
0.5 2.5 4.5 1 365.761 312.322 11.9 
