0 0 0 1 387.749 124.818 19.3 
0 0 6.5 1 373.266 280.801 19.3 
10 0 0 1 420.972 13.1768 19.3 
10 0 6.5 1 380.979 338.378 19.3 
10 10 0 1 -12.5211 12.1784 19.3 
10 10 6.5 1 -24.4049 281.378 19.3 
0 10 0 1 160.677 112.813 19.3 
0 10 6.5 1 146.986 257.768 19.3 
0 5 10 1 248.162 344.283 19.3 
10 5 10 1 150.712 452.328 19.3 
0 6 0 1 247.337 116.789 19.3 
0 8 0 1 201.919 113.953 19.3 
0 8 5 1 196.123 226.783 19.3 
0 6 5 1 236.322 234.398 19.3 
0 2 2.5 1 333.828 181.254 19.3 
0 4 2.5 1 285.984 177.197 19.3 
0 4 5 1 282.142 237.052 19.3 
0 2 5 1 328.247 238.397 19.3 
0.5 0.5 -0.5 1 378.192 106.133 19.3 
0.5 0.5 6 1 361.44 267.341 19.3 
10.5 0.5 -0.5 1 400.989 -31.1877 19.3 
10.5 0.5 6 1 361.121 315.657 19.3 
10.5 10.5 -0.5 1 -50.3866 -20.5785 19.3 
10.5 10.5 6 1 -55.5642 259.279 19.3 
0.5 10.5 -0.5 1 145.797 97.9854 19.3 
0.5 10.5 6 1 136.889 243.285 19.3 
0.5 5.5 9.5 1 236.906 333.328 19.3 
10.5 5.5 9.5 1 120.013 436.871 19.3 
0.5 6.5 -0.5 1 233.651 99.924 19.3 
0.5 8.5 -0.5 1 189.632 101.984 19.3 
0.5 8.5 4.5 1 179.093 213.365 19.3 
0.5 6.5 4.5 1 222.828 216.428 19.3 
0.5 2.5 2 1 320.467 166.533 19.3 
0.5 4.5 2 1 272.258 163.251 19.3 
0.5 4.5 4.5 1 269.002 220.498 19.3 
0.5 2.5 4.5 1 315.939 227.232 19.3 
