0 0 0 1 391.356 69.8485 15.2668 
0 0 6.5 1 403.105 271.261 15.2668 
10 0 0 1 79.955 92.5878 15.2668 
10 0 6.5 1 102.408 297.122 15.2668 
10 10 0 1 133.005 145.123 15.2668 
10 10 6.5 1 148.051 268.549 15.2668 
0 10 0 1 322.585 131.23 15.2668 
0 10 6.5 1 328.904 248.161 15.2668 
0 5 10 1 364.799 330.389 15.2668 
10 5 10 1 142.562 359.372 15.2668 
0 6 0 1 340.632 116.095 15.2668 
0 8 0 1 333.321 124.333 15.2668 
0 8 5 1 338.075 223.818 15.2668 
0 6 5 1 349.222 223.068 15.2668 
0 2 2.5 1 375.896 154.702 15.2668 
0 4 2.5 1 358.212 162.297 15.2668 
0 4 5 1 362.604 222.321 15.2668 
0 2 5 1 379.237 222.739 15.2668 
0.5 0.5 -0.5 1 373.735 61.9612 15.2668 
0.5 0.5 6 1 383.685 256.221 15.2668 
10.5 0.5 -0.5 1 67.4064 77.7285 15.2668 
10.5 0.5 6 1 91.5661 282.419 15.2668 
10.5 10.5 -0.5 1 126.456 139.327 15.2668 
10.5 10.5 6 1 136.761 257.239 15.2668 
0.5 10.5 -0.5 1 306.935 123.324 15.2668 
0.5 10.5 6 1 319.965 236.461 15.2668 
0.5 5.5 9.5 1 349.001 323.225 15.2668 
10.5 5.5 9.5 1 132.772 346.533 15.2668 
0.5 6.5 -0.5 1 323.683 103.881 15.2668 
0.5 8.5 -0.5 1 317.763 114.183 15.2668 
0.5 8.5 4.5 1 326.178 213.347 15.2668 
0.5 6.5 4.5 1 337.039 212.917 15.2668 
0.5 2.5 2 1 358.619 148.71 15.2668 
0.5 4.5 2 1 344.945 155.104 15.2668 
0.5 4.5 4.5 1 343.843 211.437 15.2668 
0.5 2.5 4.5 1 363.89 211.804 15.2668 
