0 0 0 1 372.76 236.733 17.2667 
0 0 6.5 1 379.749 410.225 17.2667 
10 0 0 1 139.459 173.868 17.2667 
10 0 6.5 1 123.104 451.064 17.2667 
10 10 0 1 22.851 239.533 17.2667 
10 10 6.5 1 6.82668 407.498 17.2667 
0 10 0 1 219.45 268.042 17.2667 
0 10 6.5 1 220.193 391.792 17.2667 
0 5 10 1 286.021 484.52 17.2667 
10 5 10 1 40.8263 550.576 17.2667 
0 6 0 1 267.88 261.171 17.2667 
0 8 0 1 242.316 262.622 17.2667 
0 8 5 1 241.229 362.578 17.2667 
0 6 5 1 266.632 359.386 17.2667 
0 2 2.5 1 335.16 303.409 17.2667 
0 4 2.5 1 301.302 304.29 17.2667 
0 4 5 1 301.608 365.461 17.2667 
0 2 5 1 339.931 367.331 17.2667 
0.5 0.5 -0.5 1 354.625 223.508 17.2667 
0.5 0.5 6 1 362.845 398.818 17.2667 
10.5 0.5 -0.5 1 108.527 154.156 17.2667 
10.5 0.5 6 1 94.4455 425.129 17.2667 
10.5 10.5 -0.5 1 7.14091 229.563 17.2667 
10.5 10.5 6 1 -6.47041 392.054 17.2667 
0.5 10.5 -0.5 1 205.2 260.102 17.2667 
0.5 10.5 6 1 207.04 380.29 17.2667 
0.5 5.5 9.5 1 271.893 470.553 17.2667 
10.5 5.5 9.5 1 14.69 533.205 17.2667 
0.5 6.5 -0.5 1 256.709 249.989 17.2667 
0.5 8.5 -0.5 1 227.054 253.786 17.2667 
0.5 8.5 4.5 1 230.256 353.609 17.2667 
0.5 6.5 4.5 1 252.797 352.806 17.2667 
0.5 2.5 2 1 316.23 292.621 17.2667 
0.5 4.5 2 1 285.423 295.42 17.2667 
0.5 4.5 4.5 1 287.421 353.067 17.2667 
0.5 2.5 4.5 1 319.164 350.883 17.2667 
