0 0 0 1 385.099 86.6742 0.466667 
0 0 6.5 1 366.632 235.164 0.466667 
10 0 0 1 566.693 -27.611 0.466667 
10 0 6.5 1 526.554 256.807 0.466667 
10 10 0 1 106.607 -115.012 0.466667 
10 10 6.5 1 87.0482 220.038 0.466667 
0 10 0 1 150.425 57.2474 0.466667 
0 10 6.5 1 139.447 213.679 0.466667 
0 5 10 1 253.285 304.648 0.466667 
10 5 10 1 309.079 394.018 0.466667 
0 6 0 1 247.328 68.8937 0.466667 
0 8 0 1 200.419 59.4272 0.466667 
0 8 5 1 193.114 184.818 0.466667 
0 6 5 1 238.27 186.375 0.466667 
0 2 2.5 1 333.922 137.41 0.466667 
0 4 2.5 1 290.074 134.245 0.466667 
0 4 5 1 282.282 192.114 0.466667 
0 2 5 1 327.84 198.295 0.466667 
0.5 0.5 -0.5 1 378.732 72.7253 0.466667 
0.5 0.5 6 1 364.192 222.394 0.466667 
10.5 0.5 -0.5 1 568.239 -71.4041 0.466667 
10.5 0.5 6 1 524.666 235.644 0.466667 
10.5 10.5 -0.5 1 76.4284 -168.24 0.466667 
10.5 10.5 6 1 58.9661 194.221 0.466667 
0.5 10.5 -0.5 1 140.704 36.9605 0.466667 
0.5 10.5 6 1 128.402 201.099 0.466667 
0.5 5.5 9.5 1 244.171 292.928 0.466667 
10.5 5.5 9.5 1 291.641 382.794 0.466667 
0.5 6.5 -0.5 1 238.84 51.1295 0.466667 
0.5 8.5 -0.5 1 188.701 43.3513 0.466667 
0.5 8.5 4.5 1 177.461 168.81 0.466667 
0.5 6.5 4.5 1 228.306 174.62 0.466667 
0.5 2.5 2 1 328.301 123.987 0.466667 
0.5 4.5 2 1 280.582 117.835 0.466667 
0.5 4.5 4.5 1 276.811 180.81 0.466667 
0.5 2.5 4.5 1 321.823 185.142 0.466667 
