0 0 0 1 436 28.3696 13.5001 
0 0 6.5 1 409.402 280.342 13.5001 
10 0 0 1 132.508 54.5022 13.5001 
10 0 6.5 1 129.743 242.616 13.5001 
10 10 0 1 259.87 103.699 13.5001 
10 10 6.5 1 252.643 224.871 13.5001 
0 10 0 1 465.28 99.967 13.5001 
0 10 6.5 1 444.252 247.596 13.5001 
0 5 10 1 420.39 348.949 13.5001 
10 5 10 1 202.615 306.443 13.5001 
0 6 0 1 454.541 80.84 13.5001 
0 8 0 1 460.234 92.0353 13.5001 
0 8 5 1 442.872 217.286 13.5001 
0 6 5 1 439.261 217.095 13.5001 
0 2 2.5 1 438.007 137.601 13.5001 
0 4 2.5 1 444.868 147.599 13.5001 
0 4 5 1 434.149 219.041 13.5001 
0 2 5 1 422.804 224.757 13.5001 
0.5 0.5 -0.5 1 422.298 13.2977 13.5001 
0.5 0.5 6 1 397.131 258.992 13.5001 
10.5 0.5 -0.5 1 129.776 43.9227 13.5001 
10.5 0.5 6 1 124.801 224.462 13.5001 
10.5 10.5 -0.5 1 258.098 99.3298 13.5001 
10.5 10.5 6 1 250.415 214.786 13.5001 
0.5 10.5 -0.5 1 450.936 90.791 13.5001 
0.5 10.5 6 1 436.537 233.328 13.5001 
0.5 5.5 9.5 1 412.62 331.669 13.5001 
10.5 5.5 9.5 1 195.465 291.173 13.5001 
0.5 6.5 -0.5 1 445.403 69.0431 13.5001 
0.5 8.5 -0.5 1 447.257 81.6668 13.5001 
0.5 8.5 4.5 1 435.38 203.054 13.5001 
0.5 6.5 4.5 1 427.636 201.219 13.5001 
0.5 2.5 2 1 424.343 123.738 13.5001 
0.5 4.5 2 1 432.476 132.863 13.5001 
0.5 4.5 4.5 1 422.004 205.389 13.5001 
0.5 2.5 4.5 1 415.336 205.455 13.5001 
