0 0 0 1 350.197 55.9475 12.1667 
0 0 6.5 1 329.823 342.019 12.1667 
10 0 0 1 151.539 140.336 12.1667 
10 0 6.5 1 131.694 302.889 12.1667 
10 10 0 1 321.216 192.898 12.1667 
10 10 6.5 1 313.915 315.621 12.1667 
0 10 0 1 527.658 162.246 12.1667 
0 10 6.5 1 520.626 342.797 12.1667 
0 5 10 1 438.135 468.598 12.1667 
10 5 10 1 228.9 392.47 12.1667 
0 6 0 1 473.318 131.285 12.1667 
0 8 0 1 504.238 148.622 12.1667 
0 8 5 1 495.739 295.05 12.1667 
0 6 5 1 465.928 291.491 12.1667 
0 2 2.5 1 396.654 180.227 12.1667 
0 4 2.5 1 436.422 197.274 12.1667 
0 4 5 1 430.909 286.285 12.1667 
0 2 5 1 387.759 279.222 12.1667 
0.5 0.5 -0.5 1 348.951 47.1308 12.1667 
0.5 0.5 6 1 329.355 318.83 12.1667 
10.5 0.5 -0.5 1 156.378 133.353 12.1667 
10.5 0.5 6 1 134.888 292.379 12.1667 
10.5 10.5 -0.5 1 322.946 186.125 12.1667 
10.5 10.5 6 1 311.249 305.562 12.1667 
0.5 10.5 -0.5 1 518.813 152.327 12.1667 
0.5 10.5 6 1 508.97 328.113 12.1667 
0.5 5.5 9.5 1 432.53 444.226 12.1667 
10.5 5.5 9.5 1 231.724 374.796 12.1667 
0.5 6.5 -0.5 1 470.711 122.07 12.1667 
0.5 8.5 -0.5 1 494.976 140.837 12.1667 
0.5 8.5 4.5 1 488.404 282.194 12.1667 
0.5 6.5 4.5 1 457.464 277.127 12.1667 
0.5 2.5 2 1 389.343 168.33 12.1667 
0.5 4.5 2 1 432.801 183.492 12.1667 
0.5 4.5 4.5 1 423.69 269.195 12.1667 
0.5 2.5 4.5 1 387.403 262.397 12.1667 
