0 0 0 1 384.827 112.847 0.233333 
0 0 6.5 1 366.872 260.819 0.233333 
10 0 0 1 539.278 4.06864 0.233333 
10 0 6.5 1 505.736 292.673 0.233333 
10 10 0 1 79.657 -62.9817 0.233333 
10 10 6.5 1 56.191 250.92 0.233333 
0 10 0 1 154.038 90.4231 0.233333 
0 10 6.5 1 139.119 240.065 0.233333 
0 5 10 1 249.029 331.372 0.233333 
10 5 10 1 272.952 426.944 0.233333 
0 6 0 1 248.748 102.087 0.233333 
0 8 0 1 201.353 94.1712 0.233333 
0 8 5 1 190.935 209.201 0.233333 
0 6 5 1 235.579 213.794 0.233333 
0 2 2.5 1 332.241 168.574 0.233333 
0 4 2.5 1 289.447 161.683 0.233333 
0 4 5 1 280.648 221.353 0.233333 
0 2 5 1 327.806 224.421 0.233333 
0.5 0.5 -0.5 1 375.221 98.2266 0.233333 
0.5 0.5 6 1 361.991 250.122 0.233333 
10.5 0.5 -0.5 1 535.895 -37.9305 0.233333 
10.5 0.5 6 1 499.039 272.651 0.233333 
10.5 10.5 -0.5 1 48.3371 -107.075 0.233333 
10.5 10.5 6 1 21.3487 226.127 0.233333 
0.5 10.5 -0.5 1 141.005 68.8929 0.233333 
0.5 10.5 6 1 123.506 227.271 0.233333 
0.5 5.5 9.5 1 238.581 323.108 0.233333 
10.5 5.5 9.5 1 253.768 409.922 0.233333 
0.5 6.5 -0.5 1 236.056 84.0236 0.233333 
0.5 8.5 -0.5 1 186.719 74.9617 0.233333 
0.5 8.5 4.5 1 177.572 197.671 0.233333 
0.5 6.5 4.5 1 224.002 202.792 0.233333 
0.5 2.5 2 1 327.568 150.022 0.233333 
0.5 4.5 2 1 279.577 147.599 0.233333 
0.5 4.5 4.5 1 274.688 206.689 0.233333 
0.5 2.5 4.5 1 319.947 209.368 0.233333 
