0 0 0 1 113.172 182.796 5.9 
0 0 6.5 1 99.011 313.413 5.9 
10 0 0 1 293.86 211.176 5.9 
10 0 6.5 1 287.919 326.823 5.9 
10 10 0 1 399.889 171.899 5.9 
10 10 6.5 1 386.968 351.726 5.9 
0 10 0 1 111.474 116.571 5.9 
0 10 6.5 1 84.7514 336.088 5.9 
0 5 10 1 83.2887 409.817 5.9 
10 5 10 1 316.778 416.175 5.9 
0 6 0 1 112.591 148.19 5.9 
0 8 0 1 110.661 139.194 5.9 
0 8 5 1 94.1969 281.538 5.9 
0 6 5 1 95.7745 283.125 5.9 
0 2 2.5 1 106.7 229.553 5.9 
0 4 2.5 1 104.683 223.61 5.9 
0 4 5 1 101.237 280.681 5.9 
0 2 5 1 99.4104 283.069 5.9 
0.5 0.5 -0.5 1 125.075 172.987 5.9 
0.5 0.5 6 1 110.095 301.906 5.9 
10.5 0.5 -0.5 1 309.052 198.771 5.9 
10.5 0.5 6 1 299.783 314.247 5.9 
10.5 10.5 -0.5 1 421.689 156.32 5.9 
10.5 10.5 6 1 408.582 343.218 5.9 
0.5 10.5 -0.5 1 130.923 99.0593 5.9 
0.5 10.5 6 1 102.914 321.21 5.9 
0.5 5.5 9.5 1 97.5527 400.677 5.9 
10.5 5.5 9.5 1 334.48 408.651 5.9 
0.5 6.5 -0.5 1 127.044 137.905 5.9 
0.5 8.5 -0.5 1 126.855 120.685 5.9 
0.5 8.5 4.5 1 109.246 268.846 5.9 
0.5 6.5 4.5 1 110.83 270.438 5.9 
0.5 2.5 2 1 118.756 216.432 5.9 
0.5 4.5 2 1 117.65 211.168 5.9 
0.5 4.5 4.5 1 112.003 272.17 5.9 
0.5 2.5 4.5 1 111.949 272.322 5.9 
