0 0 0 1 434.108 25.2449 13.2334 
0 0 6.5 1 401.759 295.595 13.2334 
10 0 0 1 141.758 66.3345 13.2334 
10 0 6.5 1 129.461 245.435 13.2334 
10 10 0 1 279.079 118.539 13.2334 
10 10 6.5 1 270.233 239.363 13.2334 
0 10 0 1 481.942 112.099 13.2334 
0 10 6.5 1 463.002 264.28 13.2334 
0 5 10 1 428.02 367.205 13.2334 
10 5 10 1 209.047 316.037 13.2334 
0 6 0 1 468.009 89.885 13.2334 
0 8 0 1 477.573 101.811 13.2334 
0 8 5 1 460.037 229.134 13.2334 
0 6 5 1 448.38 230.277 13.2334 
0 2 2.5 1 438.138 146.194 13.2334 
0 4 2.5 1 449.698 154.054 13.2334 
0 4 5 1 438.788 231.377 13.2334 
0 2 5 1 426.303 232.305 13.2334 
0.5 0.5 -0.5 1 416.396 18.7007 13.2334 
0.5 0.5 6 1 393.284 269.842 13.2334 
10.5 0.5 -0.5 1 141.934 58.607 13.2334 
10.5 0.5 6 1 134.261 227.601 13.2334 
10.5 10.5 -0.5 1 274.747 112.952 13.2334 
10.5 10.5 6 1 269.648 226.793 13.2334 
0.5 10.5 -0.5 1 474.118 101.349 13.2334 
0.5 10.5 6 1 454.154 251.992 13.2334 
0.5 5.5 9.5 1 418.634 346.579 13.2334 
10.5 5.5 9.5 1 205.436 298.872 13.2334 
0.5 6.5 -0.5 1 458.558 79.2918 13.2334 
0.5 8.5 -0.5 1 468.97 91.7678 13.2334 
0.5 8.5 4.5 1 452.036 215.914 13.2334 
0.5 6.5 4.5 1 439.196 216.023 13.2334 
0.5 2.5 2 1 425.226 129.875 13.2334 
0.5 4.5 2 1 438.146 138.458 13.2334 
0.5 4.5 4.5 1 426.142 217.899 13.2334 
0.5 2.5 4.5 1 415.929 215.379 13.2334 
