0 0 0 1 377.731 135.22 16.1668 
0 0 6.5 1 394.558 308.502 16.1668 
10 0 0 1 87.3442 119.368 16.1668 
10 0 6.5 1 98.427 341.654 16.1668 
10 10 0 1 85.9844 199.704 16.1668 
10 10 6.5 1 93.4357 331.165 16.1668 
0 10 0 1 272.32 197.451 16.1668 
0 10 6.5 1 279.01 312.436 16.1668 
0 5 10 1 333.726 391.476 16.1668 
10 5 10 1 101.623 430.973 16.1668 
0 6 0 1 304.428 177.947 16.1668 
0 8 0 1 283.709 187.305 16.1668 
0 8 5 1 295.041 281.995 16.1668 
0 6 5 1 318.006 278.175 16.1668 
0 2 2.5 1 354.369 209.759 16.1668 
0 4 2.5 1 331.96 219.88 16.1668 
0 4 5 1 335.06 278.561 16.1668 
0 2 5 1 360.794 272.79 16.1668 
0.5 0.5 -0.5 1 352.261 126.082 16.1668 
0.5 0.5 6 1 375.885 297.25 16.1668 
10.5 0.5 -0.5 1 67.9699 105.24 16.1668 
10.5 0.5 6 1 78.127 328.668 16.1668 
10.5 10.5 -0.5 1 74.5934 190.855 16.1668 
10.5 10.5 6 1 78.2693 318.827 16.1668 
0.5 10.5 -0.5 1 259.078 191.119 16.1668 
0.5 10.5 6 1 269.462 303.79 16.1668 
0.5 5.5 9.5 1 318.51 378.127 16.1668 
10.5 5.5 9.5 1 86.0072 414.483 16.1668 
0.5 6.5 -0.5 1 290.323 170.867 16.1668 
0.5 8.5 -0.5 1 274.573 179.652 16.1668 
0.5 8.5 4.5 1 282.983 275.303 16.1668 
0.5 6.5 4.5 1 296.861 271.36 16.1668 
0.5 2.5 2 1 336.937 204.027 16.1668 
0.5 4.5 2 1 312.323 211.527 16.1668 
0.5 4.5 4.5 1 317.613 270.319 16.1668 
0.5 2.5 4.5 1 337.545 262.326 16.1668 
