0 0 0 1 138.152 239.439 5.46666 
0 0 6.5 1 124.074 362.264 5.46666 
10 0 0 1 315.394 255.982 5.46666 
10 0 6.5 1 311.138 371.451 5.46666 
10 10 0 1 399.014 216.633 5.46666 
10 10 6.5 1 398.398 409.525 5.46666 
0 10 0 1 105.567 184.7 5.46666 
0 10 6.5 1 80.9908 394.118 5.46666 
0 5 10 1 96.8988 464.196 5.46666 
10 5 10 1 341.443 468.31 5.46666 
0 6 0 1 124.601 211.427 5.46666 
0 8 0 1 115.946 199.61 5.46666 
0 8 5 1 98.1356 342.217 5.46666 
0 6 5 1 109.421 338.579 5.46666 
0 2 2.5 1 128.855 281.54 5.46666 
0 4 2.5 1 119.039 277.456 5.46666 
0 4 5 1 115.622 335.05 5.46666 
0 2 5 1 121.478 334.256 5.46666 
0.5 0.5 -0.5 1 144.852 227.056 5.46666 
0.5 0.5 6 1 134.7 353.912 5.46666 
10.5 0.5 -0.5 1 330.459 244.545 5.46666 
10.5 0.5 6 1 324.827 366.825 5.46666 
10.5 10.5 -0.5 1 421.414 202.025 5.46666 
10.5 10.5 6 1 418.741 394.56 5.46666 
0.5 10.5 -0.5 1 121.443 165.036 5.46666 
0.5 10.5 6 1 99.6951 377.718 5.46666 
0.5 5.5 9.5 1 110.224 456.819 5.46666 
10.5 5.5 9.5 1 359.56 464.241 5.46666 
0.5 6.5 -0.5 1 135.031 199.188 5.46666 
0.5 8.5 -0.5 1 126.141 182.867 5.46666 
0.5 8.5 4.5 1 109.956 325.14 5.46666 
0.5 6.5 4.5 1 120.78 325.929 5.46666 
0.5 2.5 2 1 139.459 272.313 5.46666 
0.5 4.5 2 1 133.596 266.314 5.46666 
0.5 4.5 4.5 1 126.684 323.107 5.46666 
0.5 2.5 4.5 1 131.959 326.196 5.46666 
