0 0 0 1 374.638 139.458 16.3334 
0 0 6.5 1 394.103 313.672 16.3334 
10 0 0 1 94.6027 115.769 16.3334 
10 0 6.5 1 98.8219 344.64 16.3334 
10 10 0 1 76.9173 200.581 16.3334 
10 10 6.5 1 81.3385 334.192 16.3334 
0 10 0 1 266.327 207.402 16.3334 
0 10 6.5 1 272.909 319.658 16.3334 
0 5 10 1 331.091 395.229 16.3334 
10 5 10 1 92.4037 436.777 16.3334 
0 6 0 1 296.502 184.082 16.3334 
0 8 0 1 278.716 195.114 16.3334 
0 8 5 1 288.693 288.091 16.3334 
0 6 5 1 305.243 286.892 16.3334 
0 2 2.5 1 350.049 216.208 16.3334 
0 4 2.5 1 322.372 227.561 16.3334 
0 4 5 1 330.459 283.411 16.3334 
0 2 5 1 356.828 278.178 16.3334 
0.5 0.5 -0.5 1 352.198 132.089 16.3334 
0.5 0.5 6 1 373.975 306.274 16.3334 
10.5 0.5 -0.5 1 71.6111 101.577 16.3334 
10.5 0.5 6 1 79.362 327.616 16.3334 
10.5 10.5 -0.5 1 63.7298 193.257 16.3334 
10.5 10.5 6 1 68.2796 325.418 16.3334 
0.5 10.5 -0.5 1 251.342 197.78 16.3334 
0.5 10.5 6 1 260.394 311.432 16.3334 
0.5 5.5 9.5 1 311.981 384.409 16.3334 
10.5 5.5 9.5 1 77.244 423.889 16.3334 
0.5 6.5 -0.5 1 281.458 176.707 16.3334 
0.5 8.5 -0.5 1 265.102 189.742 16.3334 
0.5 8.5 4.5 1 275.191 280.504 16.3334 
0.5 6.5 4.5 1 290.558 276.429 16.3334 
0.5 2.5 2 1 330.495 207.666 16.3334 
0.5 4.5 2 1 304.528 216.372 16.3334 
0.5 4.5 4.5 1 311.353 275.809 16.3334 
0.5 2.5 4.5 1 337.61 272.586 16.3334 
