0 0 0 1 436.699 30.7664 13.3334 
0 0 6.5 1 403.985 291.934 13.3334 
10 0 0 1 137.143 63.7136 13.3334 
10 0 6.5 1 132.83 245.699 13.3334 
10 10 0 1 271.645 115.843 13.3334 
10 10 6.5 1 262.897 235.173 13.3334 
0 10 0 1 473.184 109.799 13.3334 
0 10 6.5 1 455.309 255.173 13.3334 
0 5 10 1 424.035 360.774 13.3334 
10 5 10 1 206.608 309.922 13.3334 
0 6 0 1 464.187 88.6105 13.3334 
0 8 0 1 474.003 101.076 13.3334 
0 8 5 1 455.619 222.702 13.3334 
0 6 5 1 448.169 228.171 13.3334 
0 2 2.5 1 438.083 146.4 13.3334 
0 4 2.5 1 445.712 153.326 13.3334 
0 4 5 1 437.51 228.472 13.3334 
0 2 5 1 425.817 232.466 13.3334 
0.5 0.5 -0.5 1 419.9 19.0856 13.3334 
0.5 0.5 6 1 390.528 264.816 13.3334 
10.5 0.5 -0.5 1 137.678 54.7492 13.3334 
10.5 0.5 6 1 130.736 230.828 13.3334 
10.5 10.5 -0.5 1 269.611 106.686 13.3334 
10.5 10.5 6 1 260.789 222.719 13.3334 
0.5 10.5 -0.5 1 465.889 97.8568 13.3334 
0.5 10.5 6 1 445.425 244.508 13.3334 
0.5 5.5 9.5 1 415.492 343.813 13.3334 
10.5 5.5 9.5 1 201.049 295.008 13.3334 
0.5 6.5 -0.5 1 453.461 77.3473 13.3334 
0.5 8.5 -0.5 1 460.062 89.3146 13.3334 
0.5 8.5 4.5 1 445.803 213.807 13.3334 
0.5 6.5 4.5 1 438.232 213.922 13.3334 
0.5 2.5 2 1 421.032 132.927 13.3334 
0.5 4.5 2 1 434.338 139.708 13.3334 
0.5 4.5 4.5 1 426.663 212.04 13.3334 
0.5 2.5 4.5 1 413.347 213.779 13.3334 
