0 0 0 1 255.342 202.083 3.36666 
0 0 6.5 1 266.892 316.041 3.36666 
10 0 0 1 447.149 166.098 3.36666 
10 0 6.5 1 460.425 309.237 3.36666 
10 10 0 1 395.038 108.1 3.36666 
10 10 6.5 1 422.035 350.546 3.36666 
0 10 0 1 123.398 177.849 3.36666 
0 10 6.5 1 136.004 350.511 3.36666 
0 5 10 1 219.789 409.99 3.36666 
10 5 10 1 457.363 425.914 3.36666 
0 6 0 1 187.773 190.181 3.36666 
0 8 0 1 157.699 189.036 3.36666 
0 8 5 1 171.072 307.236 3.36666 
0 6 5 1 198.421 299.25 3.36666 
0 2 2.5 1 240.549 247.489 3.36666 
0 4 2.5 1 217.592 245.878 3.36666 
0 4 5 1 225.335 296.944 3.36666 
0 2 5 1 246.525 293.957 3.36666 
0.5 0.5 -0.5 1 254.488 189.323 3.36666 
0.5 0.5 6 1 270.256 311.016 3.36666 
10.5 0.5 -0.5 1 454.333 149.167 3.36666 
10.5 0.5 6 1 471.979 297.38 3.36666 
10.5 10.5 -0.5 1 410.02 75.2489 3.36666 
10.5 10.5 6 1 439.281 334.541 3.36666 
0.5 10.5 -0.5 1 123.243 158.781 3.36666 
0.5 10.5 6 1 136.963 342.295 3.36666 
0.5 5.5 9.5 1 224.313 398.798 3.36666 
10.5 5.5 9.5 1 471.32 416.254 3.36666 
0.5 6.5 -0.5 1 189.046 175.347 3.36666 
0.5 8.5 -0.5 1 158.043 171.029 3.36666 
0.5 8.5 4.5 1 167.859 293.837 3.36666 
0.5 6.5 4.5 1 199.687 292.786 3.36666 
0.5 2.5 2 1 244.866 234.062 3.36666 
0.5 4.5 2 1 220.775 233.347 3.36666 
0.5 4.5 4.5 1 226.434 288.738 3.36666 
0.5 2.5 4.5 1 246.13 284.701 3.36666 
