0 0 0 1 289.338 76.2694 2.5 
0 0 6.5 1 297.753 203.593 2.5 
10 0 0 1 499.682 14.4363 2.5 
10 0 6.5 1 505.173 190.839 2.5 
10 10 0 1 346.962 -97.5795 2.5 
10 10 6.5 1 364.342 211.643 2.5 
0 10 0 1 116.452 45.3228 2.5 
0 10 6.5 1 133.407 223.851 2.5 
0 5 10 1 234.13 287.119 2.5 
10 5 10 1 453.389 313.187 2.5 
0 6 0 1 199.711 58.9364 2.5 
0 8 0 1 159.534 52.5269 2.5 
0 8 5 1 172.658 182.633 2.5 
0 6 5 1 208.325 180.72 2.5 
0 2 2.5 1 267.911 126.733 2.5 
0 4 2.5 1 238.979 124.146 2.5 
0 4 5 1 242.778 179.712 2.5 
0 2 5 1 270.355 179.551 2.5 
0.5 0.5 -0.5 1 289.451 67.1718 2.5 
0.5 0.5 6 1 301.054 193.893 2.5 
10.5 0.5 -0.5 1 508.142 -10.6684 2.5 
10.5 0.5 6 1 516.905 176.412 2.5 
10.5 10.5 -0.5 1 355.144 -149.362 2.5 
10.5 10.5 6 1 372.247 189.809 2.5 
0.5 10.5 -0.5 1 102.316 21.1378 2.5 
0.5 10.5 6 1 123.649 208.051 2.5 
0.5 5.5 9.5 1 235.218 279.931 2.5 
10.5 5.5 9.5 1 465.257 301.3 2.5 
0.5 6.5 -0.5 1 193.626 41.8791 2.5 
0.5 8.5 -0.5 1 157.638 31.913 2.5 
0.5 8.5 4.5 1 165.996 166.423 2.5 
0.5 6.5 4.5 1 206.37 163.547 2.5 
0.5 2.5 2 1 267.428 112.534 2.5 
0.5 4.5 2 1 237.158 110.518 2.5 
0.5 4.5 4.5 1 241.872 167.471 2.5 
0.5 2.5 4.5 1 271.483 167.166 2.5 
