0 0 0 1 377.732 221.373 17.8667 
0 0 6.5 1 370.205 391.868 17.8667 
10 0 0 1 197.533 123.692 17.8667 
10 0 6.5 1 171.969 422.452 17.8667 
10 10 0 1 -0.449981 186.124 17.8667 
10 10 6.5 1 -28.2617 371.118 17.8667 
0 10 0 1 199.841 241.131 17.8667 
0 10 6.5 1 185.046 361.857 17.8667 
0 5 10 1 259.122 458.838 17.8667 
10 5 10 1 29.4637 526.348 17.8667 
0 6 0 1 254.263 234.623 17.8667 
0 8 0 1 226.272 236.513 17.8667 
0 8 5 1 216.934 336.521 17.8667 
0 6 5 1 249.807 340.031 17.8667 
0 2 2.5 1 325.25 285.791 17.8667 
0 4 2.5 1 286.177 284.114 17.8667 
0 4 5 1 283.419 342.742 17.8667 
0 2 5 1 325.451 343.697 17.8667 
0.5 0.5 -0.5 1 357.163 204.295 17.8667 
0.5 0.5 6 1 352.87 374.37 17.8667 
10.5 0.5 -0.5 1 163.968 97.5626 17.8667 
10.5 0.5 6 1 135.716 393.392 17.8667 
10.5 10.5 -0.5 1 -19.0761 173.745 17.8667 
10.5 10.5 6 1 -52.6372 352.295 17.8667 
0.5 10.5 -0.5 1 181.565 229.224 17.8667 
0.5 10.5 6 1 172.033 356.902 17.8667 
0.5 5.5 9.5 1 243.846 445.238 17.8667 
10.5 5.5 9.5 1 6.52188 506.883 17.8667 
0.5 6.5 -0.5 1 239.125 222.083 17.8667 
0.5 8.5 -0.5 1 209.617 227.377 17.8667 
0.5 8.5 4.5 1 202.284 326.627 17.8667 
0.5 6.5 4.5 1 231.878 326.341 17.8667 
0.5 2.5 2 1 311.098 270.453 17.8667 
0.5 4.5 2 1 271.673 273.818 17.8667 
0.5 4.5 4.5 1 268.063 334.01 17.8667 
0.5 2.5 4.5 1 311.193 329.47 17.8667 
