0 0 0 1 377.874 68.6513 0.866667 
0 0 6.5 1 361.615 214.7 0.866667 
10 0 0 1 587.763 -25.4673 0.866667 
10 0 6.5 1 544.764 243.333 0.866667 
10 10 0 1 159.231 -125.356 0.866667 
10 10 6.5 1 148.932 227.784 0.866667 
0 10 0 1 144.493 34.091 0.866667 
0 10 6.5 1 137.516 203.568 0.866667 
0 5 10 1 253.392 284.818 0.866667 
10 5 10 1 357.846 380.24 0.866667 
0 6 0 1 242.765 50.7935 0.866667 
0 8 0 1 200.132 41.7412 0.866667 
0 8 5 1 192.015 170.358 0.866667 
0 6 5 1 237.806 171.259 0.866667 
0 2 2.5 1 328.781 120.658 0.866667 
0 4 2.5 1 285.161 117.62 0.866667 
0 4 5 1 281.449 175.837 0.866667 
0 2 5 1 322.682 179.383 0.866667 
0.5 0.5 -0.5 1 373.082 52.818 0.866667 
0.5 0.5 6 1 358.238 204.278 0.866667 
10.5 0.5 -0.5 1 596.097 -60.8282 0.866667 
10.5 0.5 6 1 548.297 227.141 0.866667 
10.5 10.5 -0.5 1 133.275 -185.637 0.866667 
10.5 10.5 6 1 124.851 207.356 0.866667 
0.5 10.5 -0.5 1 132.691 16.3464 0.866667 
0.5 10.5 6 1 125.748 192.508 0.866667 
0.5 5.5 9.5 1 245.494 277.356 0.866667 
10.5 5.5 9.5 1 349.667 370.122 0.866667 
0.5 6.5 -0.5 1 238.494 32.4927 0.866667 
0.5 8.5 -0.5 1 185.742 20.8459 0.866667 
0.5 8.5 4.5 1 182.701 156.761 0.866667 
0.5 6.5 4.5 1 230.402 156.949 0.866667 
0.5 2.5 2 1 323.656 108.828 0.866667 
0.5 4.5 2 1 278.783 100.377 0.866667 
0.5 4.5 4.5 1 276.261 163.454 0.866667 
0.5 2.5 4.5 1 318.713 167.606 0.866667 
