0 0 0 1 387.805 74.8305 19.8334 
0 0 6.5 1 372.865 231.485 19.8334 
10 0 0 1 505.057 -47.2171 19.8334 
10 0 6.5 1 460.549 279.566 19.8334 
10 10 0 1 5.59814 -60.6663 19.8334 
10 10 6.5 1 18.6342 250.606 19.8334 
0 10 0 1 147.014 61.6356 19.8334 
0 10 6.5 1 145.438 216.302 19.8334 
0 5 10 1 253.549 301.432 19.8334 
10 5 10 1 226.379 411.28 19.8334 
0 6 0 1 241.285 68.2241 19.8334 
0 8 0 1 194.076 64.3162 19.8334 
0 8 5 1 189.964 187.198 19.8334 
0 6 5 1 236.958 187.732 19.8334 
0 2 2.5 1 335.385 132.009 19.8334 
0 4 2.5 1 285.943 128.785 19.8334 
0 4 5 1 283.132 189.129 19.8334 
0 2 5 1 330.576 194.591 19.8334 
0.5 0.5 -0.5 1 381.284 54.0729 19.8334 
0.5 0.5 6 1 364.421 219.708 19.8334 
10.5 0.5 -0.5 1 493.178 -88.538 19.8334 
10.5 0.5 6 1 448.818 260.09 19.8334 
10.5 10.5 -0.5 1 -35.3904 -103.319 19.8334 
10.5 10.5 6 1 -20.6559 231.584 19.8334 
0.5 10.5 -0.5 1 131.87 46.3958 19.8334 
0.5 10.5 6 1 128.834 205.506 19.8334 
0.5 5.5 9.5 1 243.012 292.107 19.8334 
10.5 5.5 9.5 1 200.388 403.222 19.8334 
0.5 6.5 -0.5 1 229.108 50.9293 19.8334 
0.5 8.5 -0.5 1 180.609 45.6049 19.8334 
0.5 8.5 4.5 1 180.874 173.315 19.8334 
0.5 6.5 4.5 1 222.899 174.027 19.8334 
0.5 2.5 2 1 325.425 119.237 19.8334 
0.5 4.5 2 1 273.738 117.923 19.8334 
0.5 4.5 4.5 1 269.91 178.176 19.8334 
0.5 2.5 4.5 1 317.769 179.283 19.8334 
