0 0 0 1 226.781 143.203 11.3334 
0 0 6.5 1 213.872 466.568 11.3334 
10 0 0 1 139.15 234.377 11.3334 
10 0 6.5 1 125.239 397.214 11.3334 
10 10 0 1 344.719 260.541 11.3334 
10 10 6.5 1 344.346 394.767 11.3334 
0 10 0 1 538.043 210.279 11.3334 
0 10 6.5 1 559.623 439.485 11.3334 
0 5 10 1 423.651 621.104 11.3334 
10 5 10 1 242.914 486.316 11.3334 
0 6 0 1 437.736 188.5 11.3334 
0 8 0 1 494.712 200.397 11.3334 
0 8 5 1 505.16 382.562 11.3334 
0 6 5 1 446.406 384.703 11.3334 
0 2 2.5 1 308.839 267.303 11.3334 
0 4 2.5 1 379.847 275.366 11.3334 
0 4 5 1 384.28 382.315 11.3334 
0 2 5 1 309.406 382.108 11.3334 
0.5 0.5 -0.5 1 242.692 137.88 11.3334 
0.5 0.5 6 1 230.157 432.142 11.3334 
10.5 0.5 -0.5 1 151.047 227.709 11.3334 
10.5 0.5 6 1 137.746 388.606 11.3334 
10.5 10.5 -0.5 1 346.281 252.449 11.3334 
10.5 10.5 6 1 347.706 382.181 11.3334 
0.5 10.5 -0.5 1 532.298 201.787 11.3334 
0.5 10.5 6 1 552.586 418.368 11.3334 
0.5 5.5 9.5 1 421.185 578.589 11.3334 
10.5 5.5 9.5 1 253.751 467.156 11.3334 
0.5 6.5 -0.5 1 437.522 178.144 11.3334 
0.5 8.5 -0.5 1 487.227 193.135 11.3334 
0.5 8.5 4.5 1 500.091 361.036 11.3334 
0.5 6.5 4.5 1 442.955 362.732 11.3334 
0.5 2.5 2 1 314.69 250.619 11.3334 
0.5 4.5 2 1 384.342 260.051 11.3334 
0.5 4.5 4.5 1 385.201 359.827 11.3334 
0.5 2.5 4.5 1 313.149 357.933 11.3334 
