0 0 0 1 -67.6305 31.0416 8.90001 
0 0 6.5 1 -33.2187 275.986 8.90001 
10 0 0 1 143.653 103.509 8.90001 
10 0 6.5 1 158.922 239.308 8.90001 
10 10 0 1 364.714 60.5321 8.90001 
10 10 6.5 1 371.732 225.543 8.90001 
0 10 0 1 303.106 -82.0846 8.90001 
0 10 6.5 1 328.686 262.738 8.90001 
0 5 10 1 134.59 411.089 8.90001 
10 5 10 1 261.763 309.025 8.90001 
0 6 0 1 124.455 -27.7105 8.90001 
0 8 0 1 204.661 -53.2953 8.90001 
0 8 5 1 230.662 196.951 8.90001 
0 6 5 1 147.899 202.791 8.90001 
0 2 2.5 1 3.6749 116.503 8.90001 
0 4 2.5 1 64.5745 106.843 8.90001 
0 4 5 1 79.3435 212.149 8.90001 
0 2 5 1 16.2033 217.038 8.90001 
0.5 0.5 -0.5 1 -38.0727 13.8828 8.90001 
0.5 0.5 6 1 -6.76662 255.887 8.90001 
10.5 0.5 -0.5 1 158.197 95.2594 8.90001 
10.5 0.5 6 1 173.312 231.22 8.90001 
10.5 10.5 -0.5 1 377.663 52.062 8.90001 
10.5 10.5 6 1 388.938 214.178 8.90001 
0.5 10.5 -0.5 1 333.716 -102.908 8.90001 
0.5 10.5 6 1 356.697 231.824 8.90001 
0.5 5.5 9.5 1 162.657 380.614 8.90001 
10.5 5.5 9.5 1 274.323 298.574 8.90001 
0.5 6.5 -0.5 1 152.599 -45.759 8.90001 
0.5 8.5 -0.5 1 237.097 -73.5713 8.90001 
0.5 8.5 4.5 1 257.577 170.133 8.90001 
0.5 6.5 4.5 1 174.98 179.15 8.90001 
0.5 2.5 2 1 32.194 96.1571 8.90001 
0.5 4.5 2 1 95.6279 84.4408 8.90001 
0.5 4.5 4.5 1 104.864 188.357 8.90001 
0.5 2.5 4.5 1 42.3438 193.461 8.90001 
