0 0 0 1 180.922 244.812 4.76666 
0 0 6.5 1 176.566 366.261 4.76666 
10 0 0 1 360.654 242.285 4.76666 
10 0 6.5 1 364.798 365.568 4.76666 
10 10 0 1 401.641 174.96 4.76666 
10 10 6.5 1 415.515 372.961 4.76666 
0 10 0 1 113.932 184.065 4.76666 
0 10 6.5 1 99.9203 372.322 4.76666 
0 5 10 1 141.233 452.658 4.76666 
10 5 10 1 387.405 459.364 4.76666 
0 6 0 1 149.64 214.78 4.76666 
0 8 0 1 133.148 198.829 4.76666 
0 8 5 1 128.929 326.102 4.76666 
0 6 5 1 141.268 329.002 4.76666 
0 2 2.5 1 170.315 283.63 4.76666 
0 4 2.5 1 158.638 275.344 4.76666 
0 4 5 1 155.117 330.904 4.76666 
0 2 5 1 167.89 330.506 4.76666 
0.5 0.5 -0.5 1 186.895 235.912 4.76666 
0.5 0.5 6 1 184.128 354.474 4.76666 
10.5 0.5 -0.5 1 370.602 234.96 4.76666 
10.5 0.5 6 1 377.882 355.236 4.76666 
10.5 10.5 -0.5 1 423.413 154.542 4.76666 
10.5 10.5 6 1 436.266 361.752 4.76666 
0.5 10.5 -0.5 1 122.083 160.593 4.76666 
0.5 10.5 6 1 111.049 356.742 4.76666 
0.5 5.5 9.5 1 153.761 440.838 4.76666 
10.5 5.5 9.5 1 404.368 447.812 4.76666 
0.5 6.5 -0.5 1 159.48 201.166 4.76666 
0.5 8.5 -0.5 1 144.081 182.845 4.76666 
0.5 8.5 4.5 1 134.921 313.522 4.76666 
0.5 6.5 4.5 1 152.407 318.376 4.76666 
0.5 2.5 2 1 176.997 272.037 4.76666 
0.5 4.5 2 1 166.994 265.154 4.76666 
0.5 4.5 4.5 1 163.723 320.409 4.76666 
0.5 2.5 4.5 1 174.35 323.039 4.76666 
