0 0 0 1 378.527 68.3903 0.8 
0 0 6.5 1 360.952 218.711 0.8 
10 0 0 1 590.352 -29.956 0.8 
10 0 6.5 1 542.803 241.449 0.8 
10 10 0 1 153.804 -131.965 0.8 
10 10 6.5 1 142.357 225.205 0.8 
0 10 0 1 145.664 33.5832 0.8 
0 10 6.5 1 142.601 200.841 0.8 
0 5 10 1 254.388 287.232 0.8 
10 5 10 1 350.813 379.89 0.8 
0 6 0 1 245.826 48.5797 0.8 
0 8 0 1 197.778 41.5241 0.8 
0 8 5 1 193.833 167.852 0.8 
0 6 5 1 238.459 172.787 0.8 
0 2 2.5 1 333.9 119.715 0.8 
0 4 2.5 1 285.349 115.506 0.8 
0 4 5 1 282.743 176.564 0.8 
0 2 5 1 323.608 177.698 0.8 
0.5 0.5 -0.5 1 376.726 53.3732 0.8 
0.5 0.5 6 1 356.442 203.603 0.8 
10.5 0.5 -0.5 1 594.606 -66.7338 0.8 
10.5 0.5 6 1 547.448 224.425 0.8 
10.5 10.5 -0.5 1 123.445 -191.183 0.8 
10.5 10.5 6 1 114.094 199.348 0.8 
0.5 10.5 -0.5 1 133.532 14.5157 0.8 
0.5 10.5 6 1 129.267 189.175 0.8 
0.5 5.5 9.5 1 245.502 279.62 0.8 
10.5 5.5 9.5 1 340.636 372.174 0.8 
0.5 6.5 -0.5 1 235.665 31.4344 0.8 
0.5 8.5 -0.5 1 188.833 24.7252 0.8 
0.5 8.5 4.5 1 178.872 155.671 0.8 
0.5 6.5 4.5 1 231.622 160.452 0.8 
0.5 2.5 2 1 324.653 106.648 0.8 
0.5 4.5 2 1 279.429 102.515 0.8 
0.5 4.5 4.5 1 275.148 165.147 0.8 
0.5 2.5 4.5 1 321.217 167.623 0.8 
