0 0 0 1 -66.2577 -19.1597 8.26666 
0 0 6.5 1 -30.986 204.638 8.26666 
10 0 0 1 164.967 49.2518 8.26666 
10 0 6.5 1 175.635 190.15 8.26666 
10 10 0 1 373.613 3.6187 8.26666 
10 10 6.5 1 372.065 182.95 8.26666 
0 10 0 1 210.2 -152.351 8.26666 
0 10 6.5 1 228.654 206.002 8.26666 
0 5 10 1 86.6523 335.141 8.26666 
10 5 10 1 263.876 263.841 8.26666 
0 6 0 1 66.665 -84.4551 8.26666 
0 8 0 1 133.111 -114.721 8.26666 
0 8 5 1 150.055 139.271 8.26666 
0 6 5 1 91.418 144.675 8.26666 
0 2 2.5 1 -16.7558 64.3756 8.26666 
0 4 2.5 1 29.1116 49.2487 8.26666 
0 4 5 1 40.4794 151.719 8.26666 
0 2 5 1 -3.14711 153.472 8.26666 
0.5 0.5 -0.5 1 -40.9989 -35.8596 8.26666 
0.5 0.5 6 1 -10.4063 188.95 8.26666 
10.5 0.5 -0.5 1 177.641 36.9872 8.26666 
10.5 0.5 6 1 186.496 177.898 8.26666 
10.5 10.5 -0.5 1 393.212 -8.6121 8.26666 
10.5 10.5 6 1 390.697 170.772 8.26666 
0.5 10.5 -0.5 1 249.267 -182.192 8.26666 
0.5 10.5 6 1 260.68 185.728 8.26666 
0.5 5.5 9.5 1 111.322 315.529 8.26666 
10.5 5.5 9.5 1 276.612 249.848 8.26666 
0.5 6.5 -0.5 1 96.4442 -105.426 8.26666 
0.5 8.5 -0.5 1 165.333 -139.367 8.26666 
0.5 8.5 4.5 1 182.879 118.26 8.26666 
0.5 6.5 4.5 1 117.606 123.244 8.26666 
0.5 2.5 2 1 9.89027 44.3396 8.26666 
0.5 4.5 2 1 53.4934 26.1566 8.26666 
0.5 4.5 4.5 1 67.8813 130.048 8.26666 
0.5 2.5 4.5 1 21.3227 134.278 8.26666 
