0 0 0 1 314.81 63.7697 2.03333 
0 0 6.5 1 315.915 198.434 2.03333 
10 0 0 1 541.18 -5.24901 2.03333 
10 0 6.5 1 526.377 201.569 2.03333 
10 10 0 1 314.208 -102.921 2.03333 
10 10 6.5 1 318.156 231.847 2.03333 
0 10 0 1 118.378 34.4791 2.03333 
0 10 6.5 1 134.527 212.209 2.03333 
0 5 10 1 244.183 278.114 2.03333 
10 5 10 1 442.437 333.29 2.03333 
0 6 0 1 212.419 47.3764 2.03333 
0 8 0 1 169.145 41.9119 2.03333 
0 8 5 1 179.675 170.139 2.03333 
0 6 5 1 222.012 168.666 2.03333 
0 2 2.5 1 286.011 112.337 2.03333 
0 4 2.5 1 253.988 112.592 2.03333 
0 4 5 1 257.979 166.49 2.03333 
0 2 5 1 287.406 169.061 2.03333 
0.5 0.5 -0.5 1 319.071 45.801 2.03333 
0.5 0.5 6 1 319.606 184.157 2.03333 
10.5 0.5 -0.5 1 550.032 -30.8114 2.03333 
10.5 0.5 6 1 536.849 185.315 2.03333 
10.5 10.5 -0.5 1 312.957 -161.051 2.03333 
10.5 10.5 6 1 316.657 213.12 2.03333 
0.5 10.5 -0.5 1 108.509 11.5432 2.03333 
0.5 10.5 6 1 125.551 202.716 2.03333 
0.5 5.5 9.5 1 240.889 273.929 2.03333 
10.5 5.5 9.5 1 451.56 324.94 2.03333 
0.5 6.5 -0.5 1 209.99 28.0592 2.03333 
0.5 8.5 -0.5 1 161.192 22.0112 2.03333 
0.5 8.5 4.5 1 171.971 157.552 2.03333 
0.5 6.5 4.5 1 215.973 159.925 2.03333 
0.5 2.5 2 1 287.345 98.5939 2.03333 
0.5 4.5 2 1 252.144 98.8587 2.03333 
0.5 4.5 4.5 1 255.029 157.85 2.03333 
0.5 2.5 4.5 1 288.998 157.396 2.03333 
