0 0 0 1 -27.2759 24.1616 7.76666 
0 0 6.5 1 -6.06599 222.608 7.76666 
10 0 0 1 194.548 70.7967 7.76666 
10 0 6.5 1 197.784 203.007 7.76666 
10 10 0 1 384.879 39.9856 7.76666 
10 10 6.5 1 375.584 216.866 7.76666 
0 10 0 1 165.172 -63.34 7.76666 
0 10 6.5 1 171.386 260.726 7.76666 
0 5 10 1 69.4722 348.61 7.76666 
10 5 10 1 271.201 283.348 7.76666 
0 6 0 1 63.3453 -16.7819 7.76666 
0 8 0 1 109.396 -40.0877 7.76666 
0 8 5 1 117.966 188.185 7.76666 
0 6 5 1 76.6804 182.791 7.76666 
0 2 2.5 1 6.89889 102.423 7.76666 
0 4 2.5 1 34.2977 96.1945 7.76666 
0 4 5 1 41.2488 184.248 7.76666 
0 2 5 1 14.7576 180.978 7.76666 
0.5 0.5 -0.5 1 -4.90755 11.6186 7.76666 
0.5 0.5 6 1 14.2014 207.156 7.76666 
10.5 0.5 -0.5 1 209.578 61.2501 7.76666 
10.5 0.5 6 1 212.949 197.11 7.76666 
10.5 10.5 -0.5 1 406.736 23.3058 7.76666 
10.5 10.5 6 1 392.829 208.052 7.76666 
0.5 10.5 -0.5 1 198.86 -91.2087 7.76666 
0.5 10.5 6 1 204.873 235.546 7.76666 
0.5 5.5 9.5 1 92.4737 331.638 7.76666 
10.5 5.5 9.5 1 288.82 272.681 7.76666 
0.5 6.5 -0.5 1 90.3875 -38.4473 7.76666 
0.5 8.5 -0.5 1 139.585 -59.3271 7.76666 
0.5 8.5 4.5 1 147.747 167.564 7.76666 
0.5 6.5 4.5 1 102.964 167.409 7.76666 
0.5 2.5 2 1 27.4729 87.7579 7.76666 
0.5 4.5 2 1 56.969 78.2146 7.76666 
0.5 4.5 4.5 1 66.4667 165.875 7.76666 
0.5 2.5 4.5 1 34.0868 166.652 7.76666 
