0 0 0 1 251.05 208.575 3.43333 
0 0 6.5 1 262.377 325.156 3.43333 
10 0 0 1 439.203 177.29 3.43333 
10 0 6.5 1 458.41 316.436 3.43333 
10 10 0 1 395.186 116.526 3.43333 
10 10 6.5 1 426.156 360.704 3.43333 
0 10 0 1 123.157 185.373 3.43333 
0 10 6.5 1 136.155 362.275 3.43333 
0 5 10 1 219.699 415.223 3.43333 
10 5 10 1 458.13 434.1 3.43333 
0 6 0 1 186.94 196.812 3.43333 
0 8 0 1 157.541 191.054 3.43333 
0 8 5 1 167.967 315.265 3.43333 
0 6 5 1 199.845 306.651 3.43333 
0 2 2.5 1 238.206 252.556 3.43333 
0 4 2.5 1 218.718 253.409 3.43333 
0 4 5 1 223.067 302.391 3.43333 
0 2 5 1 244.665 302.759 3.43333 
0.5 0.5 -0.5 1 254.881 196.226 3.43333 
0.5 0.5 6 1 265.389 314.979 3.43333 
10.5 0.5 -0.5 1 448.172 158.514 3.43333 
10.5 0.5 6 1 468.154 306.443 3.43333 
10.5 10.5 -0.5 1 409.58 87.6267 3.43333 
10.5 10.5 6 1 442.682 347.28 3.43333 
0.5 10.5 -0.5 1 122.791 166.885 3.43333 
0.5 10.5 6 1 134.316 348.679 3.43333 
0.5 5.5 9.5 1 222.693 407.59 3.43333 
10.5 5.5 9.5 1 472.465 424.506 3.43333 
0.5 6.5 -0.5 1 187.92 183.097 3.43333 
0.5 8.5 -0.5 1 158.171 174.368 3.43333 
0.5 8.5 4.5 1 167.647 301.312 3.43333 
0.5 6.5 4.5 1 198.138 300.766 3.43333 
0.5 2.5 2 1 239.108 240.074 3.43333 
0.5 4.5 2 1 219.006 238.863 3.43333 
0.5 4.5 4.5 1 224.793 292.61 3.43333 
0.5 2.5 4.5 1 241.147 292.481 3.43333 
