0 0 0 1 429.967 28.6857 13.2001 
0 0 6.5 1 401.68 292.218 13.2001 
10 0 0 1 143.329 66.3167 13.2001 
10 0 6.5 1 132.056 245.151 13.2001 
10 10 0 1 277.995 120.439 13.2001 
10 10 6.5 1 269.989 238.226 13.2001 
0 10 0 1 482.28 113.528 13.2001 
0 10 6.5 1 463.079 266.284 13.2001 
0 5 10 1 423.738 372.486 13.2001 
10 5 10 1 211.478 314.62 13.2001 
0 6 0 1 468.775 87.476 13.2001 
0 8 0 1 475.522 104.648 13.2001 
0 8 5 1 462.01 230.831 13.2001 
0 6 5 1 451.7 230.172 13.2001 
0 2 2.5 1 436.578 144.782 13.2001 
0 4 2.5 1 450.186 155.013 13.2001 
0 4 5 1 442.446 228.636 13.2001 
0 2 5 1 424.454 232.531 13.2001 
0.5 0.5 -0.5 1 420.682 21.7961 13.2001 
0.5 0.5 6 1 391 269.08 13.2001 
10.5 0.5 -0.5 1 140.991 56.7979 13.2001 
10.5 0.5 6 1 133.708 228.091 13.2001 
10.5 10.5 -0.5 1 277.469 110.426 13.2001 
10.5 10.5 6 1 270.315 227.461 13.2001 
0.5 10.5 -0.5 1 474.85 103.894 13.2001 
0.5 10.5 6 1 454.811 252.918 13.2001 
0.5 5.5 9.5 1 418.572 349.278 13.2001 
10.5 5.5 9.5 1 210.635 302.298 13.2001 
0.5 6.5 -0.5 1 457.12 80.4115 13.2001 
0.5 8.5 -0.5 1 466.635 93.0013 13.2001 
0.5 8.5 4.5 1 452.19 220.446 13.2001 
0.5 6.5 4.5 1 443.766 214.384 13.2001 
0.5 2.5 2 1 426.599 129.745 13.2001 
0.5 4.5 2 1 439.005 141.444 13.2001 
0.5 4.5 4.5 1 431.565 215.243 13.2001 
0.5 2.5 4.5 1 415.812 213.988 13.2001 
