0 0 0 1 375.233 217.493 17.0667 
0 0 6.5 1 387.367 390.927 17.0667 
10 0 0 1 124 158.331 17.0667 
10 0 6.5 1 112.868 423.385 17.0667 
10 10 0 1 37.5003 238.799 17.0667 
10 10 6.5 1 23.3812 392.536 17.0667 
0 10 0 1 230.961 258.889 17.0667 
0 10 6.5 1 230.838 376.843 17.0667 
0 5 10 1 296.829 467.433 17.0667 
10 5 10 1 47.5675 525.518 17.0667 
0 6 0 1 275.254 245.103 17.0667 
0 8 0 1 249.945 254.048 17.0667 
0 8 5 1 252.733 350.887 17.0667 
0 6 5 1 279.312 349.049 17.0667 
0 2 2.5 1 338.192 287.795 17.0667 
0 4 2.5 1 308.418 292.314 17.0667 
0 4 5 1 305.52 346.869 17.0667 
0 2 5 1 342.876 350.847 17.0667 
0.5 0.5 -0.5 1 354.087 206.408 17.0667 
0.5 0.5 6 1 365.6 376.533 17.0667 
10.5 0.5 -0.5 1 98.8847 143.185 17.0667 
10.5 0.5 6 1 88.6319 399.958 17.0667 
10.5 10.5 -0.5 1 23.0563 226.653 17.0667 
10.5 10.5 6 1 10.2563 384.205 17.0667 
0.5 10.5 -0.5 1 217.216 251.889 17.0667 
0.5 10.5 6 1 219.3 370.303 17.0667 
0.5 5.5 9.5 1 281.016 454.061 17.0667 
10.5 5.5 9.5 1 29.2439 509.941 17.0667 
0.5 6.5 -0.5 1 260.775 234.645 17.0667 
0.5 8.5 -0.5 1 234.061 244.431 17.0667 
0.5 8.5 4.5 1 237.08 337.817 17.0667 
0.5 6.5 4.5 1 263.345 338.476 17.0667 
0.5 2.5 2 1 318.866 277.117 17.0667 
0.5 4.5 2 1 289.182 281.769 17.0667 
0.5 4.5 4.5 1 291.896 335.437 17.0667 
0.5 2.5 4.5 1 324.036 336.728 17.0667 
