0 0 0 1 397.259 26.602 15.0334 
0 0 6.5 1 407.414 233.702 15.0334 
10 0 0 1 79.9073 51.5009 15.0334 
10 0 6.5 1 105.857 256.369 15.0334 
10 10 0 1 146.269 111.117 15.0334 
10 10 6.5 1 159.291 233.109 15.0334 
0 10 0 1 339.076 96.3077 15.0334 
0 10 6.5 1 344.311 220.193 15.0334 
0 5 10 1 372.06 302.246 15.0334 
10 5 10 1 149.027 320.224 15.0334 
0 6 0 1 354.984 72.3608 15.0334 
0 8 0 1 344.698 87.1564 15.0334 
0 8 5 1 352.166 191.153 15.0334 
0 6 5 1 359.709 190.121 15.0334 
0 2 2.5 1 381.01 120.382 15.0334 
0 4 2.5 1 367.418 126.595 15.0334 
0 4 5 1 372.965 191.471 15.0334 
0 2 5 1 388.648 188.112 15.0334 
0.5 0.5 -0.5 1 378.449 15.8523 15.0334 
0.5 0.5 6 1 386.298 218.487 15.0334 
10.5 0.5 -0.5 1 67.5606 40.7238 15.0334 
10.5 0.5 6 1 92.7036 244.361 15.0334 
10.5 10.5 -0.5 1 140.376 107.163 15.0334 
10.5 10.5 6 1 151.753 224.099 15.0334 
0.5 10.5 -0.5 1 323.564 88.4967 15.0334 
0.5 10.5 6 1 332.087 211.676 15.0334 
0.5 5.5 9.5 1 356.513 292.801 15.0334 
10.5 5.5 9.5 1 138.946 306.135 15.0334 
0.5 6.5 -0.5 1 340.391 65.3384 15.0334 
0.5 8.5 -0.5 1 331.325 80.6516 15.0334 
0.5 8.5 4.5 1 337.561 183.563 15.0334 
0.5 6.5 4.5 1 348.231 179.759 15.0334 
0.5 2.5 2 1 366.072 111.246 15.0334 
0.5 4.5 2 1 353.289 119.644 15.0334 
0.5 4.5 4.5 1 355.308 178.869 15.0334 
0.5 2.5 4.5 1 366.92 177.981 15.0334 
