0 0 0 1 371.756 162.061 16.6001 
0 0 6.5 1 389.192 334.338 16.6001 
10 0 0 1 99.8869 118.421 16.6001 
10 0 6.5 1 105.565 355.009 16.6001 
10 10 0 1 61.3539 209.565 16.6001 
10 10 6.5 1 63.3538 351.594 16.6001 
0 10 0 1 251.725 222.179 16.6001 
0 10 6.5 1 261.522 334.755 16.6001 
0 5 10 1 317.362 413.826 16.6001 
10 5 10 1 77.7929 459.803 16.6001 
0 6 0 1 286.074 200.804 16.6001 
0 8 0 1 269.058 213.52 16.6001 
0 8 5 1 274.571 308.038 16.6001 
0 6 5 1 296.011 304.802 16.6001 
0 2 2.5 1 345.365 237.856 16.6001 
0 4 2.5 1 316.294 246.699 16.6001 
0 4 5 1 321.846 298.379 16.6001 
0 2 5 1 352.884 296.527 16.6001 
0.5 0.5 -0.5 1 353.868 153.402 16.6001 
0.5 0.5 6 1 368.104 320.375 16.6001 
10.5 0.5 -0.5 1 79.4549 109.155 16.6001 
10.5 0.5 6 1 80.9151 337.817 16.6001 
10.5 10.5 -0.5 1 48.3921 203.075 16.6001 
10.5 10.5 6 1 48.9429 340.486 16.6001 
0.5 10.5 -0.5 1 238.016 214.078 16.6001 
0.5 10.5 6 1 245.388 326.484 16.6001 
0.5 5.5 9.5 1 302.125 402.54 16.6001 
10.5 5.5 9.5 1 61.002 443.764 16.6001 
0.5 6.5 -0.5 1 274.672 194.309 16.6001 
0.5 8.5 -0.5 1 255.082 204.657 16.6001 
0.5 8.5 4.5 1 263.74 296.803 16.6001 
0.5 6.5 4.5 1 278.04 293.776 16.6001 
0.5 2.5 2 1 326.292 224.182 16.6001 
0.5 4.5 2 1 300.066 235.993 16.6001 
0.5 4.5 4.5 1 307.582 290.89 16.6001 
0.5 2.5 4.5 1 336.091 284.447 16.6001 
