0 0 0 1 -54.1474 82.8074 9.16668 
0 0 6.5 1 -20.6416 334.856 9.16668 
10 0 0 1 141.922 143.386 9.16668 
10 0 6.5 1 155.455 282.871 9.16668 
10 10 0 1 362.201 110.443 9.16668 
10 10 6.5 1 375.234 264.433 9.16668 
0 10 0 1 348.147 -9.91008 9.16668 
0 10 6.5 1 373.078 314.424 9.16668 
0 5 10 1 170.009 474.401 9.16668 
10 5 10 1 265.607 355.638 9.16668 
0 6 0 1 162.146 34.1481 9.16668 
0 8 0 1 249.718 11.4307 9.16668 
0 8 5 1 276.028 251.769 9.16668 
0 6 5 1 186.189 261.348 9.16668 
0 2 2.5 1 25.4151 172.454 9.16668 
0 4 2.5 1 96.5197 159.708 9.16668 
0 4 5 1 111.219 268.628 9.16668 
0 2 5 1 37.1643 271.943 9.16668 
0.5 0.5 -0.5 1 -25.2627 63.4893 9.16668 
0.5 0.5 6 1 7.26915 310.955 9.16668 
10.5 0.5 -0.5 1 154.173 134.085 9.16668 
10.5 0.5 6 1 167.189 271.449 9.16668 
10.5 10.5 -0.5 1 373.154 96.8961 9.16668 
10.5 10.5 6 1 387.707 254.043 9.16668 
0.5 10.5 -0.5 1 374.142 -32.1303 9.16668 
0.5 10.5 6 1 399.434 288.557 9.16668 
0.5 5.5 9.5 1 192.99 443.692 9.16668 
10.5 5.5 9.5 1 277.71 340.338 9.16668 
0.5 6.5 -0.5 1 189.981 16.0326 9.16668 
0.5 8.5 -0.5 1 277.91 -4.64016 9.16668 
0.5 8.5 4.5 1 298.291 225.356 9.16668 
0.5 6.5 4.5 1 212.522 232.609 9.16668 
0.5 2.5 2 1 51.1065 150.053 9.16668 
0.5 4.5 2 1 122.09 137.42 9.16668 
0.5 4.5 4.5 1 134.698 243.293 9.16668 
0.5 2.5 4.5 1 63.5841 247.46 9.16668 
