0 0 0 1 352.734 75.072 1.36667 
0 0 6.5 1 345.265 216.478 1.36667 
10 0 0 1 575.844 13.8406 1.36667 
10 0 6.5 1 543.001 251.605 1.36667 
10 10 0 1 232.133 -67.5633 1.36667 
10 10 6.5 1 229.663 282.514 1.36667 
0 10 0 1 133.363 47.09 1.36667 
0 10 6.5 1 136.449 222.943 1.36667 
0 5 10 1 251.035 295.234 1.36667 
10 5 10 1 402.152 394.701 1.36667 
0 6 0 1 233.763 61.1536 1.36667 
0 8 0 1 183.319 58.8002 1.36667 
0 8 5 1 190.17 183.053 1.36667 
0 6 5 1 231.853 183.522 1.36667 
0 2 2.5 1 311.804 131.446 1.36667 
0 4 2.5 1 274.015 126.061 1.36667 
0 4 5 1 274.688 187.28 1.36667 
0 2 5 1 310.809 186.292 1.36667 
0.5 0.5 -0.5 1 351.84 62.309 1.36667 
0.5 0.5 6 1 346.082 205.154 1.36667 
10.5 0.5 -0.5 1 588.028 -15.7942 1.36667 
10.5 0.5 6 1 553.288 237.414 1.36667 
10.5 10.5 -0.5 1 214.155 -119.937 1.36667 
10.5 10.5 6 1 211.076 262.499 1.36667 
0.5 10.5 -0.5 1 124.296 29.7854 1.36667 
0.5 10.5 6 1 129.522 213.348 1.36667 
0.5 5.5 9.5 1 246.853 286.226 1.36667 
10.5 5.5 9.5 1 401.426 384.574 1.36667 
0.5 6.5 -0.5 1 225.998 44.0908 1.36667 
0.5 8.5 -0.5 1 177.127 36.0491 1.36667 
0.5 8.5 4.5 1 178.527 172.993 1.36667 
0.5 6.5 4.5 1 226.019 174.577 1.36667 
0.5 2.5 2 1 310.728 115.369 1.36667 
0.5 4.5 2 1 270.538 114.553 1.36667 
0.5 4.5 4.5 1 269.98 172.767 1.36667 
0.5 2.5 4.5 1 307.751 173.722 1.36667 
