0 0 0 1 380.34 169.636 18.3001 
0 0 6.5 1 368.131 331.186 18.3001 
10 0 0 1 251.908 34.7113 18.3001 
10 0 6.5 1 229.23 333.845 18.3001 
10 10 0 1 -8.15726 101.665 18.3001 
10 10 6.5 1 -37.6222 300.586 18.3001 
0 10 0 1 186.576 180.682 18.3001 
0 10 6.5 1 174.183 305.259 18.3001 
0 5 10 1 249.471 401.004 18.3001 
10 5 10 1 51.7041 454.454 18.3001 
0 6 0 1 252.494 175.564 18.3001 
0 8 0 1 217.109 179.626 18.3001 
0 8 5 1 208.269 284.131 18.3001 
0 6 5 1 244.068 282.173 18.3001 
0 2 2.5 1 327.963 230.045 18.3001 
0 4 2.5 1 284.763 232.379 18.3001 
0 4 5 1 280.506 285.011 18.3001 
0 2 5 1 324.865 287.877 18.3001 
0.5 0.5 -0.5 1 364.264 153.347 18.3001 
0.5 0.5 6 1 353.342 315.589 18.3001 
10.5 0.5 -0.5 1 227.358 4.73299 18.3001 
10.5 0.5 6 1 193.767 301.429 18.3001 
10.5 10.5 -0.5 1 -28.9058 82.1393 18.3001 
10.5 10.5 6 1 -61.3966 281.294 18.3001 
0.5 10.5 -0.5 1 173.413 169.856 18.3001 
0.5 10.5 6 1 158.854 299.126 18.3001 
0.5 5.5 9.5 1 237.572 388.499 18.3001 
10.5 5.5 9.5 1 23.8058 430.883 18.3001 
0.5 6.5 -0.5 1 236.236 163.548 18.3001 
0.5 8.5 -0.5 1 202.872 167.689 18.3001 
0.5 8.5 4.5 1 194.341 270.734 18.3001 
0.5 6.5 4.5 1 227.477 271.583 18.3001 
0.5 2.5 2 1 313.876 216.165 18.3001 
0.5 4.5 2 1 268.354 219.148 18.3001 
0.5 4.5 4.5 1 265.081 275.84 18.3001 
0.5 2.5 4.5 1 309.528 273.605 18.3001 
