0 0 0 1 388.881 124.051 19.2334 
0 0 6.5 1 373.173 282.529 19.2334 
10 0 0 1 409.624 8.46824 19.2334 
10 0 6.5 1 369.483 337.047 19.2334 
10 10 0 1 -17.5747 18.6574 19.2334 
10 10 6.5 1 -28.9892 277.852 19.2334 
0 10 0 1 163.193 116.498 19.2334 
0 10 6.5 1 153.185 257.973 19.2334 
0 5 10 1 251.075 350.366 19.2334 
10 5 10 1 140.296 448.784 19.2334 
0 6 0 1 246.454 118.657 19.2334 
0 8 0 1 206.492 119.164 19.2334 
0 8 5 1 194.634 225.869 19.2334 
0 6 5 1 237.793 232.86 19.2334 
0 2 2.5 1 333.088 182.659 19.2334 
0 4 2.5 1 288.302 180.702 19.2334 
0 4 5 1 280.292 239.435 19.2334 
0 2 5 1 326.799 240.729 19.2334 
0.5 0.5 -0.5 1 380.373 107.496 19.2334 
0.5 0.5 6 1 359.547 270.376 19.2334 
10.5 0.5 -0.5 1 384.584 -31.3806 19.2334 
10.5 0.5 6 1 346.385 312.185 19.2334 
10.5 10.5 -0.5 1 -47.1882 -15.7215 19.2334 
10.5 10.5 6 1 -59.7544 257.664 19.2334 
0.5 10.5 -0.5 1 151.455 100.367 19.2334 
0.5 10.5 6 1 137.931 245.633 19.2334 
0.5 5.5 9.5 1 234.089 333.625 19.2334 
10.5 5.5 9.5 1 111.677 432.392 19.2334 
0.5 6.5 -0.5 1 233.211 104.08 19.2334 
0.5 8.5 -0.5 1 189.872 103.164 19.2334 
0.5 8.5 4.5 1 180.308 215.109 19.2334 
0.5 6.5 4.5 1 222.726 221.381 19.2334 
0.5 2.5 2 1 319.324 169.077 19.2334 
0.5 4.5 2 1 274.621 165.4 19.2334 
0.5 4.5 4.5 1 267.144 222.859 19.2334 
0.5 2.5 4.5 1 316.52 230.073 19.2334 
