0 0 0 1 -8.55835 126.957 9.70002 
0 0 6.5 1 9.56082 403.189 9.70002 
10 0 0 1 140.93 201.451 9.70002 
10 0 6.5 1 153.243 338.713 9.70002 
10 10 0 1 365.875 172.447 9.70002 
10 10 6.5 1 378.95 320.942 9.70002 
0 10 0 1 426.65 68.0925 9.70002 
0 10 6.5 1 465.314 370.636 9.70002 
0 5 10 1 239.766 556.226 9.70002 
10 5 10 1 272.317 417.326 9.70002 
0 6 0 1 241.548 89.9515 9.70002 
0 8 0 1 333.449 78.2408 9.70002 
0 8 5 1 359.882 309.542 9.70002 
0 6 5 1 264.737 316.963 9.70002 
0 2 2.5 1 81.1207 220.794 9.70002 
0 4 2.5 1 166.894 210.627 9.70002 
0 4 5 1 174.813 322.146 9.70002 
0 2 5 1 90.4068 331.509 9.70002 
0.5 0.5 -0.5 1 24.0784 108.911 9.70002 
0.5 0.5 6 1 40.5726 373.65 9.70002 
10.5 0.5 -0.5 1 153.503 187.569 9.70002 
10.5 0.5 6 1 165.316 329.483 9.70002 
10.5 10.5 -0.5 1 371.74 160.265 9.70002 
10.5 10.5 6 1 387.415 306.469 9.70002 
0.5 10.5 -0.5 1 442.027 49.6584 9.70002 
0.5 10.5 6 1 475.26 340.347 9.70002 
0.5 5.5 9.5 1 264.751 516.644 9.70002 
10.5 5.5 9.5 1 283.941 397.75 9.70002 
0.5 6.5 -0.5 1 265.222 74.5819 9.70002 
0.5 8.5 -0.5 1 350.549 63.7385 9.70002 
0.5 8.5 4.5 1 374.672 282.768 9.70002 
0.5 6.5 4.5 1 287.422 290.842 9.70002 
0.5 2.5 2 1 109.01 203.648 9.70002 
0.5 4.5 2 1 190.137 189.839 9.70002 
0.5 4.5 4.5 1 200.848 298.091 9.70002 
0.5 2.5 4.5 1 117.201 306.91 9.70002 
