0 0 0 1 239.123 230.635 3.7 
0 0 6.5 1 246.608 344.9 3.7 
10 0 0 1 428.108 199.771 3.7 
10 0 6.5 1 441.815 337.597 3.7 
10 10 0 1 403.215 143.015 3.7 
10 10 6.5 1 430.313 373.334 3.7 
0 10 0 1 121.994 204.058 3.7 
0 10 6.5 1 132.333 380.374 3.7 
0 5 10 1 209.695 440.522 3.7 
10 5 10 1 451.581 449.219 3.7 
0 6 0 1 179.201 214.96 3.7 
0 8 0 1 152.99 208.045 3.7 
0 8 5 1 162.961 330.192 3.7 
0 6 5 1 188.665 326.82 3.7 
0 2 2.5 1 226.742 274.005 3.7 
0 4 2.5 1 206.333 269.869 3.7 
0 4 5 1 210.838 321.69 3.7 
0 2 5 1 232.07 321.35 3.7 
0.5 0.5 -0.5 1 244.757 218.853 3.7 
0.5 0.5 6 1 256.183 341.061 3.7 
10.5 0.5 -0.5 1 434.099 186.553 3.7 
10.5 0.5 6 1 453.581 327.976 3.7 
10.5 10.5 -0.5 1 417.242 112.876 3.7 
10.5 10.5 6 1 446.14 361.417 3.7 
0.5 10.5 -0.5 1 123.914 182.997 3.7 
0.5 10.5 6 1 132.539 366.972 3.7 
0.5 5.5 9.5 1 212.715 432.565 3.7 
10.5 5.5 9.5 1 465.222 440.155 3.7 
0.5 6.5 -0.5 1 187.401 197.97 3.7 
0.5 8.5 -0.5 1 156.553 192.706 3.7 
0.5 8.5 4.5 1 164.475 321.338 3.7 
0.5 6.5 4.5 1 191.64 314.576 3.7 
0.5 2.5 2 1 228.834 262.398 3.7 
0.5 4.5 2 1 212.625 257.066 3.7 
0.5 4.5 4.5 1 217.159 314.817 3.7 
0.5 2.5 4.5 1 233.024 309.818 3.7 
