0 0 0 1 386.252 152.932 18.4667 
0 0 6.5 1 368.44 312.669 18.4667 
10 0 0 1 280.684 6.36526 18.4667 
10 0 6.5 1 255.648 313.021 18.4667 
10 10 0 1 -7.39014 69.4757 18.4667 
10 10 6.5 1 -37.1154 275.899 18.4667 
0 10 0 1 184.541 164.454 18.4667 
0 10 6.5 1 167.125 290.822 18.4667 
0 5 10 1 248.35 377.899 18.4667 
10 5 10 1 61.7174 433.213 18.4667 
0 6 0 1 251.973 160.991 18.4667 
0 8 0 1 214.339 162.09 18.4667 
0 8 5 1 207.28 265.321 18.4667 
0 6 5 1 239.147 268.221 18.4667 
0 2 2.5 1 328.945 213.008 18.4667 
0 4 2.5 1 285.704 211.835 18.4667 
0 4 5 1 280.553 269.346 18.4667 
0 2 5 1 326.656 268.732 18.4667 
0.5 0.5 -0.5 1 370.228 138.311 18.4667 
0.5 0.5 6 1 356.199 298.675 18.4667 
10.5 0.5 -0.5 1 255.237 -25.2468 18.4667 
10.5 0.5 6 1 226.111 284.129 18.4667 
10.5 10.5 -0.5 1 -32.0468 49.2415 18.4667 
10.5 10.5 6 1 -64.658 260.246 18.4667 
0.5 10.5 -0.5 1 165.598 149.894 18.4667 
0.5 10.5 6 1 150.786 279.792 18.4667 
0.5 5.5 9.5 1 235.212 366.478 18.4667 
10.5 5.5 9.5 1 32.2094 412.828 18.4667 
0.5 6.5 -0.5 1 237.28 143.325 18.4667 
0.5 8.5 -0.5 1 199.949 142.908 18.4667 
0.5 8.5 4.5 1 193.189 250.431 18.4667 
0.5 6.5 4.5 1 225.997 252.582 18.4667 
0.5 2.5 2 1 314.05 196.438 18.4667 
0.5 4.5 2 1 268.594 199.877 18.4667 
0.5 4.5 4.5 1 264.709 255.792 18.4667 
0.5 2.5 4.5 1 311.538 257.282 18.4667 
