0 0 0 1 287.299 127.48 11.7334 
0 0 6.5 1 270.102 439.161 11.7334 
10 0 0 1 143.408 208.539 11.7334 
10 0 6.5 1 126.524 374.338 11.7334 
10 10 0 1 335.544 245.799 11.7334 
10 10 6.5 1 328.242 373 11.7334 
0 10 0 1 533.676 211.661 11.7334 
0 10 6.5 1 538.9 414.611 11.7334 
0 5 10 1 435.835 573.978 11.7334 
10 5 10 1 232.626 457.45 11.7334 
0 6 0 1 459.93 181.497 11.7334 
0 8 0 1 499.99 195.913 11.7334 
0 8 5 1 503.737 364.074 11.7334 
0 6 5 1 458.373 364.442 11.7334 
0 2 2.5 1 352.601 251.837 11.7334 
0 4 2.5 1 408.944 259.846 11.7334 
0 4 5 1 408.238 361.155 11.7334 
0 2 5 1 347.778 364.191 11.7334 
0.5 0.5 -0.5 1 297.934 114.845 11.7334 
0.5 0.5 6 1 277.921 406.519 11.7334 
10.5 0.5 -0.5 1 150.655 201.649 11.7334 
10.5 0.5 6 1 136.203 361.198 11.7334 
10.5 10.5 -0.5 1 334.006 233.927 11.7334 
10.5 10.5 6 1 331.072 361.571 11.7334 
0.5 10.5 -0.5 1 528.587 199.882 11.7334 
0.5 10.5 6 1 532.54 395.787 11.7334 
0.5 5.5 9.5 1 431.939 538.569 11.7334 
10.5 5.5 9.5 1 240.767 441.1 11.7334 
0.5 6.5 -0.5 1 456.14 178.974 11.7334 
0.5 8.5 -0.5 1 494.484 189.864 11.7334 
0.5 8.5 4.5 1 494.296 347.464 11.7334 
0.5 6.5 4.5 1 455.92 345.686 11.7334 
0.5 2.5 2 1 353.555 236.294 11.7334 
0.5 4.5 2 1 411.898 249.729 11.7334 
0.5 4.5 4.5 1 406.906 343.463 11.7334 
0.5 2.5 4.5 1 349.253 338.975 11.7334 
