0 0 0 1 380.632 76.4746 0.633333 
0 0 6.5 1 365.737 221.898 0.633333 
10 0 0 1 579.674 -35.5105 0.633333 
10 0 6.5 1 538.812 247.517 0.633333 
10 10 0 1 129.837 -133.49 0.633333 
10 10 6.5 1 114.571 218.477 0.633333 
0 10 0 1 148.395 42.8599 0.633333 
0 10 6.5 1 140.016 206.46 0.633333 
0 5 10 1 252.62 292.463 0.633333 
10 5 10 1 331.335 381.155 0.633333 
0 6 0 1 248.706 54.7313 0.633333 
0 8 0 1 200.523 48.4723 0.633333 
0 8 5 1 190.119 170.119 0.633333 
0 6 5 1 237.071 175.064 0.633333 
0 2 2.5 1 335.557 127.54 0.633333 
0 4 2.5 1 290.911 122.395 0.633333 
0 4 5 1 281.913 180.224 0.633333 
0 2 5 1 327.978 184.88 0.633333 
0.5 0.5 -0.5 1 377.762 54.5596 0.633333 
0.5 0.5 6 1 360.966 206.792 0.633333 
10.5 0.5 -0.5 1 585.337 -75.8614 0.633333 
10.5 0.5 6 1 535.363 224.085 0.633333 
10.5 10.5 -0.5 1 99.2799 -186.307 0.633333 
10.5 10.5 6 1 84.6617 190.042 0.633333 
0.5 10.5 -0.5 1 136.35 22.3368 0.633333 
0.5 10.5 6 1 129.385 192.6 0.633333 
0.5 5.5 9.5 1 245.264 281.049 0.633333 
10.5 5.5 9.5 1 319.9 369.669 0.633333 
0.5 6.5 -0.5 1 235.29 34.1203 0.633333 
0.5 8.5 -0.5 1 190.089 30.5731 0.633333 
0.5 8.5 4.5 1 182.8 157.748 0.633333 
0.5 6.5 4.5 1 229.456 165.316 0.633333 
0.5 2.5 2 1 327.101 112.79 0.633333 
0.5 4.5 2 1 282.282 104.311 0.633333 
0.5 4.5 4.5 1 277.034 168.12 0.633333 
0.5 2.5 4.5 1 322.463 172.727 0.633333 
