0 0 0 1 254.923 146.053 11.5 
0 0 6.5 1 240.792 467.917 11.5 
10 0 0 1 141.033 228.255 11.5 
10 0 6.5 1 129.507 394.233 11.5 
10 10 0 1 338.805 254.377 11.5 
10 10 6.5 1 338.801 393.887 11.5 
0 10 0 1 537.142 217.985 11.5 
0 10 6.5 1 551.773 437.848 11.5 
0 5 10 1 428.032 613.12 11.5 
10 5 10 1 239.594 480.51 11.5 
0 6 0 1 449.426 195.686 11.5 
0 8 0 1 496.254 209.048 11.5 
0 8 5 1 504.201 383.223 11.5 
0 6 5 1 452.416 382.344 11.5 
0 2 2.5 1 326.743 269.596 11.5 
0 4 2.5 1 391.938 279.656 11.5 
0 4 5 1 396.069 383.748 11.5 
0 2 5 1 323.727 385.345 11.5 
0.5 0.5 -0.5 1 262.539 133.905 11.5 
0.5 0.5 6 1 251.653 432.044 11.5 
10.5 0.5 -0.5 1 153.115 222.489 11.5 
10.5 0.5 6 1 137.895 378.214 11.5 
10.5 10.5 -0.5 1 342.723 253.326 11.5 
10.5 10.5 6 1 340.104 380.334 11.5 
0.5 10.5 -0.5 1 530.296 207.549 11.5 
0.5 10.5 6 1 545.432 416.749 11.5 
0.5 5.5 9.5 1 430.121 573.452 11.5 
10.5 5.5 9.5 1 246.77 462.584 11.5 
0.5 6.5 -0.5 1 448.308 184.371 11.5 
0.5 8.5 -0.5 1 491.39 198.017 11.5 
0.5 8.5 4.5 1 498.84 363.253 11.5 
0.5 6.5 4.5 1 449.638 364.25 11.5 
0.5 2.5 2 1 335.398 252.281 11.5 
0.5 4.5 2 1 397.343 260.55 11.5 
0.5 4.5 4.5 1 396.825 361.345 11.5 
0.5 2.5 4.5 1 330.458 360.785 11.5 
