0 0 0 1 373.718 243.982 17.4334 
0 0 6.5 1 381.891 414.922 17.4334 
10 0 0 1 150.913 176.974 17.4334 
10 0 6.5 1 131.825 461.063 17.4334 
10 10 0 1 12.8343 237.697 17.4334 
10 10 6.5 1 -5.48073 410.894 17.4334 
0 10 0 1 215.156 269.553 17.4334 
0 10 6.5 1 208.474 393.66 17.4334 
0 5 10 1 276.794 489.135 17.4334 
10 5 10 1 29.5896 563.324 17.4334 
0 6 0 1 264.722 259.238 17.4334 
0 8 0 1 237.477 266.324 17.4334 
0 8 5 1 235.444 365.765 17.4334 
0 6 5 1 262.473 368.607 17.4334 
0 2 2.5 1 332.853 310.904 17.4334 
0 4 2.5 1 296.994 314.386 17.4334 
0 4 5 1 296.965 370.458 17.4334 
0 2 5 1 334.608 370.944 17.4334 
0.5 0.5 -0.5 1 354.155 230.701 17.4334 
0.5 0.5 6 1 362.002 404.572 17.4334 
10.5 0.5 -0.5 1 120.44 154.295 17.4334 
10.5 0.5 6 1 101.22 436.542 17.4334 
10.5 10.5 -0.5 1 1.07536 226.437 17.4334 
10.5 10.5 6 1 -18.3688 395.303 17.4334 
0.5 10.5 -0.5 1 200.748 261.136 17.4334 
0.5 10.5 6 1 195.639 385.215 17.4334 
0.5 5.5 9.5 1 261.601 476.17 17.4334 
10.5 5.5 9.5 1 7.93471 542.66 17.4334 
0.5 6.5 -0.5 1 247.645 248.934 17.4334 
0.5 8.5 -0.5 1 225.869 257.307 17.4334 
0.5 8.5 4.5 1 220.242 356.268 17.4334 
0.5 6.5 4.5 1 247.905 356.371 17.4334 
0.5 2.5 2 1 317.384 296.565 17.4334 
0.5 4.5 2 1 281.196 301.162 17.4334 
0.5 4.5 4.5 1 278.899 357.963 17.4334 
0.5 2.5 4.5 1 316.427 361.535 17.4334 
