0 0 0 1 285.557 130.253 11.7 
0 0 6.5 1 267.699 445.247 11.7 
10 0 0 1 141.748 213.05 11.7 
10 0 6.5 1 122.869 379.369 11.7 
10 10 0 1 333.164 245.552 11.7 
10 10 6.5 1 325.71 375.937 11.7 
0 10 0 1 536.541 212.419 11.7 
0 10 6.5 1 541.449 421.055 11.7 
0 5 10 1 432.902 582.951 11.7 
10 5 10 1 233.007 462.089 11.7 
0 6 0 1 459.129 188.928 11.7 
0 8 0 1 500.836 204.592 11.7 
0 8 5 1 504.272 366.788 11.7 
0 6 5 1 462.196 371.266 11.7 
0 2 2.5 1 347.895 254.848 11.7 
0 4 2.5 1 409.316 267.965 11.7 
0 4 5 1 409.491 366.166 11.7 
0 2 5 1 346.117 368.057 11.7 
0.5 0.5 -0.5 1 290.862 125.083 11.7 
0.5 0.5 6 1 275.269 412.503 11.7 
10.5 0.5 -0.5 1 150.914 202.935 11.7 
10.5 0.5 6 1 137.169 364.702 11.7 
10.5 10.5 -0.5 1 336.936 241.278 11.7 
10.5 10.5 6 1 330.661 366.523 11.7 
0.5 10.5 -0.5 1 527.103 202.695 11.7 
0.5 10.5 6 1 536.803 398.959 11.7 
0.5 5.5 9.5 1 432.701 548.043 11.7 
10.5 5.5 9.5 1 240.155 444.942 11.7 
0.5 6.5 -0.5 1 454.439 181.132 11.7 
0.5 8.5 -0.5 1 495.412 194.301 11.7 
0.5 8.5 4.5 1 494.677 351.63 11.7 
0.5 6.5 4.5 1 455.347 347.859 11.7 
0.5 2.5 2 1 352.857 241.702 11.7 
0.5 4.5 2 1 407.788 251.669 11.7 
0.5 4.5 4.5 1 406.162 347.273 11.7 
0.5 2.5 4.5 1 348.811 342.904 11.7 
