0 0 0 1 372.5 150.305 16.4668 
0 0 6.5 1 391.45 320.345 16.4668 
10 0 0 1 97.6274 117.139 16.4668 
10 0 6.5 1 101.411 346.004 16.4668 
10 10 0 1 68.683 204.301 16.4668 
10 10 6.5 1 74.8274 341.148 16.4668 
0 10 0 1 257.346 210.242 16.4668 
0 10 6.5 1 266.368 325.458 16.4668 
0 5 10 1 321.087 403.581 16.4668 
10 5 10 1 86.6759 447.244 16.4668 
0 6 0 1 292.662 193.289 16.4668 
0 8 0 1 273.505 202.532 16.4668 
0 8 5 1 281.475 298.363 16.4668 
0 6 5 1 302.561 292.868 16.4668 
0 2 2.5 1 347.442 224.291 16.4668 
0 4 2.5 1 321.496 235.618 16.4668 
0 4 5 1 325.14 289.62 16.4668 
0 2 5 1 353.714 283.876 16.4668 
0.5 0.5 -0.5 1 352.374 141.64 16.4668 
0.5 0.5 6 1 370.434 309.792 16.4668 
10.5 0.5 -0.5 1 74.7829 104.663 16.4668 
10.5 0.5 6 1 82.9362 330.861 16.4668 
10.5 10.5 -0.5 1 56.8204 195.312 16.4668 
10.5 10.5 6 1 58.5421 333.087 16.4668 
0.5 10.5 -0.5 1 243.447 206.106 16.4668 
0.5 10.5 6 1 252.254 318.796 16.4668 
0.5 5.5 9.5 1 307.077 393.036 16.4668 
10.5 5.5 9.5 1 70.1584 429.969 16.4668 
0.5 6.5 -0.5 1 279.467 187.324 16.4668 
0.5 8.5 -0.5 1 262.255 193.621 16.4668 
0.5 8.5 4.5 1 266.765 288.913 16.4668 
0.5 6.5 4.5 1 285.693 284.929 16.4668 
0.5 2.5 2 1 329.141 212.566 16.4668 
0.5 4.5 2 1 304.472 226.943 16.4668 
0.5 4.5 4.5 1 307.583 281.296 16.4668 
0.5 2.5 4.5 1 334.144 276.139 16.4668 
