0 0 0 1 61.7806 62.6179 6.7 
0 0 6.5 1 54.3511 216.754 6.7 
10 0 0 1 258.491 109.026 6.7 
10 0 6.5 1 251.758 227.928 6.7 
10 10 0 1 403.019 67.2345 6.7 
10 10 6.5 1 384.599 247.377 6.7 
0 10 0 1 122.121 -30.9115 6.7 
0 10 6.5 1 104.612 232.078 6.7 
0 5 10 1 68.8082 314.216 6.7 
10 5 10 1 295.683 310.195 6.7 
0 6 0 1 88.0247 18.6102 6.7 
0 8 0 1 104.973 -2.48592 6.7 
0 8 5 1 93.2585 173.611 6.7 
0 6 5 1 82.6692 174.731 6.7 
0 2 2.5 1 67.2208 115.7 6.7 
0 4 2.5 1 75.8932 106.838 6.7 
0 4 5 1 72.2676 177.966 6.7 
0 2 5 1 63.9578 181.156 6.7 
0.5 0.5 -0.5 1 78.2672 50.7335 6.7 
0.5 0.5 6 1 69.5232 201.844 6.7 
10.5 0.5 -0.5 1 276.106 102.577 6.7 
10.5 0.5 6 1 265.03 221.636 6.7 
10.5 10.5 -0.5 1 427.509 50.9266 6.7 
10.5 10.5 6 1 403.929 235.335 6.7 
0.5 10.5 -0.5 1 150.876 -56.7689 6.7 
0.5 10.5 6 1 130.532 216.401 6.7 
0.5 5.5 9.5 1 85.4826 307.041 6.7 
10.5 5.5 9.5 1 310.923 303.099 6.7 
0.5 6.5 -0.5 1 111.51 4.41248 6.7 
0.5 8.5 -0.5 1 127.341 -21.9764 6.7 
0.5 8.5 4.5 1 118.657 159.958 6.7 
0.5 6.5 4.5 1 102.431 159.578 6.7 
0.5 2.5 2 1 84.2949 100.551 6.7 
0.5 4.5 2 1 95.3211 95.0323 6.7 
0.5 4.5 4.5 1 90.3214 165.497 6.7 
0.5 2.5 4.5 1 78.9231 167.826 6.7 
