0 0 0 1 382.207 140.07 18.6001 
0 0 6.5 1 369.066 302.054 18.6001 
10 0 0 1 307.646 -8.02073 18.6001 
10 0 6.5 1 275.931 306.595 18.6001 
10 10 0 1 -11.3612 50.6432 18.6001 
10 10 6.5 1 -39.3308 267.047 18.6001 
0 10 0 1 177.404 147.782 18.6001 
0 10 6.5 1 166.41 278.556 18.6001 
0 5 10 1 250.427 367.429 18.6001 
10 5 10 1 74.5788 424.444 18.6001 
0 6 0 1 250.443 145.505 18.6001 
0 8 0 1 216.45 144.684 18.6001 
0 8 5 1 201.807 254.043 18.6001 
0 6 5 1 240.09 254.065 18.6001 
0 2 2.5 1 331.297 199.134 18.6001 
0 4 2.5 1 287.904 200.462 18.6001 
0 4 5 1 280.595 259.746 18.6001 
0 2 5 1 323.674 261.115 18.6001 
0.5 0.5 -0.5 1 369.008 126.03 18.6001 
0.5 0.5 6 1 353.788 289.219 18.6001 
10.5 0.5 -0.5 1 277.151 -40.4723 18.6001 
10.5 0.5 6 1 244.923 275.257 18.6001 
10.5 10.5 -0.5 1 -32.2684 27.0779 18.6001 
10.5 10.5 6 1 -65.2932 246.849 18.6001 
0.5 10.5 -0.5 1 165.445 136.554 18.6001 
0.5 10.5 6 1 150.992 267.948 18.6001 
0.5 5.5 9.5 1 234.939 357.217 18.6001 
10.5 5.5 9.5 1 43.7997 404.999 18.6001 
0.5 6.5 -0.5 1 235.426 131.708 18.6001 
0.5 8.5 -0.5 1 200.811 136.198 18.6001 
0.5 8.5 4.5 1 189.232 243.642 18.6001 
0.5 6.5 4.5 1 224.896 241.536 18.6001 
0.5 2.5 2 1 319.347 186.239 18.6001 
0.5 4.5 2 1 274.178 188.607 18.6001 
0.5 4.5 4.5 1 269.709 246.134 18.6001 
0.5 2.5 4.5 1 308.865 247.45 18.6001 
