0 0 0 1 427.169 20.066 13.0667 
0 0 6.5 1 396.398 290.507 13.0667 
10 0 0 1 143.114 67.3102 13.0667 
10 0 6.5 1 133.091 244.672 13.0667 
10 10 0 1 287.529 124.196 13.0667 
10 10 6.5 1 277.536 241.507 13.0667 
0 10 0 1 490.516 111.57 13.0667 
0 10 6.5 1 470.611 267.404 13.0667 
0 5 10 1 433.347 375.326 13.0667 
10 5 10 1 215.144 320.489 13.0667 
0 6 0 1 476.859 90.5144 13.0667 
0 8 0 1 487.14 101.705 13.0667 
0 8 5 1 467.565 233.775 13.0667 
0 6 5 1 455.591 235.129 13.0667 
0 2 2.5 1 437.587 142.083 13.0667 
0 4 2.5 1 454.232 150.821 13.0667 
0 4 5 1 442.735 232.982 13.0667 
0 2 5 1 427.283 230.362 13.0667 
0.5 0.5 -0.5 1 419.029 13.737 13.0667 
0.5 0.5 6 1 386.524 265.551 13.0667 
10.5 0.5 -0.5 1 146.435 58.6405 13.0667 
10.5 0.5 6 1 136.301 230.349 13.0667 
10.5 10.5 -0.5 1 287.432 115.594 13.0667 
10.5 10.5 6 1 274.131 233.292 13.0667 
0.5 10.5 -0.5 1 483.433 106.567 13.0667 
0.5 10.5 6 1 463.756 258.71 13.0667 
0.5 5.5 9.5 1 423.729 355.712 13.0667 
10.5 5.5 9.5 1 212.649 300.403 13.0667 
0.5 6.5 -0.5 1 462.495 78.8709 13.0667 
0.5 8.5 -0.5 1 475.129 95.0953 13.0667 
0.5 8.5 4.5 1 457.649 220.417 13.0667 
0.5 6.5 4.5 1 444.946 217.218 13.0667 
0.5 2.5 2 1 425.468 128.294 13.0667 
0.5 4.5 2 1 443.152 141.919 13.0667 
0.5 4.5 4.5 1 433.003 217.633 13.0667 
0.5 2.5 4.5 1 415.472 212.956 13.0667 
