0 0 0 1 13.3596 48.8649 7.29999 
0 0 6.5 1 21.4581 222.79 7.29999 
10 0 0 1 223.368 92.0416 7.29999 
10 0 6.5 1 219.209 215.257 7.29999 
10 10 0 1 395.563 61.6916 7.29999 
10 10 6.5 1 376.264 242.162 7.29999 
0 10 0 1 135.754 -30.7754 7.29999 
0 10 6.5 1 133.643 268.515 7.29999 
0 5 10 1 64.6438 341.84 7.29999 
10 5 10 1 279.912 300.068 7.29999 
0 6 0 1 68.7585 12.7678 7.29999 
0 8 0 1 99.0467 -4.42229 7.29999 
0 8 5 1 98.5101 200.844 7.29999 
0 6 5 1 72.0552 191.697 7.29999 
0 2 2.5 1 31.325 114.085 7.29999 
0 4 2.5 1 49.6485 111.527 7.29999 
0 4 5 1 52.0478 190.422 7.29999 
0 2 5 1 32.459 186.65 7.29999 
0.5 0.5 -0.5 1 31.8919 35.8126 7.29999 
0.5 0.5 6 1 35.9635 207.943 7.29999 
10.5 0.5 -0.5 1 241.474 79.6977 7.29999 
10.5 0.5 6 1 234.577 209.744 7.29999 
10.5 10.5 -0.5 1 415.601 48.3828 7.29999 
10.5 10.5 6 1 398.914 231.226 7.29999 
0.5 10.5 -0.5 1 170.994 -55.5356 7.29999 
0.5 10.5 6 1 162.695 247.188 7.29999 
0.5 5.5 9.5 1 83.5672 329.521 7.29999 
10.5 5.5 9.5 1 294.138 292.673 7.29999 
0.5 6.5 -0.5 1 97.0358 -5.65554 7.29999 
0.5 8.5 -0.5 1 127.8 -26.3754 7.29999 
0.5 8.5 4.5 1 126.565 181.869 7.29999 
0.5 6.5 4.5 1 97.2189 175.901 7.29999 
0.5 2.5 2 1 50.8066 98.835 7.29999 
0.5 4.5 2 1 71.2116 96.4722 7.29999 
0.5 4.5 4.5 1 73.5889 175.664 7.29999 
0.5 2.5 4.5 1 53.1491 173.089 7.29999 
