0 0 0 1 51.1751 57.0198 6.83333 
0 0 6.5 1 46.4557 214.11 6.83333 
10 0 0 1 253.926 102.285 6.83333 
10 0 6.5 1 245.021 222.456 6.83333 
10 10 0 1 401.87 64.072 6.83333 
10 10 6.5 1 381.772 244.885 6.83333 
0 10 0 1 123.925 -38.2368 6.83333 
0 10 6.5 1 112.707 232.306 6.83333 
0 5 10 1 65.9653 319.317 6.83333 
10 5 10 1 293.004 306.344 6.83333 
0 6 0 1 85.9666 12.7742 6.83333 
0 8 0 1 103.341 -6.83865 6.83333 
0 8 5 1 93.1795 177.959 6.83333 
0 6 5 1 79.5211 174.167 6.83333 
0 2 2.5 1 60.2017 111.208 6.83333 
0 4 2.5 1 71.2373 103.747 6.83333 
0 4 5 1 66.3986 173.613 6.83333 
0 2 5 1 55.0157 175.304 6.83333 
0.5 0.5 -0.5 1 69.1511 43.1914 6.83333 
0.5 0.5 6 1 63.4076 200.669 6.83333 
10.5 0.5 -0.5 1 266.795 92.6508 6.83333 
10.5 0.5 6 1 258.008 211.825 6.83333 
10.5 10.5 -0.5 1 422.838 44.5751 6.83333 
10.5 10.5 6 1 403.58 233.335 6.83333 
0.5 10.5 -0.5 1 152.675 -58.6996 6.83333 
0.5 10.5 6 1 132.72 215.529 6.83333 
0.5 5.5 9.5 1 87.7442 305.61 6.83333 
10.5 5.5 9.5 1 308.04 297.114 6.83333 
0.5 6.5 -0.5 1 107.202 -3.13906 6.83333 
0.5 8.5 -0.5 1 127.223 -28.1015 6.83333 
0.5 8.5 4.5 1 119.313 158.038 6.83333 
0.5 6.5 4.5 1 99.817 160.642 6.83333 
0.5 2.5 2 1 78.471 99.9104 6.83333 
0.5 4.5 2 1 88.8935 90.426 6.83333 
0.5 4.5 4.5 1 84.4966 158.014 6.83333 
0.5 2.5 4.5 1 72.2699 162.529 6.83333 
