0 0 0 1 390.748 123.281 19.2667 
0 0 6.5 1 372.499 281.854 19.2667 
10 0 0 1 415.137 10.2296 19.2667 
10 0 6.5 1 377.978 338.027 19.2667 
10 10 0 1 -17.2599 14.7243 19.2667 
10 10 6.5 1 -26.9797 280.437 19.2667 
0 10 0 1 161.359 115.305 19.2667 
0 10 6.5 1 151.637 253.526 19.2667 
0 5 10 1 246.209 344.772 19.2667 
10 5 10 1 141.038 452.158 19.2667 
0 6 0 1 244.765 117.315 19.2667 
0 8 0 1 203.093 114.532 19.2667 
0 8 5 1 196.174 226.13 19.2667 
0 6 5 1 235.286 230.158 19.2667 
0 2 2.5 1 331.403 180.519 19.2667 
0 4 2.5 1 284.136 181.938 19.2667 
0 4 5 1 281.073 233.16 19.2667 
0 2 5 1 325.786 241.828 19.2667 
0.5 0.5 -0.5 1 379.699 107.683 19.2667 
0.5 0.5 6 1 358.578 271.792 19.2667 
10.5 0.5 -0.5 1 393.008 -30.75 19.2667 
10.5 0.5 6 1 353.68 315.09 19.2667 
10.5 10.5 -0.5 1 -48.7819 -17.469 19.2667 
10.5 10.5 6 1 -55.3275 258.562 19.2667 
0.5 10.5 -0.5 1 146.097 99.3617 19.2667 
0.5 10.5 6 1 139.616 244.27 19.2667 
0.5 5.5 9.5 1 236.535 332.711 19.2667 
10.5 5.5 9.5 1 110.5 435.2 19.2667 
0.5 6.5 -0.5 1 231.681 100.454 19.2667 
0.5 8.5 -0.5 1 191.388 99.6319 19.2667 
0.5 8.5 4.5 1 181.163 215.656 19.2667 
0.5 6.5 4.5 1 223.05 218.243 19.2667 
0.5 2.5 2 1 319.891 168.216 19.2667 
0.5 4.5 2 1 274.93 162.278 19.2667 
0.5 4.5 4.5 1 269.484 226.837 19.2667 
0.5 2.5 4.5 1 313.716 228.628 19.2667 
