0 0 0 1 295.472 70.1131 2.4 
0 0 6.5 1 303.516 199.803 2.4 
10 0 0 1 508.941 1.56436 2.4 
10 0 6.5 1 508.455 190.244 2.4 
10 10 0 1 343.804 -107.453 2.4 
10 10 6.5 1 355.346 208.966 2.4 
0 10 0 1 112.259 39.2238 2.4 
0 10 6.5 1 135.892 216.408 2.4 
0 5 10 1 236.693 277.952 2.4 
10 5 10 1 453.356 311.134 2.4 
0 6 0 1 201.616 54.446 2.4 
0 8 0 1 162.535 44.4884 2.4 
0 8 5 1 173.614 174.535 2.4 
0 6 5 1 211.704 174.566 2.4 
0 2 2.5 1 269.733 118.725 2.4 
0 4 2.5 1 243.095 116.119 2.4 
0 4 5 1 246.443 170.893 2.4 
0 2 5 1 275.475 168.761 2.4 
0.5 0.5 -0.5 1 293.465 55.9798 2.4 
0.5 0.5 6 1 304.088 190.465 2.4 
10.5 0.5 -0.5 1 522.266 -22.9029 2.4 
10.5 0.5 6 1 519.404 174.128 2.4 
10.5 10.5 -0.5 1 341.418 -160.53 2.4 
10.5 10.5 6 1 360.883 183.289 2.4 
0.5 10.5 -0.5 1 104.132 13.6712 2.4 
0.5 10.5 6 1 125.345 201.981 2.4 
0.5 5.5 9.5 1 236.361 274.62 2.4 
10.5 5.5 9.5 1 461.458 299.156 2.4 
0.5 6.5 -0.5 1 202.848 35.8345 2.4 
0.5 8.5 -0.5 1 156.9 25.0766 2.4 
0.5 8.5 4.5 1 169.212 162.771 2.4 
0.5 6.5 4.5 1 209.523 162.058 2.4 
0.5 2.5 2 1 270.018 102.565 2.4 
0.5 4.5 2 1 237.598 103.471 2.4 
0.5 4.5 4.5 1 242.762 159.628 2.4 
0.5 2.5 4.5 1 273.718 162.765 2.4 
