0 0 0 1 101.355 134.117 6.16666 
0 0 6.5 1 84.4601 268.675 6.16666 
10 0 0 1 284.351 171.038 6.16666 
10 0 6.5 1 274.917 284.655 6.16666 
10 10 0 1 401.169 126.553 6.16666 
10 10 6.5 1 384.071 305.268 6.16666 
0 10 0 1 114.996 58.8023 6.16666 
0 10 6.5 1 90.6207 284.002 6.16666 
0 5 10 1 79.1364 366.121 6.16666 
10 5 10 1 311.63 369.317 6.16666 
0 6 0 1 105.616 100.911 6.16666 
0 8 0 1 112.249 79.029 6.16666 
0 8 5 1 92.5531 232.602 6.16666 
0 6 5 1 92.5643 237.432 6.16666 
0 2 2.5 1 96.9709 182.25 6.16666 
0 4 2.5 1 98.5967 175.725 6.16666 
0 4 5 1 91.8143 234.595 6.16666 
0 2 5 1 88.9344 236.792 6.16666 
0.5 0.5 -0.5 1 113.041 124.747 6.16666 
0.5 0.5 6 1 99.3653 260.224 6.16666 
10.5 0.5 -0.5 1 299.518 159.391 6.16666 
10.5 0.5 6 1 288.858 276.743 6.16666 
10.5 10.5 -0.5 1 424.157 111.059 6.16666 
10.5 10.5 6 1 408.12 295.84 6.16666 
0.5 10.5 -0.5 1 136.291 36.4649 6.16666 
0.5 10.5 6 1 111.167 267.34 6.16666 
0.5 5.5 9.5 1 92.0337 357.337 6.16666 
10.5 5.5 9.5 1 325.19 359.559 6.16666 
0.5 6.5 -0.5 1 122.592 84.27 6.16666 
0.5 8.5 -0.5 1 128.234 64.3383 6.16666 
0.5 8.5 4.5 1 114.238 218.07 6.16666 
0.5 6.5 4.5 1 110.569 220.98 6.16666 
0.5 2.5 2 1 108.882 170.979 6.16666 
0.5 4.5 2 1 111.013 162.184 6.16666 
0.5 4.5 4.5 1 107.04 223.66 6.16666 
0.5 2.5 4.5 1 101.951 226.993 6.16666 
