0 0 0 1 440.446 -3.02126 13.8001 
0 0 6.5 1 416.768 247.447 13.8001 
10 0 0 1 122.503 26.9677 13.8001 
10 0 6.5 1 126.379 221.172 13.8001 
10 10 0 1 240.127 81.9151 13.8001 
10 10 6.5 1 235.714 204.854 13.8001 
0 10 0 1 440.895 75.0407 13.8001 
0 10 6.5 1 425.669 215.849 13.8001 
0 5 10 1 415.148 316.847 13.8001 
10 5 10 1 191.75 281.194 13.8001 
0 6 0 1 441.311 57.1883 13.8001 
0 8 0 1 440.917 64.0215 13.8001 
0 8 5 1 428.254 185.155 13.8001 
0 6 5 1 426.261 185.787 13.8001 
0 2 2.5 1 432.638 108.575 13.8001 
0 4 2.5 1 433.319 117.391 13.8001 
0 4 5 1 426.921 188.916 13.8001 
0 2 5 1 424.67 189.336 13.8001 
0.5 0.5 -0.5 1 422.369 -15.4685 13.8001 
0.5 0.5 6 1 401.208 226.053 13.8001 
10.5 0.5 -0.5 1 117.928 16.201 13.8001 
10.5 0.5 6 1 122.81 205.887 13.8001 
10.5 10.5 -0.5 1 236.351 72.7058 13.8001 
10.5 10.5 6 1 233.295 195.113 13.8001 
0.5 10.5 -0.5 1 432.9 66.595 13.8001 
0.5 10.5 6 1 416.63 204.896 13.8001 
0.5 5.5 9.5 1 402.467 300.17 13.8001 
10.5 5.5 9.5 1 185.571 271.576 13.8001 
0.5 6.5 -0.5 1 428.275 42.8536 13.8001 
0.5 8.5 -0.5 1 430.644 56.7119 13.8001 
0.5 8.5 4.5 1 419.324 174.492 13.8001 
0.5 6.5 4.5 1 416.335 174.775 13.8001 
0.5 2.5 2 1 418.013 94.8157 13.8001 
0.5 4.5 2 1 420.37 103.284 13.8001 
0.5 4.5 4.5 1 410.755 175.244 13.8001 
0.5 2.5 4.5 1 411.829 175.741 13.8001 
