0 0 0 1 55.4143 57.6359 6.79999 
0 0 6.5 1 52.4207 212.992 6.79999 
10 0 0 1 254.53 105.405 6.79999 
10 0 6.5 1 246.546 225.222 6.79999 
10 10 0 1 401.049 64.6438 6.79999 
10 10 6.5 1 384.894 245.12 6.79999 
0 10 0 1 125.063 -38.8766 6.79999 
0 10 6.5 1 107.322 230.205 6.79999 
0 5 10 1 64.5479 318.596 6.79999 
10 5 10 1 291.713 305.05 6.79999 
0 6 0 1 87.935 14.4934 6.79999 
0 8 0 1 104.788 -8.22508 6.79999 
0 8 5 1 94.2063 171.107 6.79999 
0 6 5 1 81.3061 173.327 6.79999 
0 2 2.5 1 63.9683 112.423 6.79999 
0 4 2.5 1 71.15 103.629 6.79999 
0 4 5 1 67.5511 175.944 6.79999 
0 2 5 1 57.5501 174.707 6.79999 
0.5 0.5 -0.5 1 71.4102 44.7387 6.79999 
0.5 0.5 6 1 66.8126 202.172 6.79999 
10.5 0.5 -0.5 1 269.259 97.6226 6.79999 
10.5 0.5 6 1 259.122 219.121 6.79999 
10.5 10.5 -0.5 1 424.227 49.0764 6.79999 
10.5 10.5 6 1 405.607 231.917 6.79999 
0.5 10.5 -0.5 1 154.897 -61.2994 6.79999 
0.5 10.5 6 1 135.845 213.982 6.79999 
0.5 5.5 9.5 1 85.6071 306.895 6.79999 
10.5 5.5 9.5 1 310.337 299.518 6.79999 
0.5 6.5 -0.5 1 109.737 -6.00594 6.79999 
0.5 8.5 -0.5 1 125.007 -30.2078 6.79999 
0.5 8.5 4.5 1 118.073 157.481 6.79999 
0.5 6.5 4.5 1 98.9506 160.667 6.79999 
0.5 2.5 2 1 78.5335 101.011 6.79999 
0.5 4.5 2 1 91.027 91.6646 6.79999 
0.5 4.5 4.5 1 85.1652 163.202 6.79999 
0.5 2.5 4.5 1 73.9303 164.428 6.79999 
