0 0 0 1 101.251 139.956 6.13333 
0 0 6.5 1 88.4244 272.67 6.13333 
10 0 0 1 285.923 176.699 6.13333 
10 0 6.5 1 273.351 288.937 6.13333 
10 10 0 1 402.041 134.11 6.13333 
10 10 6.5 1 383.252 314.71 6.13333 
0 10 0 1 115.064 69.0356 6.13333 
0 10 6.5 1 88.2079 291.414 6.13333 
0 5 10 1 78.6719 372.649 6.13333 
10 5 10 1 309.989 376.079 6.13333 
0 6 0 1 104.969 105.618 6.13333 
0 8 0 1 108.645 86.0817 6.13333 
0 8 5 1 93.3753 238.37 6.13333 
0 6 5 1 89.0252 237.851 6.13333 
0 2 2.5 1 94.3842 185.506 6.13333 
0 4 2.5 1 98.0037 178.058 6.13333 
0 4 5 1 92.4273 241.477 6.13333 
0 2 5 1 89.346 242.023 6.13333 
0.5 0.5 -0.5 1 113.158 131.222 6.13333 
0.5 0.5 6 1 100.679 263.819 6.13333 
10.5 0.5 -0.5 1 301.18 166.316 6.13333 
10.5 0.5 6 1 287.972 280.927 6.13333 
10.5 10.5 -0.5 1 421.295 116.222 6.13333 
10.5 10.5 6 1 407.618 300.598 6.13333 
0.5 10.5 -0.5 1 134.664 44.343 6.13333 
0.5 10.5 6 1 110.01 275.488 6.13333 
0.5 5.5 9.5 1 90.3504 359.879 6.13333 
10.5 5.5 9.5 1 327.22 364.929 6.13333 
0.5 6.5 -0.5 1 122.379 89.4337 6.13333 
0.5 8.5 -0.5 1 128.127 71.2866 6.13333 
0.5 8.5 4.5 1 113.537 225.02 6.13333 
0.5 6.5 4.5 1 108.27 227.197 6.13333 
0.5 2.5 2 1 108.692 177.039 6.13333 
0.5 4.5 2 1 112.922 166.957 6.13333 
0.5 4.5 4.5 1 106.709 232.622 6.13333 
0.5 2.5 4.5 1 104.575 229.432 6.13333 
