0 0 0 1 122.46 76.6107 10.6667 
0 0 6.5 1 118.394 379.842 10.6667 
10 0 0 1 140.979 208.469 10.6667 
10 0 6.5 1 136.69 361.762 10.6667 
10 10 0 1 355.841 211.529 10.6667 
10 10 6.5 1 366.715 350.674 10.6667 
0 10 0 1 510.961 108.457 10.6667 
0 10 6.5 1 548.726 357.466 10.6667 
0 5 10 1 365.689 542.126 10.6667 
10 5 10 1 261.109 444.764 10.6667 
0 6 0 1 375.012 99.7452 10.6667 
0 8 0 1 444.97 105.943 10.6667 
0 8 5 1 469.291 296.93 10.6667 
0 6 5 1 391.344 298.385 10.6667 
0 2 2.5 1 218.745 188.01 10.6667 
0 4 2.5 1 300.929 188.955 10.6667 
0 4 5 1 305.855 299.082 10.6667 
0 2 5 1 219.359 299.461 10.6667 
0.5 0.5 -0.5 1 146.518 73.8022 10.6667 
0.5 0.5 6 1 141.88 351.353 10.6667 
10.5 0.5 -0.5 1 154.934 200.709 10.6667 
10.5 0.5 6 1 150.251 350.968 10.6667 
10.5 10.5 -0.5 1 362.183 208.116 10.6667 
10.5 10.5 6 1 373.347 340.077 10.6667 
0.5 10.5 -0.5 1 513.793 103.182 10.6667 
0.5 10.5 6 1 546.616 338.521 10.6667 
0.5 5.5 9.5 1 375.207 504.008 10.6667 
10.5 5.5 9.5 1 273.442 427.856 10.6667 
0.5 6.5 -0.5 1 381.464 94.7335 10.6667 
0.5 8.5 -0.5 1 448.162 100.313 10.6667 
0.5 8.5 4.5 1 468.359 281.437 10.6667 
0.5 6.5 4.5 1 398.661 279.064 10.6667 
0.5 2.5 2 1 233.393 176.62 10.6667 
0.5 4.5 2 1 313.435 177.717 10.6667 
0.5 4.5 4.5 1 320.969 280.267 10.6667 
0.5 2.5 4.5 1 235.769 280.802 10.6667 
