0 0 0 1 175.57 249.376 4.9 
0 0 6.5 1 163.243 367.25 4.9 
10 0 0 1 350.742 251.189 4.9 
10 0 6.5 1 354.95 371.791 4.9 
10 10 0 1 403.957 187.076 4.9 
10 10 6.5 1 413.137 389.977 4.9 
0 10 0 1 114.327 184.989 4.9 
0 10 6.5 1 95.8846 381.45 4.9 
0 5 10 1 135.304 457.225 4.9 
10 5 10 1 380.008 466.226 4.9 
0 6 0 1 143.386 217.051 4.9 
0 8 0 1 130.298 204.674 4.9 
0 8 5 1 121.491 336.074 4.9 
0 6 5 1 134.681 335.459 4.9 
0 2 2.5 1 159.74 289.464 4.9 
0 4 2.5 1 151.166 281.698 4.9 
0 4 5 1 147.729 336.895 4.9 
0 2 5 1 158.602 337.306 4.9 
0.5 0.5 -0.5 1 178.991 236.888 4.9 
0.5 0.5 6 1 173.903 356.876 4.9 
10.5 0.5 -0.5 1 364.372 237.937 4.9 
10.5 0.5 6 1 365.722 363.062 4.9 
10.5 10.5 -0.5 1 423.351 170.57 4.9 
10.5 10.5 6 1 433.935 371.569 4.9 
0.5 10.5 -0.5 1 123.338 169.759 4.9 
0.5 10.5 6 1 107.365 366.316 4.9 
0.5 5.5 9.5 1 142.986 449.895 4.9 
10.5 5.5 9.5 1 396.291 455.189 4.9 
0.5 6.5 -0.5 1 152.351 202.742 4.9 
0.5 8.5 -0.5 1 140.976 187.688 4.9 
0.5 8.5 4.5 1 130.625 322.037 4.9 
0.5 6.5 4.5 1 146.122 324.454 4.9 
0.5 2.5 2 1 171.568 278.446 4.9 
0.5 4.5 2 1 159.291 271.311 4.9 
0.5 4.5 4.5 1 156.36 326.269 4.9 
0.5 2.5 4.5 1 168.666 325.393 4.9 
