0 0 0 1 152.103 250.307 5.23333 
0 0 6.5 1 139.447 370.035 5.23333 
10 0 0 1 331.074 258.96 5.23333 
10 0 6.5 1 331.064 380.484 5.23333 
10 10 0 1 402.198 216.931 5.23333 
10 10 6.5 1 405.981 411.403 5.23333 
0 10 0 1 107.979 193.799 5.23333 
0 10 6.5 1 83.3752 397.422 5.23333 
0 5 10 1 112.299 472.659 5.23333 
10 5 10 1 358.844 477.195 5.23333 
0 6 0 1 130.462 222.723 5.23333 
0 8 0 1 123.521 210.112 5.23333 
0 8 5 1 107.962 346.757 5.23333 
0 6 5 1 120.006 344.851 5.23333 
0 2 2.5 1 139.589 290.488 5.23333 
0 4 2.5 1 134.506 286.244 5.23333 
0 4 5 1 129.998 343.482 5.23333 
0 2 5 1 133.066 347.883 5.23333 
0.5 0.5 -0.5 1 157.041 237.794 5.23333 
0.5 0.5 6 1 148.064 361.175 5.23333 
10.5 0.5 -0.5 1 344.709 251.193 5.23333 
10.5 0.5 6 1 340.585 376.752 5.23333 
10.5 10.5 -0.5 1 421.807 197.478 5.23333 
10.5 10.5 6 1 426.333 396.656 5.23333 
0.5 10.5 -0.5 1 120.551 177.439 5.23333 
0.5 10.5 6 1 100.858 382.528 5.23333 
0.5 5.5 9.5 1 121.772 463.322 5.23333 
10.5 5.5 9.5 1 372.432 470.321 5.23333 
0.5 6.5 -0.5 1 145.022 208.682 5.23333 
0.5 8.5 -0.5 1 134.684 195.39 5.23333 
0.5 8.5 4.5 1 120.551 332.097 5.23333 
0.5 6.5 4.5 1 128.472 331.94 5.23333 
0.5 2.5 2 1 149.1 282.195 5.23333 
0.5 4.5 2 1 142.99 275.24 5.23333 
0.5 4.5 4.5 1 137.447 334.584 5.23333 
0.5 2.5 4.5 1 144.989 334.374 5.23333 
