0 0 0 1 83.779 88.6137 6.46666 
0 0 6.5 1 69.1262 229.775 6.46666 
10 0 0 1 273.441 130.602 6.46666 
10 0 6.5 1 259.336 248.265 6.46666 
10 10 0 1 403.401 83.2545 6.46666 
10 10 6.5 1 383.06 262.599 6.46666 
0 10 0 1 120.28 -4.77895 6.46666 
0 10 6.5 1 98.844 241.968 6.46666 
0 5 10 1 71.5108 331.801 6.46666 
10 5 10 1 301.579 330.138 6.46666 
0 6 0 1 98.1615 45.8271 6.46666 
0 8 0 1 107.351 24.7362 6.46666 
0 8 5 1 94.9371 187.311 6.46666 
0 6 5 1 87.7794 191.512 6.46666 
0 2 2.5 1 84.6779 137.494 6.46666 
0 4 2.5 1 87.8027 128.709 6.46666 
0 4 5 1 81.0393 196.364 6.46666 
0 2 5 1 75.9935 194.042 6.46666 
0.5 0.5 -0.5 1 93.7582 76.4061 6.46666 
0.5 0.5 6 1 82.2377 220.128 6.46666 
10.5 0.5 -0.5 1 285.591 122.008 6.46666 
10.5 0.5 6 1 277.702 240.814 6.46666 
10.5 10.5 -0.5 1 425.227 67.6166 6.46666 
10.5 10.5 6 1 406.222 254.833 6.46666 
0.5 10.5 -0.5 1 144.485 -26.0068 6.46666 
0.5 10.5 6 1 123.505 224.762 6.46666 
0.5 5.5 9.5 1 88.1837 319.832 6.46666 
10.5 5.5 9.5 1 317.67 321.739 6.46666 
0.5 6.5 -0.5 1 118.71 28.8758 6.46666 
0.5 8.5 -0.5 1 130.288 2.50995 6.46666 
0.5 8.5 4.5 1 114.287 173.81 6.46666 
0.5 6.5 4.5 1 107.011 177.058 6.46666 
0.5 2.5 2 1 97.0336 126.019 6.46666 
0.5 4.5 2 1 101.293 115.609 6.46666 
0.5 4.5 4.5 1 98.3635 181.611 6.46666 
0.5 2.5 4.5 1 91.6543 184.041 6.46666 
