0 0 0 1 -12.0023 42.9079 7.56666 
0 0 6.5 1 3.45472 224.86 7.56666 
10 0 0 1 207.949 81.6368 7.56666 
10 0 6.5 1 205.912 212.293 7.56666 
10 10 0 1 390.349 53.0036 7.56666 
10 10 6.5 1 374.588 232.092 7.56666 
0 10 0 1 151.385 -37.1147 7.56666 
0 10 6.5 1 152.575 271.428 7.56666 
0 5 10 1 66.3699 349.658 7.56666 
10 5 10 1 276.209 294.993 7.56666 
0 6 0 1 63.6233 6.05081 7.56666 
0 8 0 1 100.978 -14.5653 7.56666 
0 8 5 1 109.491 200.134 7.56666 
0 6 5 1 74.7017 195.255 7.56666 
0 2 2.5 1 16.3647 112.353 7.56666 
0 4 2.5 1 42.11 104.886 7.56666 
0 4 5 1 44.5636 192.225 7.56666 
0 2 5 1 21.4417 187.562 7.56666 
0.5 0.5 -0.5 1 6.97206 28.3655 7.56666 
0.5 0.5 6 1 22.2115 211.596 7.56666 
10.5 0.5 -0.5 1 225.727 74.5974 7.56666 
10.5 0.5 6 1 221.454 203.55 7.56666 
10.5 10.5 -0.5 1 409.16 41.1241 7.56666 
10.5 10.5 6 1 395.996 220.891 7.56666 
0.5 10.5 -0.5 1 185.431 -65.6502 7.56666 
0.5 10.5 6 1 185.754 251.931 7.56666 
0.5 5.5 9.5 1 87.9104 335.706 7.56666 
10.5 5.5 9.5 1 292.8 284.133 7.56666 
0.5 6.5 -0.5 1 90.3035 -16.5281 7.56666 
0.5 8.5 -0.5 1 133.428 -35.9454 7.56666 
0.5 8.5 4.5 1 135.286 180.165 7.56666 
0.5 6.5 4.5 1 98.8494 175.692 7.56666 
0.5 2.5 2 1 34.8045 96.6281 7.56666 
0.5 4.5 2 1 63.9385 92.2579 7.56666 
0.5 4.5 4.5 1 69.4495 177.108 7.56666 
0.5 2.5 4.5 1 45.9844 170.308 7.56666 
