0 0 0 1 406.12 -6.90907 14.8668 
0 0 6.5 1 409.507 206.746 14.8668 
10 0 0 1 81.5305 18.44 14.8668 
10 0 6.5 1 104.048 229.237 14.8668 
10 10 0 1 156.257 88.7079 14.8668 
10 10 6.5 1 167.132 210.422 14.8668 
0 10 0 1 349.002 73.1499 14.8668 
0 10 6.5 1 354.881 201.457 14.8668 
0 5 10 1 375.031 281.714 14.8668 
10 5 10 1 150.131 294.253 14.8668 
0 6 0 1 363.552 49.7048 14.8668 
0 8 0 1 358.258 64.3926 14.8668 
0 8 5 1 358.947 167.636 14.8668 
0 6 5 1 366.378 168.952 14.8668 
0 2 2.5 1 387.793 91.8939 14.8668 
0 4 2.5 1 378.699 102.329 14.8668 
0 4 5 1 378.29 168.955 14.8668 
0 2 5 1 391.269 163.541 14.8668 
0.5 0.5 -0.5 1 383.13 -19.0083 14.8668 
0.5 0.5 6 1 390.45 194.293 14.8668 
10.5 0.5 -0.5 1 68.2456 10.6519 14.8668 
10.5 0.5 6 1 93.5313 213.123 14.8668 
10.5 10.5 -0.5 1 149.911 79.122 14.8668 
10.5 10.5 6 1 161.148 202.182 14.8668 
0.5 10.5 -0.5 1 338.23 66.0092 14.8668 
0.5 10.5 6 1 343.484 189.544 14.8668 
0.5 5.5 9.5 1 360.256 270.872 14.8668 
10.5 5.5 9.5 1 141.413 281.618 14.8668 
0.5 6.5 -0.5 1 348.841 44.268 14.8668 
0.5 8.5 -0.5 1 347.258 54.8482 14.8668 
0.5 8.5 4.5 1 346.901 160.541 14.8668 
0.5 6.5 4.5 1 354.124 159.159 14.8668 
0.5 2.5 2 1 371.439 81.9945 14.8668 
0.5 4.5 2 1 360.179 93.1228 14.8668 
0.5 4.5 4.5 1 362.517 158.013 14.8668 
0.5 2.5 4.5 1 372.404 153.701 14.8668 
