0 0 0 1 -3.84164 123.696 9.73335 
0 0 6.5 1 11.8529 406.056 9.73335 
10 0 0 1 139.244 195.386 9.73335 
10 0 6.5 1 150.295 346.412 9.73335 
10 10 0 1 366.261 175.034 9.73335 
10 10 6.5 1 379.652 326.173 9.73335 
0 10 0 1 433.726 66.4887 9.73335 
0 10 6.5 1 469.335 368.865 9.73335 
0 5 10 1 245.78 555.158 9.73335 
10 5 10 1 270.953 419.653 9.73335 
0 6 0 1 247.968 89.9694 9.73335 
0 8 0 1 340.153 81.525 9.73335 
0 8 5 1 363.64 305.965 9.73335 
0 6 5 1 270.789 315.574 9.73335 
0 2 2.5 1 83.9962 217.433 9.73335 
0 4 2.5 1 172.963 210.785 9.73335 
0 4 5 1 180.072 323.117 9.73335 
0 2 5 1 91.7969 332.199 9.73335 
0.5 0.5 -0.5 1 25.4852 108.379 9.73335 
0.5 0.5 6 1 44.1415 380.342 9.73335 
10.5 0.5 -0.5 1 151.618 191.715 9.73335 
10.5 0.5 6 1 164.762 329.95 9.73335 
10.5 10.5 -0.5 1 372.915 163.657 9.73335 
10.5 10.5 6 1 387.376 311.955 9.73335 
0.5 10.5 -0.5 1 446.916 51.9807 9.73335 
0.5 10.5 6 1 480.818 340.315 9.73335 
0.5 5.5 9.5 1 267.551 517.005 9.73335 
10.5 5.5 9.5 1 282.613 402.096 9.73335 
0.5 6.5 -0.5 1 268.37 77.2771 9.73335 
0.5 8.5 -0.5 1 356.314 64.1296 9.73335 
0.5 8.5 4.5 1 377.828 283.286 9.73335 
0.5 6.5 4.5 1 290.803 289.702 9.73335 
0.5 2.5 2 1 114.604 200.811 9.73335 
0.5 4.5 2 1 196.151 190.485 9.73335 
0.5 4.5 4.5 1 203.623 297.019 9.73335 
0.5 2.5 4.5 1 118.489 306.091 9.73335 
