0 0 0 1 -19.3389 31.8028 7.69999 
0 0 6.5 1 -4.06642 221.78 7.69999 
10 0 0 1 198.848 75.4758 7.69999 
10 0 6.5 1 204.176 206.065 7.69999 
10 10 0 1 388.086 42.3534 7.69999 
10 10 6.5 1 375.994 224.817 7.69999 
0 10 0 1 160.986 -54.8908 7.69999 
0 10 6.5 1 168.803 264.707 7.69999 
0 5 10 1 67.2138 346.957 7.69999 
10 5 10 1 274.684 286.565 7.69999 
0 6 0 1 62.6556 -6.71945 7.69999 
0 8 0 1 106.885 -25.7561 7.69999 
0 8 5 1 116.211 192.197 7.69999 
0 6 5 1 75.588 186.041 7.69999 
0 2 2.5 1 9.44858 107.985 7.69999 
0 4 2.5 1 37.9172 99.898 7.69999 
0 4 5 1 43.9522 186.226 7.69999 
0 2 5 1 14.3512 184.207 7.69999 
0.5 0.5 -0.5 1 1.05748 16.4893 7.69999 
0.5 0.5 6 1 15.6114 205.451 7.69999 
10.5 0.5 -0.5 1 212.809 64.303 7.69999 
10.5 0.5 6 1 215.288 196.625 7.69999 
10.5 10.5 -0.5 1 407.036 32.1183 7.69999 
10.5 10.5 6 1 393.802 211.121 7.69999 
0.5 10.5 -0.5 1 194.666 -81.7569 7.69999 
0.5 10.5 6 1 200.465 243.147 7.69999 
0.5 5.5 9.5 1 91.3622 332.391 7.69999 
10.5 5.5 9.5 1 288.719 277.943 7.69999 
0.5 6.5 -0.5 1 90.1716 -28.696 7.69999 
0.5 8.5 -0.5 1 135.215 -50.3403 7.69999 
0.5 8.5 4.5 1 142.751 173.943 7.69999 
0.5 6.5 4.5 1 100.101 172.798 7.69999 
0.5 2.5 2 1 29.805 90.024 7.69999 
0.5 4.5 2 1 60.4088 82.4258 7.69999 
0.5 4.5 4.5 1 64.661 171.813 7.69999 
0.5 2.5 4.5 1 35.341 169.901 7.69999 
