0 0 0 1 392.8 130.427 18.9334 
0 0 6.5 1 374.144 286.502 18.9334 
10 0 0 1 362.513 -7.07049 18.9334 
10 0 6.5 1 325.787 317.091 18.9334 
10 10 0 1 -15.3899 25.1437 18.9334 
10 10 6.5 1 -36.7915 265.089 18.9334 
0 10 0 1 169.589 129.622 18.9334 
0 10 6.5 1 156.283 263.566 18.9334 
0 5 10 1 246.991 357.986 18.9334 
10 5 10 1 104.236 432.27 18.9334 
0 6 0 1 250.501 127.188 18.9334 
0 8 0 1 208.728 127.816 18.9334 
0 8 5 1 199.899 238.394 18.9334 
0 6 5 1 239.854 238.727 18.9334 
0 2 2.5 1 330.834 188.24 18.9334 
0 4 2.5 1 285.357 186.482 18.9334 
0 4 5 1 282.075 245.524 18.9334 
0 2 5 1 325.408 248.184 18.9334 
0.5 0.5 -0.5 1 378.985 116.641 18.9334 
0.5 0.5 6 1 360.613 276.006 18.9334 
10.5 0.5 -0.5 1 334.751 -46.6419 18.9334 
10.5 0.5 6 1 299.475 289.912 18.9334 
10.5 10.5 -0.5 1 -45.5865 -0.989108 18.9334 
10.5 10.5 6 1 -68.5788 246.294 18.9334 
0.5 10.5 -0.5 1 157.187 112.525 18.9334 
0.5 10.5 6 1 140.774 251.72 18.9334 
0.5 5.5 9.5 1 233.722 344.838 18.9334 
10.5 5.5 9.5 1 72.6252 416.156 18.9334 
0.5 6.5 -0.5 1 234.758 112.506 18.9334 
0.5 8.5 -0.5 1 194.25 113.009 18.9334 
0.5 8.5 4.5 1 185.824 223.626 18.9334 
0.5 6.5 4.5 1 223.731 227.507 18.9334 
0.5 2.5 2 1 318.305 174.227 18.9334 
0.5 4.5 2 1 273.458 174.403 18.9334 
0.5 4.5 4.5 1 268.995 230.829 18.9334 
0.5 2.5 4.5 1 313.415 235.416 18.9334 
