0 0 0 1 379.931 72.1486 0.666667 
0 0 6.5 1 365.513 218.903 0.666667 
10 0 0 1 579.405 -33.6354 0.666667 
10 0 6.5 1 534.092 245.237 0.666667 
10 10 0 1 137.044 -134.193 0.666667 
10 10 6.5 1 119.631 218.742 0.666667 
0 10 0 1 149.812 39.1271 0.666667 
0 10 6.5 1 138.277 206.27 0.666667 
0 5 10 1 251.44 289.421 0.666667 
10 5 10 1 335.208 380.227 0.666667 
0 6 0 1 246.49 53.7991 0.666667 
0 8 0 1 200.789 46.7412 0.666667 
0 8 5 1 191.807 171.02 0.666667 
0 6 5 1 237.514 176.517 0.666667 
0 2 2.5 1 332.588 122.795 0.666667 
0 4 2.5 1 291.471 120.615 0.666667 
0 4 5 1 283.375 178.264 0.666667 
0 2 5 1 330.209 181.894 0.666667 
0.5 0.5 -0.5 1 376.323 58.0403 0.666667 
0.5 0.5 6 1 361.637 205.797 0.666667 
10.5 0.5 -0.5 1 586.532 -76.4896 0.666667 
10.5 0.5 6 1 539.807 226.283 0.666667 
10.5 10.5 -0.5 1 105.029 -189.41 0.666667 
10.5 10.5 6 1 92.1219 189.774 0.666667 
0.5 10.5 -0.5 1 135.299 20.0576 0.666667 
0.5 10.5 6 1 127.788 187.824 0.666667 
0.5 5.5 9.5 1 245.745 284.166 0.666667 
10.5 5.5 9.5 1 324.954 367.691 0.666667 
0.5 6.5 -0.5 1 238.414 35.6731 0.666667 
0.5 8.5 -0.5 1 188.387 30.2091 0.666667 
0.5 8.5 4.5 1 181.39 157.265 0.666667 
0.5 6.5 4.5 1 229.174 159.204 0.666667 
0.5 2.5 2 1 327.02 112.982 0.666667 
0.5 4.5 2 1 281.299 105.898 0.666667 
0.5 4.5 4.5 1 278.165 168.425 0.666667 
0.5 2.5 4.5 1 321.225 168.575 0.666667 
