0 0 0 1 -44.7401 99.9839 9.30001 
0 0 6.5 1 -14.119 362.735 9.30001 
10 0 0 1 140.439 162.43 9.30001 
10 0 6.5 1 154.495 302.368 9.30001 
10 10 0 1 364.598 129.595 9.30001 
10 10 6.5 1 377.31 285.946 9.30001 
0 10 0 1 371.29 21.2239 9.30001 
0 10 6.5 1 401.067 341.858 9.30001 
0 5 10 1 183.93 505.231 9.30001 
10 5 10 1 270.752 374.578 9.30001 
0 6 0 1 183.05 58.9069 9.30001 
0 8 0 1 271.71 39.0774 9.30001 
0 8 5 1 295.79 276.443 9.30001 
0 6 5 1 203.901 282.984 9.30001 
0 2 2.5 1 37.8107 188.914 9.30001 
0 4 2.5 1 114.006 184.144 9.30001 
0 4 5 1 124.54 290.386 9.30001 
0 2 5 1 49.6878 297.596 9.30001 
0.5 0.5 -0.5 1 -14.3353 85.3642 9.30001 
0.5 0.5 6 1 14.4281 336.528 9.30001 
10.5 0.5 -0.5 1 154.76 152.207 9.30001 
10.5 0.5 6 1 169.357 292.185 9.30001 
10.5 10.5 -0.5 1 374.593 119.348 9.30001 
10.5 10.5 6 1 388.531 273.259 9.30001 
0.5 10.5 -0.5 1 392.334 3.46881 9.30001 
0.5 10.5 6 1 420.572 314.582 9.30001 
0.5 5.5 9.5 1 209.733 473.281 9.30001 
10.5 5.5 9.5 1 281.892 358.676 9.30001 
0.5 6.5 -0.5 1 209.771 37.5806 9.30001 
0.5 8.5 -0.5 1 294.324 20.0217 9.30001 
0.5 8.5 4.5 1 317.446 249.53 9.30001 
0.5 6.5 4.5 1 231.529 258.555 9.30001 
0.5 2.5 2 1 63.539 173.644 9.30001 
0.5 4.5 2 1 139.738 162.419 9.30001 
0.5 4.5 4.5 1 153.813 265.848 9.30001 
0.5 2.5 4.5 1 79.231 272.432 9.30001 
