0 0 0 1 323.917 65.3524 1.93333 
0 0 6.5 1 325.117 200.111 1.93333 
10 0 0 1 546.617 -0.301332 1.93333 
10 0 6.5 1 531.437 211.591 1.93333 
10 10 0 1 302.803 -93.6403 1.93333 
10 10 6.5 1 306.402 245.65 1.93333 
0 10 0 1 121.009 37.856 1.93333 
0 10 6.5 1 136.325 214.775 1.93333 
0 5 10 1 245.417 282.106 1.93333 
10 5 10 1 439.717 344.391 1.93333 
0 6 0 1 215.242 49.9385 1.93333 
0 8 0 1 172.677 41.4701 1.93333 
0 8 5 1 180.224 175.259 1.93333 
0 6 5 1 221.953 172.682 1.93333 
0 2 2.5 1 293.109 117.025 1.93333 
0 4 2.5 1 257.6 116.879 1.93333 
0 4 5 1 257.445 173.607 1.93333 
0 2 5 1 291.982 169.589 1.93333 
0.5 0.5 -0.5 1 321.225 48.4886 1.93333 
0.5 0.5 6 1 324.309 190.489 1.93333 
10.5 0.5 -0.5 1 558.399 -28.2756 1.93333 
10.5 0.5 6 1 544.17 196.344 1.93333 
10.5 10.5 -0.5 1 300.808 -151.801 1.93333 
10.5 10.5 6 1 306.457 227.789 1.93333 
0.5 10.5 -0.5 1 113.424 13.5667 1.93333 
0.5 10.5 6 1 127.029 206.912 1.93333 
0.5 5.5 9.5 1 242.579 274.733 1.93333 
10.5 5.5 9.5 1 445.482 339.221 1.93333 
0.5 6.5 -0.5 1 213.069 35.379 1.93333 
0.5 8.5 -0.5 1 162.278 24.5502 1.93333 
0.5 8.5 4.5 1 169.824 163.356 1.93333 
0.5 6.5 4.5 1 215.719 161.201 1.93333 
0.5 2.5 2 1 291.204 103.25 1.93333 
0.5 4.5 2 1 255.12 98.4854 1.93333 
0.5 4.5 4.5 1 255.162 159.602 1.93333 
0.5 2.5 4.5 1 293.342 158.791 1.93333 
