0 0 0 1 370.42 164.887 16.6334 
0 0 6.5 1 390.639 335.932 16.6334 
10 0 0 1 103.388 122.226 16.6334 
10 0 6.5 1 106.993 359.294 16.6334 
10 10 0 1 61.0992 211.421 16.6334 
10 10 6.5 1 59.8396 352.892 16.6334 
0 10 0 1 250.749 222.664 16.6334 
0 10 6.5 1 253.747 338.018 16.6334 
0 5 10 1 315.488 418.102 16.6334 
10 5 10 1 75.6871 460.98 16.6334 
0 6 0 1 284.766 205.448 16.6334 
0 8 0 1 266.669 213.214 16.6334 
0 8 5 1 275.569 307.201 16.6334 
0 6 5 1 294.537 306.137 16.6334 
0 2 2.5 1 342.273 240.275 16.6334 
0 4 2.5 1 317.773 248.133 16.6334 
0 4 5 1 319.775 303.497 16.6334 
0 2 5 1 350.778 300.533 16.6334 
0.5 0.5 -0.5 1 350.964 156.085 16.6334 
0.5 0.5 6 1 367.09 323.585 16.6334 
10.5 0.5 -0.5 1 82.4167 107.232 16.6334 
10.5 0.5 6 1 81.8566 341.348 16.6334 
10.5 10.5 -0.5 1 48.7862 201.655 16.6334 
10.5 10.5 6 1 47.3625 342.904 16.6334 
0.5 10.5 -0.5 1 238.843 215.831 16.6334 
0.5 10.5 6 1 244.067 332.678 16.6334 
0.5 5.5 9.5 1 299.361 406.073 16.6334 
10.5 5.5 9.5 1 60.4783 443.331 16.6334 
0.5 6.5 -0.5 1 274.164 198.932 16.6334 
0.5 8.5 -0.5 1 256.664 205.473 16.6334 
0.5 8.5 4.5 1 258.197 300.335 16.6334 
0.5 6.5 4.5 1 282.445 297.242 16.6334 
0.5 2.5 2 1 328.108 231.63 16.6334 
0.5 4.5 2 1 296.83 238.815 16.6334 
0.5 4.5 4.5 1 301.303 296.414 16.6334 
0.5 2.5 4.5 1 335.194 287.037 16.6334 
