0 0 0 1 403.779 3.78867 12.6334 
0 0 6.5 1 371.655 286.24 12.6334 
10 0 0 1 151.619 79.506 12.6334 
10 0 6.5 1 135.965 252.533 12.6334 
10 10 0 1 307.656 142.217 12.6334 
10 10 6.5 1 296.563 263.196 12.6334 
0 10 0 1 513.585 123.461 12.6334 
0 10 6.5 1 497.025 285.004 12.6334 
0 5 10 1 441.692 396.997 12.6334 
10 5 10 1 223.7 332.668 12.6334 
0 6 0 1 482.558 89.2627 12.6334 
0 8 0 1 502.298 104.577 12.6334 
0 8 5 1 484.242 246.001 12.6334 
0 6 5 1 465.789 240.61 12.6334 
0 2 2.5 1 427.674 135.519 12.6334 
0 4 2.5 1 456.469 151.72 12.6334 
0 4 5 1 445.201 233.751 12.6334 
0 2 5 1 417.85 231.63 12.6334 
0.5 0.5 -0.5 1 394.487 -1.2392 12.6334 
0.5 0.5 6 1 366.839 265.062 12.6334 
10.5 0.5 -0.5 1 158.487 74.3235 12.6334 
10.5 0.5 6 1 140.054 239.301 12.6334 
10.5 10.5 -0.5 1 306.596 138.32 12.6334 
10.5 10.5 6 1 295.374 253.751 12.6334 
0.5 10.5 -0.5 1 505.63 117.792 12.6334 
0.5 10.5 6 1 488.924 275.387 12.6334 
0.5 5.5 9.5 1 435.37 377.253 12.6334 
10.5 5.5 9.5 1 223.997 320.184 12.6334 
0.5 6.5 -0.5 1 472.749 80.0262 12.6334 
0.5 8.5 -0.5 1 491.978 97.1668 12.6334 
0.5 8.5 4.5 1 479.216 233.053 12.6334 
0.5 6.5 4.5 1 460.07 227.224 12.6334 
0.5 2.5 2 1 416.165 120.877 12.6334 
0.5 4.5 2 1 445.937 138.123 12.6334 
0.5 4.5 4.5 1 437.257 220.345 12.6334 
0.5 2.5 4.5 1 406.143 211.064 12.6334 
