0 0 0 1 156.416 251.2 5.16666 
0 0 6.5 1 146.385 371.858 5.16666 
10 0 0 1 337.85 258.947 5.16666 
10 0 6.5 1 336.779 382.067 5.16666 
10 10 0 1 403.654 212.185 5.16666 
10 10 6.5 1 408.626 406.599 5.16666 
0 10 0 1 109.833 188.956 5.16666 
0 10 6.5 1 87.6303 397.349 5.16666 
0 5 10 1 116.971 471.211 5.16666 
10 5 10 1 360.933 477.798 5.16666 
0 6 0 1 133.406 221.616 5.16666 
0 8 0 1 121.261 210.441 5.16666 
0 8 5 1 109.137 347.929 5.16666 
0 6 5 1 120.905 344.771 5.16666 
0 2 2.5 1 146.684 291.49 5.16666 
0 4 2.5 1 138.842 288.18 5.16666 
0 4 5 1 133.074 343.642 5.16666 
0 2 5 1 140.699 344.465 5.16666 
0.5 0.5 -0.5 1 162.44 237.606 5.16666 
0.5 0.5 6 1 152.121 363.258 5.16666 
10.5 0.5 -0.5 1 346.655 249.373 5.16666 
10.5 0.5 6 1 344.841 371.232 5.16666 
10.5 10.5 -0.5 1 422.886 194.751 5.16666 
10.5 10.5 6 1 426.443 395.939 5.16666 
0.5 10.5 -0.5 1 121.298 178.47 5.16666 
0.5 10.5 6 1 103.196 381.774 5.16666 
0.5 5.5 9.5 1 127.807 459.733 5.16666 
10.5 5.5 9.5 1 376.486 469.294 5.16666 
0.5 6.5 -0.5 1 144.253 208.682 5.16666 
0.5 8.5 -0.5 1 132.929 194.491 5.16666 
0.5 8.5 4.5 1 123.59 328.364 5.16666 
0.5 6.5 4.5 1 132.073 331.064 5.16666 
0.5 2.5 2 1 152.967 284.131 5.16666 
0.5 4.5 2 1 147.74 273.459 5.16666 
0.5 4.5 4.5 1 142.034 333.803 5.16666 
0.5 2.5 4.5 1 149.454 333.091 5.16666 
