0 0 0 1 385.287 128.81 18.9001 
0 0 6.5 1 371.474 291.093 18.9001 
10 0 0 1 354.991 -10.0042 18.9001 
10 0 6.5 1 319.304 313.753 18.9001 
10 10 0 1 -16.3014 24.7387 18.9001 
10 10 6.5 1 -36.8205 262.106 18.9001 
0 10 0 1 171.528 129.707 18.9001 
0 10 6.5 1 159.131 265.469 18.9001 
0 5 10 1 245.401 358.9 18.9001 
10 5 10 1 100.372 432.993 18.9001 
0 6 0 1 247.782 129.042 18.9001 
0 8 0 1 208.708 131.178 18.9001 
0 8 5 1 201.418 236.993 18.9001 
0 6 5 1 238.84 240.974 18.9001 
0 2 2.5 1 331.384 192.929 18.9001 
0 4 2.5 1 286.671 186.579 18.9001 
0 4 5 1 280.805 246.987 18.9001 
0 2 5 1 325.181 250.672 18.9001 
0.5 0.5 -0.5 1 378.246 114.839 18.9001 
0.5 0.5 6 1 357.914 277.56 18.9001 
10.5 0.5 -0.5 1 328.189 -47.2019 18.9001 
10.5 0.5 6 1 295.819 290.912 18.9001 
10.5 10.5 -0.5 1 -41.5356 0.00662734 18.9001 
10.5 10.5 6 1 -66.1771 242.864 18.9001 
0.5 10.5 -0.5 1 156.274 118.638 18.9001 
0.5 10.5 6 1 143.792 253.834 18.9001 
0.5 5.5 9.5 1 233.452 343.023 18.9001 
10.5 5.5 9.5 1 71.8254 414.016 18.9001 
0.5 6.5 -0.5 1 236.606 115.317 18.9001 
0.5 8.5 -0.5 1 196.545 114.1 18.9001 
0.5 8.5 4.5 1 185.648 225.217 18.9001 
0.5 6.5 4.5 1 226.938 228.714 18.9001 
0.5 2.5 2 1 321.465 173.308 18.9001 
0.5 4.5 2 1 273.577 173.162 18.9001 
0.5 4.5 4.5 1 267.219 232.948 18.9001 
0.5 2.5 4.5 1 314.137 235.641 18.9001 
