0 0 0 1 324.6 65.6794 1.9 
0 0 6.5 1 326.838 201.234 1.9 
10 0 0 1 548.419 1.66005 1.9 
10 0 6.5 1 531.902 213.097 1.9 
10 10 0 1 300.318 -87.383 1.9 
10 10 6.5 1 302.044 250.689 1.9 
0 10 0 1 122.088 38.8712 1.9 
0 10 6.5 1 136.556 215.866 1.9 
0 5 10 1 244.601 283.028 1.9 
10 5 10 1 437.599 349.522 1.9 
0 6 0 1 218.547 52.4333 1.9 
0 8 0 1 169.972 46.1459 1.9 
0 8 5 1 181.319 176.543 1.9 
0 6 5 1 223.635 173.704 1.9 
0 2 2.5 1 293.544 116.137 1.9 
0 4 2.5 1 260.402 117.127 1.9 
0 4 5 1 261.43 172.689 1.9 
0 2 5 1 294.361 173.751 1.9 
0.5 0.5 -0.5 1 325.481 52.5377 1.9 
0.5 0.5 6 1 326.367 192.802 1.9 
10.5 0.5 -0.5 1 561.134 -25.5235 1.9 
10.5 0.5 6 1 541.67 196.89 1.9 
10.5 10.5 -0.5 1 292.726 -146.651 1.9 
10.5 10.5 6 1 302.419 232.616 1.9 
0.5 10.5 -0.5 1 111.898 20.9383 1.9 
0.5 10.5 6 1 126.287 206.002 1.9 
0.5 5.5 9.5 1 243.704 277.405 1.9 
10.5 5.5 9.5 1 444.276 340.275 1.9 
0.5 6.5 -0.5 1 210.497 32.7095 1.9 
0.5 8.5 -0.5 1 163.729 29.068 1.9 
0.5 8.5 4.5 1 174.984 166.621 1.9 
0.5 6.5 4.5 1 217.358 160.647 1.9 
0.5 2.5 2 1 293.171 102.074 1.9 
0.5 4.5 2 1 255.746 100.839 1.9 
0.5 4.5 4.5 1 256.877 162.367 1.9 
0.5 2.5 4.5 1 293.387 160.847 1.9 
