0 0 0 1 105.169 145.956 6.1 
0 0 6.5 1 88.0201 280.191 6.1 
10 0 0 1 285.823 179.996 6.1 
10 0 6.5 1 275.333 293.85 6.1 
10 10 0 1 400.391 137.093 6.1 
10 10 6.5 1 382.967 315.274 6.1 
0 10 0 1 112.13 73.7324 6.1 
0 10 6.5 1 89.1538 298.253 6.1 
0 5 10 1 77.0712 376.81 6.1 
10 5 10 1 309.857 379.132 6.1 
0 6 0 1 108.482 111.919 6.1 
0 8 0 1 110.083 94.5003 6.1 
0 8 5 1 95.041 246.05 6.1 
0 6 5 1 93.2655 247.937 6.1 
0 2 2.5 1 96.5114 193.311 6.1 
0 4 2.5 1 99.2105 188.23 6.1 
0 4 5 1 90.6158 247.19 6.1 
0 2 5 1 90.0311 247.922 6.1 
0.5 0.5 -0.5 1 114.456 134.482 6.1 
0.5 0.5 6 1 99.4914 271.872 6.1 
10.5 0.5 -0.5 1 299.892 171.515 6.1 
10.5 0.5 6 1 289.287 287.962 6.1 
10.5 10.5 -0.5 1 421.584 121.759 6.1 
10.5 10.5 6 1 406.483 307.231 6.1 
0.5 10.5 -0.5 1 135.201 51.6689 6.1 
0.5 10.5 6 1 109.791 279.86 6.1 
0.5 5.5 9.5 1 93.1172 367.88 6.1 
10.5 5.5 9.5 1 331.58 374.874 6.1 
0.5 6.5 -0.5 1 124.942 96.3951 6.1 
0.5 8.5 -0.5 1 129.318 76.4449 6.1 
0.5 8.5 4.5 1 113.065 229.78 6.1 
0.5 6.5 4.5 1 107.061 234.905 6.1 
0.5 2.5 2 1 111.035 182.843 6.1 
0.5 4.5 2 1 115.243 173.833 6.1 
0.5 4.5 4.5 1 107.329 237.065 6.1 
0.5 2.5 4.5 1 107.127 236.607 6.1 
