0 0 0 1 295.979 121.764 11.7667 
0 0 6.5 1 277.742 430.284 11.7667 
10 0 0 1 146.412 204.042 11.7667 
10 0 6.5 1 125.657 370.257 11.7667 
10 10 0 1 331.844 242.982 11.7667 
10 10 6.5 1 325.09 370.575 11.7667 
0 10 0 1 532.33 207.792 11.7667 
0 10 6.5 1 538.367 410.647 11.7667 
0 5 10 1 435.248 568.492 11.7667 
10 5 10 1 232.248 453.81 11.7667 
0 6 0 1 461.176 184.396 11.7667 
0 8 0 1 500.012 193.024 11.7667 
0 8 5 1 500.704 359.724 11.7667 
0 6 5 1 459.659 355.8 11.7667 
0 2 2.5 1 356.804 250.837 11.7667 
0 4 2.5 1 412.249 261.139 11.7667 
0 4 5 1 411.89 357.669 11.7667 
0 2 5 1 351.852 357.044 11.7667 
0.5 0.5 -0.5 1 298.726 114.833 11.7667 
0.5 0.5 6 1 285.296 400.748 11.7667 
10.5 0.5 -0.5 1 150.721 194.889 11.7667 
10.5 0.5 6 1 132.838 354.382 11.7667 
10.5 10.5 -0.5 1 331.239 235.094 11.7667 
10.5 10.5 6 1 327.658 360.104 11.7667 
0.5 10.5 -0.5 1 525.841 199.616 11.7667 
0.5 10.5 6 1 530.434 390.308 11.7667 
0.5 5.5 9.5 1 432.904 532.149 11.7667 
10.5 5.5 9.5 1 235.361 437.315 11.7667 
0.5 6.5 -0.5 1 454.588 172.437 11.7667 
0.5 8.5 -0.5 1 492.048 185.761 11.7667 
0.5 8.5 4.5 1 493.745 340.861 11.7667 
0.5 6.5 4.5 1 455.588 341.269 11.7667 
0.5 2.5 2 1 357.195 231.564 11.7667 
0.5 4.5 2 1 409.854 244.984 11.7667 
0.5 4.5 4.5 1 409.007 338.485 11.7667 
0.5 2.5 4.5 1 355.459 333.262 11.7667 
