0 0 0 1 385.98 114.611 19.4334 
0 0 6.5 1 370.811 274.299 19.4334 
10 0 0 1 443.061 11.5034 19.4334 
10 0 6.5 1 400.711 333.941 19.4334 
10 10 0 1 -11.1616 4.85587 19.4334 
10 10 6.5 1 -19.5042 282.882 19.4334 
0 10 0 1 155.954 103.208 19.4334 
0 10 6.5 1 148.702 248.579 19.4334 
0 5 10 1 247.297 338.591 19.4334 
10 5 10 1 165.788 453.634 19.4334 
0 6 0 1 246.389 112.703 19.4334 
0 8 0 1 202.291 106.072 19.4334 
0 8 5 1 193.599 220.084 19.4334 
0 6 5 1 237.395 223.19 19.4334 
0 2 2.5 1 331.897 172.766 19.4334 
0 4 2.5 1 285.288 168.904 19.4334 
0 4 5 1 280.055 226.796 19.4334 
0 2 5 1 326.723 232.471 19.4334 
0.5 0.5 -0.5 1 378.059 101.053 19.4334 
0.5 0.5 6 1 358.912 258.557 19.4334 
10.5 0.5 -0.5 1 422.564 -32.1349 19.4334 
10.5 0.5 6 1 380.853 312.691 19.4334 
10.5 10.5 -0.5 1 -47.1788 -25.8969 19.4334 
10.5 10.5 6 1 -53.275 260.768 19.4334 
0.5 10.5 -0.5 1 145.121 88.7461 19.4334 
0.5 10.5 6 1 133.171 237.636 19.4334 
0.5 5.5 9.5 1 236.174 329.238 19.4334 
10.5 5.5 9.5 1 137.914 435.695 19.4334 
0.5 6.5 -0.5 1 233.856 90.0908 19.4334 
0.5 8.5 -0.5 1 187.123 90.3487 19.4334 
0.5 8.5 4.5 1 179.274 207.794 19.4334 
0.5 6.5 4.5 1 224.066 212.335 19.4334 
0.5 2.5 2 1 320.953 157.65 19.4334 
0.5 4.5 2 1 273.932 157.574 19.4334 
0.5 4.5 4.5 1 269.217 216.872 19.4334 
0.5 2.5 4.5 1 315.11 220.369 19.4334 
