0 0 0 1 97.4068 131.574 6.2 
0 0 6.5 1 84.6198 263.389 6.2 
10 0 0 1 284.203 164.439 6.2 
10 0 6.5 1 273.176 280.533 6.2 
10 10 0 1 402.216 121.011 6.2 
10 10 6.5 1 386.034 300.745 6.2 
0 10 0 1 114.046 48.1605 6.2 
0 10 6.5 1 91.7815 279.44 6.2 
0 5 10 1 76.3736 362.569 6.2 
10 5 10 1 307.734 362.264 6.2 
0 6 0 1 106.466 93.8792 6.2 
0 8 0 1 111.879 72.8999 6.2 
0 8 5 1 92.4037 227.179 6.2 
0 6 5 1 89.4454 226.341 6.2 
0 2 2.5 1 92.3635 172.127 6.2 
0 4 2.5 1 96.8908 169.84 6.2 
0 4 5 1 89.787 230.72 6.2 
0 2 5 1 88.7158 230.875 6.2 
0.5 0.5 -0.5 1 110.23 119.623 6.2 
0.5 0.5 6 1 94.0127 256.278 6.2 
10.5 0.5 -0.5 1 297.314 152.455 6.2 
10.5 0.5 6 1 285.709 275.112 6.2 
10.5 10.5 -0.5 1 424.602 107.96 6.2 
10.5 10.5 6 1 408.157 288.674 6.2 
0.5 10.5 -0.5 1 139.507 29.2309 6.2 
0.5 10.5 6 1 115.828 262.049 6.2 
0.5 5.5 9.5 1 94.9087 349.755 6.2 
10.5 5.5 9.5 1 323.4 352.971 6.2 
0.5 6.5 -0.5 1 122.519 78.8558 6.2 
0.5 8.5 -0.5 1 130.552 57.357 6.2 
0.5 8.5 4.5 1 114.02 214.345 6.2 
0.5 6.5 4.5 1 109.327 214.395 6.2 
0.5 2.5 2 1 109.3 164.782 6.2 
0.5 4.5 2 1 111.823 158.021 6.2 
0.5 4.5 4.5 1 107.066 218.809 6.2 
0.5 2.5 4.5 1 102.793 220.393 6.2 
