0 0 0 1 212.818 233.851 4.23333 
0 0 6.5 1 216.153 356.281 4.23333 
10 0 0 1 392.665 219.811 4.23333 
10 0 6.5 1 405.79 346.996 4.23333 
10 10 0 1 401.634 143.544 4.23333 
10 10 6.5 1 428.516 358.245 4.23333 
0 10 0 1 120.891 185.629 4.23333 
0 10 6.5 1 117.922 366.528 4.23333 
0 5 10 1 179.165 442.076 4.23333 
10 5 10 1 423.199 446.333 4.23333 
0 6 0 1 166.421 214.197 4.23333 
0 8 0 1 147.234 201.337 4.23333 
0 8 5 1 148.59 322.954 4.23333 
0 6 5 1 167.117 323.382 4.23333 
0 2 2.5 1 201.863 278.28 4.23333 
0 4 2.5 1 183.96 272.407 4.23333 
0 4 5 1 186.687 328.129 4.23333 
0 2 5 1 203.404 325.443 4.23333 
0.5 0.5 -0.5 1 216.224 227.354 4.23333 
0.5 0.5 6 1 222.814 344.293 4.23333 
10.5 0.5 -0.5 1 400.376 206.756 4.23333 
10.5 0.5 6 1 415.898 335.908 4.23333 
10.5 10.5 -0.5 1 421.981 121.826 4.23333 
10.5 10.5 6 1 443.292 340.497 4.23333 
0.5 10.5 -0.5 1 126.095 167.808 4.23333 
0.5 10.5 6 1 123.476 352.532 4.23333 
0.5 5.5 9.5 1 185.556 430.133 4.23333 
10.5 5.5 9.5 1 438.923 433.367 4.23333 
0.5 6.5 -0.5 1 173.81 195.428 4.23333 
0.5 8.5 -0.5 1 150.757 184.182 4.23333 
0.5 8.5 4.5 1 150.638 307.74 4.23333 
0.5 6.5 4.5 1 173.109 312.689 4.23333 
0.5 2.5 2 1 204.621 265.685 4.23333 
0.5 4.5 2 1 188.57 261.226 4.23333 
0.5 4.5 4.5 1 192.74 314.077 4.23333 
0.5 2.5 4.5 1 209.207 313.121 4.23333 
