0 0 0 1 433.718 -53.9774 14.2001 
0 0 6.5 1 419.019 193.038 14.2001 
10 0 0 1 102.836 -16.7592 14.2001 
10 0 6.5 1 113.188 190.616 14.2001 
10 10 0 1 209.699 51.6947 14.2001 
10 10 6.5 1 213.981 182.159 14.2001 
0 10 0 1 409.681 39.2279 14.2001 
0 10 6.5 1 398.134 182.35 14.2001 
0 5 10 1 401.619 268.086 14.2001 
10 5 10 1 179.167 258.487 14.2001 
0 6 0 1 414.639 14.1258 14.2001 
0 8 0 1 413.531 28.0809 14.2001 
0 8 5 1 405.679 147.522 14.2001 
0 6 5 1 407.385 147.515 14.2001 
0 2 2.5 1 420.993 59.0965 14.2001 
0 4 2.5 1 416.516 74.3664 14.2001 
0 4 5 1 409.892 144.848 14.2001 
0 2 5 1 417.51 144.571 14.2001 
0.5 0.5 -0.5 1 411.328 -63.8217 14.2001 
0.5 0.5 6 1 399.53 174.251 14.2001 
10.5 0.5 -0.5 1 98.8903 -23.5018 14.2001 
10.5 0.5 6 1 111.685 174.594 14.2001 
10.5 10.5 -0.5 1 201.935 44.0588 14.2001 
10.5 10.5 6 1 206.106 170.21 14.2001 
0.5 10.5 -0.5 1 398.075 31.2181 14.2001 
0.5 10.5 6 1 390.31 168.092 14.2001 
0.5 5.5 9.5 1 391.117 257.319 14.2001 
10.5 5.5 9.5 1 170.013 240.82 14.2001 
0.5 6.5 -0.5 1 401.462 5.81464 14.2001 
0.5 8.5 -0.5 1 399.184 20.353 14.2001 
0.5 8.5 4.5 1 392.296 134.894 14.2001 
0.5 6.5 4.5 1 396.727 133.311 14.2001 
0.5 2.5 2 1 403.907 49.7301 14.2001 
0.5 4.5 2 1 403.525 60.4466 14.2001 
0.5 4.5 4.5 1 392.507 131.083 14.2001 
0.5 2.5 4.5 1 403.047 127.341 14.2001 
