0 0 0 1 182.879 243.941 4.73333 
0 0 6.5 1 178.803 359.161 4.73333 
10 0 0 1 363.538 239.956 4.73333 
10 0 6.5 1 368.968 362.304 4.73333 
10 10 0 1 405.619 172.618 4.73333 
10 10 6.5 1 417.868 371.615 4.73333 
0 10 0 1 115.672 178.777 4.73333 
0 10 6.5 1 103.801 372.016 4.73333 
0 5 10 1 144.38 450.371 4.73333 
10 5 10 1 391.278 457.425 4.73333 
0 6 0 1 146.459 213.677 4.73333 
0 8 0 1 135.461 197.724 4.73333 
0 8 5 1 128.056 326.857 4.73333 
0 6 5 1 145.268 326.237 4.73333 
0 2 2.5 1 172.404 279.412 4.73333 
0 4 2.5 1 158.113 278.455 4.73333 
0 4 5 1 159.026 329.292 4.73333 
0 2 5 1 170.627 332.333 4.73333 
0.5 0.5 -0.5 1 188.75 231.206 4.73333 
0.5 0.5 6 1 186.23 353.128 4.73333 
10.5 0.5 -0.5 1 372.607 229.028 4.73333 
10.5 0.5 6 1 379.842 352.433 4.73333 
10.5 10.5 -0.5 1 420.277 149.344 4.73333 
10.5 10.5 6 1 438.506 356.852 4.73333 
0.5 10.5 -0.5 1 125.299 164.778 4.73333 
0.5 10.5 6 1 115.112 355.051 4.73333 
0.5 5.5 9.5 1 153.508 441.802 4.73333 
10.5 5.5 9.5 1 406.495 448.02 4.73333 
0.5 6.5 -0.5 1 156.453 194.064 4.73333 
0.5 8.5 -0.5 1 143.823 184.341 4.73333 
0.5 8.5 4.5 1 135.457 312.735 4.73333 
0.5 6.5 4.5 1 153.768 315.409 4.73333 
0.5 2.5 2 1 180.749 271.842 4.73333 
0.5 4.5 2 1 165.934 261.495 4.73333 
0.5 4.5 4.5 1 167.14 319.713 4.73333 
0.5 2.5 4.5 1 176.694 321.126 4.73333 
