0 0 0 1 198.198 236.877 4.43333 
0 0 6.5 1 200.357 353.365 4.43333 
10 0 0 1 381.797 230.176 4.43333 
10 0 6.5 1 390.225 350.99 4.43333 
10 10 0 1 403.961 151.836 4.43333 
10 10 6.5 1 423.388 356.829 4.43333 
0 10 0 1 114.893 182.881 4.43333 
0 10 6.5 1 113.091 362.405 4.43333 
0 5 10 1 164.043 440.88 4.43333 
10 5 10 1 410.284 445.107 4.43333 
0 6 0 1 162.069 209.181 4.43333 
0 8 0 1 143.58 196.714 4.43333 
0 8 5 1 137.452 320.551 4.43333 
0 6 5 1 157.317 321.968 4.43333 
0 2 2.5 1 186.302 274.997 4.43333 
0 4 2.5 1 175.315 270.342 4.43333 
0 4 5 1 174.664 325.144 4.43333 
0 2 5 1 191.224 327.922 4.43333 
0.5 0.5 -0.5 1 202.889 228.836 4.43333 
0.5 0.5 6 1 208.415 345.561 4.43333 
10.5 0.5 -0.5 1 387.867 213.271 4.43333 
10.5 0.5 6 1 402.949 339.797 4.43333 
10.5 10.5 -0.5 1 417.637 130.012 4.43333 
10.5 10.5 6 1 440.627 340.568 4.43333 
0.5 10.5 -0.5 1 124.685 158.256 4.43333 
0.5 10.5 6 1 120.625 348.625 4.43333 
0.5 5.5 9.5 1 174.133 433.629 4.43333 
10.5 5.5 9.5 1 425.726 433.839 4.43333 
0.5 6.5 -0.5 1 165.238 195.589 4.43333 
0.5 8.5 -0.5 1 148.752 177.744 4.43333 
0.5 8.5 4.5 1 146.877 305.801 4.43333 
0.5 6.5 4.5 1 166.585 310.922 4.43333 
0.5 2.5 2 1 192.788 266.585 4.43333 
0.5 4.5 2 1 180.95 260.737 4.43333 
0.5 4.5 4.5 1 182.076 312.979 4.43333 
0.5 2.5 4.5 1 195.245 316.133 4.43333 
