0 0 0 1 430.565 -57.6023 14.3334 
0 0 6.5 1 417.251 181.636 14.3334 
10 0 0 1 93.6645 -21.8705 14.3334 
10 0 6.5 1 113.628 183.762 14.3334 
10 10 0 1 200.21 47.1912 14.3334 
10 10 6.5 1 202.37 175.922 14.3334 
0 10 0 1 394.134 34.6371 14.3334 
0 10 6.5 1 390.979 173.26 14.3334 
0 5 10 1 395.709 262.22 14.3334 
10 5 10 1 171.714 256.472 14.3334 
0 6 0 1 403.996 11.4502 14.3334 
0 8 0 1 398.223 24.2482 14.3334 
0 8 5 1 400.449 141.802 14.3334 
0 6 5 1 399.214 141.538 14.3334 
0 2 2.5 1 415.073 53.9692 14.3334 
0 4 2.5 1 410.069 65.9727 14.3334 
0 4 5 1 402.413 137.252 14.3334 
0 2 5 1 410.514 132.074 14.3334 
0.5 0.5 -0.5 1 406.32 -71.4992 14.3334 
0.5 0.5 6 1 396.958 164.982 14.3334 
10.5 0.5 -0.5 1 88.1854 -33.8549 14.3334 
10.5 0.5 6 1 104.695 169.259 14.3334 
10.5 10.5 -0.5 1 192.263 45.7709 14.3334 
10.5 10.5 6 1 196.073 166.38 14.3334 
0.5 10.5 -0.5 1 385.952 30.9705 14.3334 
0.5 10.5 6 1 378.623 163.812 14.3334 
0.5 5.5 9.5 1 383.761 246.082 14.3334 
10.5 5.5 9.5 1 165.51 244.434 14.3334 
0.5 6.5 -0.5 1 390.804 1.15156 14.3334 
0.5 8.5 -0.5 1 389.119 17.2915 14.3334 
0.5 8.5 4.5 1 382.303 130.465 14.3334 
0.5 6.5 4.5 1 385.595 128.89 14.3334 
0.5 2.5 2 1 401.41 40.5501 14.3334 
0.5 4.5 2 1 392.478 54.9486 14.3334 
0.5 4.5 4.5 1 392.569 123.539 14.3334 
0.5 2.5 4.5 1 396.238 118.417 14.3334 
