0 0 0 1 372.504 173.406 16.7001 
0 0 6.5 1 390.252 342.259 16.7001 
10 0 0 1 104.862 124.092 16.7001 
10 0 6.5 1 105.087 367.312 16.7001 
10 10 0 1 58.8109 216.143 16.7001 
10 10 6.5 1 53.9155 359.647 16.7001 
0 10 0 1 246.954 227.474 16.7001 
0 10 6.5 1 253.153 345.401 16.7001 
0 5 10 1 311.902 425.873 16.7001 
10 5 10 1 72.0066 470.788 16.7001 
0 6 0 1 285.462 207.36 16.7001 
0 8 0 1 268.394 219.749 16.7001 
0 8 5 1 270.184 316.98 16.7001 
0 6 5 1 290.573 313.934 16.7001 
0 2 2.5 1 342.956 245.36 16.7001 
0 4 2.5 1 314.297 255.689 16.7001 
0 4 5 1 317.503 309.068 16.7001 
0 2 5 1 348.419 307.61 16.7001 
0.5 0.5 -0.5 1 353.386 163.189 16.7001 
0.5 0.5 6 1 366.974 332.927 16.7001 
10.5 0.5 -0.5 1 82.1727 113.357 16.7001 
10.5 0.5 6 1 80.9449 347.88 16.7001 
10.5 10.5 -0.5 1 43.9524 205.955 16.7001 
10.5 10.5 6 1 39.2206 345.351 16.7001 
0.5 10.5 -0.5 1 236.864 222.074 16.7001 
0.5 10.5 6 1 238.62 335.728 16.7001 
0.5 5.5 9.5 1 296.072 412.123 16.7001 
10.5 5.5 9.5 1 56.7662 456.384 16.7001 
0.5 6.5 -0.5 1 267.793 204.319 16.7001 
0.5 8.5 -0.5 1 253.797 213.299 16.7001 
0.5 8.5 4.5 1 256.207 306.307 16.7001 
0.5 6.5 4.5 1 278.263 303.227 16.7001 
0.5 2.5 2 1 327.099 236.849 16.7001 
0.5 4.5 2 1 297.879 245.26 16.7001 
0.5 4.5 4.5 1 302.476 300.566 16.7001 
0.5 2.5 4.5 1 330.752 293.774 16.7001 
