0 0 0 1 165.551 249.61 5 
0 0 6.5 1 157.151 372.836 5 
10 0 0 1 345.535 251.325 5 
10 0 6.5 1 346.7 374.278 5 
10 10 0 1 400.905 198.178 5 
10 10 6.5 1 411.33 397.183 5 
0 10 0 1 111.322 190.778 5 
0 10 6.5 1 95.6811 388.748 5 
0 5 10 1 128.353 466.643 5 
10 5 10 1 371.545 472.28 5 
0 6 0 1 140.845 220.712 5 
0 8 0 1 125.392 208.092 5 
0 8 5 1 115.405 337.156 5 
0 6 5 1 131.715 340.839 5 
0 2 2.5 1 151.728 288.161 5 
0 4 2.5 1 146.867 285.842 5 
0 4 5 1 139.498 341.254 5 
0 2 5 1 152.852 342.73 5 
0.5 0.5 -0.5 1 175.053 237.925 5 
0.5 0.5 6 1 166.657 361.773 5 
10.5 0.5 -0.5 1 356.72 243.48 5 
10.5 0.5 6 1 358.763 366.705 5 
10.5 10.5 -0.5 1 424.834 182.397 5 
10.5 10.5 6 1 431.395 380.363 5 
0.5 10.5 -0.5 1 123.326 171.379 5 
0.5 10.5 6 1 107.199 369.718 5 
0.5 5.5 9.5 1 137.015 452.036 5 
10.5 5.5 9.5 1 388.362 462.076 5 
0.5 6.5 -0.5 1 150.475 208.379 5 
0.5 8.5 -0.5 1 138.741 190.103 5 
0.5 8.5 4.5 1 126.894 326.648 5 
0.5 6.5 4.5 1 140.99 326.793 5 
0.5 2.5 2 1 162.846 279.964 5 
0.5 4.5 2 1 156.384 273.784 5 
0.5 4.5 4.5 1 151.937 329.555 5 
0.5 2.5 4.5 1 162.87 327.341 5 
