0 0 0 1 9.56598 117.735 9.86668 
0 0 6.5 1 19.7469 404.711 9.86668 
10 0 0 1 138.173 202.791 9.86668 
10 0 6.5 1 153.342 346.4 9.86668 
10 10 0 1 365.811 178.221 9.86668 
10 10 6.5 1 379.931 326.653 9.86668 
0 10 0 1 444.774 63.9142 9.86668 
0 10 6.5 1 489.015 364.562 9.86668 
0 5 10 1 265.703 552.122 9.86668 
10 5 10 1 271.654 421.215 9.86668 
0 6 0 1 267.673 88.7052 9.86668 
0 8 0 1 356.033 75.7306 9.86668 
0 8 5 1 378.833 302.894 9.86668 
0 6 5 1 288.398 309.383 9.86668 
0 2 2.5 1 99.9666 215.69 9.86668 
0 4 2.5 1 189.436 202.868 9.86668 
0 4 5 1 196.812 316.422 9.86668 
0 2 5 1 105.916 323.538 9.86668 
0.5 0.5 -0.5 1 39.3217 98.7457 9.86668 
0.5 0.5 6 1 54.7504 371.449 9.86668 
10.5 0.5 -0.5 1 153.262 193.205 9.86668 
10.5 0.5 6 1 160.515 333.022 9.86668 
10.5 10.5 -0.5 1 371.104 169.335 9.86668 
10.5 10.5 6 1 388.609 315.117 9.86668 
0.5 10.5 -0.5 1 458.547 54.6125 9.86668 
0.5 10.5 6 1 494.63 334.993 9.86668 
0.5 5.5 9.5 1 285.255 515.334 9.86668 
10.5 5.5 9.5 1 281.182 405.677 9.86668 
0.5 6.5 -0.5 1 287.652 74.0274 9.86668 
0.5 8.5 -0.5 1 370.564 63.6608 9.86668 
0.5 8.5 4.5 1 399.031 275.561 9.86668 
0.5 6.5 4.5 1 305.127 282.878 9.86668 
0.5 2.5 2 1 128.526 195.851 9.86668 
0.5 4.5 2 1 213.263 186.888 9.86668 
0.5 4.5 4.5 1 221.711 291.715 9.86668 
0.5 2.5 4.5 1 136.164 300.398 9.86668 
