0 0 0 1 285.417 87.2041 2.6 
0 0 6.5 1 295.955 213.164 2.6 
10 0 0 1 492.083 26.0484 2.6 
10 0 6.5 1 497.483 201.159 2.6 
10 10 0 1 354.23 -80.1089 2.6 
10 10 6.5 1 371.858 221.519 2.6 
0 10 0 1 114.217 52.891 2.6 
0 10 6.5 1 130.768 233.164 2.6 
0 5 10 1 232.441 297.642 2.6 
10 5 10 1 456.8 318.683 2.6 
0 6 0 1 196.512 71.3873 2.6 
0 8 0 1 156.661 60.2718 2.6 
0 8 5 1 170.616 190.626 2.6 
0 6 5 1 205.692 186.573 2.6 
0 2 2.5 1 262.789 137.277 2.6 
0 4 2.5 1 234.611 133.912 2.6 
0 4 5 1 237.972 189.172 2.6 
0 2 5 1 269.61 187.83 2.6 
0.5 0.5 -0.5 1 284.091 75.1867 2.6 
0.5 0.5 6 1 297.348 204.241 2.6 
10.5 0.5 -0.5 1 502.717 3.81817 2.6 
10.5 0.5 6 1 508.235 186.144 2.6 
10.5 10.5 -0.5 1 363.803 -130.181 2.6 
10.5 10.5 6 1 378.035 200.026 2.6 
0.5 10.5 -0.5 1 105.497 34.2559 2.6 
0.5 10.5 6 1 125.795 219.514 2.6 
0.5 5.5 9.5 1 233.886 288.163 2.6 
10.5 5.5 9.5 1 465.294 309.571 2.6 
0.5 6.5 -0.5 1 196.57 50.8435 2.6 
0.5 8.5 -0.5 1 156.27 43.2072 2.6 
0.5 8.5 4.5 1 163.898 177.437 2.6 
0.5 6.5 4.5 1 205.335 178.375 2.6 
0.5 2.5 2 1 263.756 123.006 2.6 
0.5 4.5 2 1 234.963 116.948 2.6 
0.5 4.5 4.5 1 238.198 175.664 2.6 
0.5 2.5 4.5 1 270.654 176.641 2.6 
