0 0 0 1 271.679 133.169 2.9 
0 0 6.5 1 283.606 251.611 2.9 
10 0 0 1 472.758 82.908 2.9 
10 0 6.5 1 483.832 238.333 2.9 
10 10 0 1 374.068 -3.32737 2.9 
10 10 6.5 1 395.131 267.267 2.9 
0 10 0 1 115.408 101.598 2.9 
0 10 6.5 1 134.053 277.891 2.9 
0 5 10 1 232.246 336.944 2.9 
10 5 10 1 457.264 354.43 2.9 
0 6 0 1 194.191 114.834 2.9 
0 8 0 1 157.225 110.828 2.9 
0 8 5 1 171.984 233.056 2.9 
0 6 5 1 204.557 230.988 2.9 
0 2 2.5 1 256.05 177.083 2.9 
0 4 2.5 1 227.813 177.363 2.9 
0 4 5 1 232.708 225.372 2.9 
0 2 5 1 259.121 226.288 2.9 
0.5 0.5 -0.5 1 274.954 120.329 2.9 
0.5 0.5 6 1 284.66 243.254 2.9 
10.5 0.5 -0.5 1 479.946 60.4003 2.9 
10.5 0.5 6 1 491.821 228.554 2.9 
10.5 10.5 -0.5 1 381.635 -45.7847 2.9 
10.5 10.5 6 1 407.408 246.396 2.9 
0.5 10.5 -0.5 1 112.843 80.1609 2.9 
0.5 10.5 6 1 132.998 263.268 2.9 
0.5 5.5 9.5 1 231.109 328.737 2.9 
10.5 5.5 9.5 1 469.165 347.095 2.9 
0.5 6.5 -0.5 1 193.939 98.2133 2.9 
0.5 8.5 -0.5 1 154.045 94.19 2.9 
0.5 8.5 4.5 1 170.576 220.917 2.9 
0.5 6.5 4.5 1 205.225 217.095 2.9 
0.5 2.5 2 1 258.636 164.551 2.9 
0.5 4.5 2 1 228.353 163.116 2.9 
0.5 4.5 4.5 1 233.636 215.681 2.9 
0.5 2.5 4.5 1 261.08 218.324 2.9 
