0 0 0 1 376.771 68.8337 0.833334 
0 0 6.5 1 361.1 216.606 0.833334 
10 0 0 1 585.333 -27.364 0.833334 
10 0 6.5 1 543.989 243.772 0.833334 
10 10 0 1 154.427 -128.915 0.833334 
10 10 6.5 1 144.91 230.111 0.833334 
0 10 0 1 142.833 30.6654 0.833334 
0 10 6.5 1 139.515 200.907 0.833334 
0 5 10 1 254.805 289.352 0.833334 
10 5 10 1 355.753 381.863 0.833334 
0 6 0 1 243.518 48.1582 0.833334 
0 8 0 1 196.595 40.3268 0.833334 
0 8 5 1 191.574 167.777 0.833334 
0 6 5 1 238.474 171.335 0.833334 
0 2 2.5 1 328.486 122.162 0.833334 
0 4 2.5 1 288.605 113.848 0.833334 
0 4 5 1 281.411 174.982 0.833334 
0 2 5 1 326.014 182.93 0.833334 
0.5 0.5 -0.5 1 373.63 52.8306 0.833334 
0.5 0.5 6 1 361.752 203.857 0.833334 
10.5 0.5 -0.5 1 593.045 -66.5958 0.833334 
10.5 0.5 6 1 548.089 225.416 0.833334 
10.5 10.5 -0.5 1 127.737 -189.06 0.833334 
10.5 10.5 6 1 120.48 203.041 0.833334 
0.5 10.5 -0.5 1 131.618 13.7381 0.833334 
0.5 10.5 6 1 126.977 187.302 0.833334 
0.5 5.5 9.5 1 242.136 276.367 0.833334 
10.5 5.5 9.5 1 347.14 369.547 0.833334 
0.5 6.5 -0.5 1 235.277 31.377 0.833334 
0.5 8.5 -0.5 1 184.46 22.9262 0.833334 
0.5 8.5 4.5 1 182.325 153.831 0.833334 
0.5 6.5 4.5 1 230.899 159.253 0.833334 
0.5 2.5 2 1 325.65 106.519 0.833334 
0.5 4.5 2 1 277.292 101.028 0.833334 
0.5 4.5 4.5 1 274.414 162.722 0.833334 
0.5 2.5 4.5 1 320.513 165.161 0.833334 
