0 0 0 1 -54.6652 -2.95412 8.06666 
0 0 6.5 1 -21.1046 207.109 8.06666 
10 0 0 1 177.58 54.415 8.06666 
10 0 6.5 1 184.271 189.544 8.06666 
10 10 0 1 379.071 12.8411 8.06666 
10 10 6.5 1 376.183 198.371 8.06666 
0 10 0 1 192.116 -119.082 8.06666 
0 10 6.5 1 205.394 227.327 8.06666 
0 5 10 1 79.4162 340.258 8.06666 
10 5 10 1 266.194 267.928 8.06666 
0 6 0 1 62.6112 -60.8559 8.06666 
0 8 0 1 120.96 -89.6408 8.06666 
0 8 5 1 133.609 157.871 8.06666 
0 6 5 1 81.396 157.454 8.06666 
0 2 2.5 1 -7.22035 72.9721 8.06666 
0 4 2.5 1 25.9208 63.9058 8.06666 
0 4 5 1 39.423 159.215 8.06666 
0 2 5 1 4.05213 159.39 8.06666 
0.5 0.5 -0.5 1 -31.972 -21.4684 8.06666 
0.5 0.5 6 1 -0.847951 194.285 8.06666 
10.5 0.5 -0.5 1 190.617 43.5247 8.06666 
10.5 0.5 6 1 197.617 182.947 8.06666 
10.5 10.5 -0.5 1 397.774 -0.990276 8.06666 
10.5 10.5 6 1 393.01 181.612 8.06666 
0.5 10.5 -0.5 1 229.298 -150.646 8.06666 
0.5 10.5 6 1 237.933 201.799 8.06666 
0.5 5.5 9.5 1 99.0888 317.849 8.06666 
10.5 5.5 9.5 1 281.338 256.867 8.06666 
0.5 6.5 -0.5 1 93.0762 -79.4014 8.06666 
0.5 8.5 -0.5 1 152.574 -112.611 8.06666 
0.5 8.5 4.5 1 167.889 132.31 8.06666 
0.5 6.5 4.5 1 108.958 138.085 8.06666 
0.5 2.5 2 1 13.1693 56.7978 8.06666 
0.5 4.5 2 1 54.4027 45.8634 8.06666 
0.5 4.5 4.5 1 66.0076 139.908 8.06666 
0.5 2.5 4.5 1 23.6761 145.177 8.06666 
