0 0 0 1 273.384 121.443 2.83333 
0 0 6.5 1 285.176 243.504 2.83333 
10 0 0 1 477.601 66.8498 2.83333 
10 0 6.5 1 488.403 229.858 2.83333 
10 10 0 1 368.374 -23.2673 2.83333 
10 10 6.5 1 388.881 255.195 2.83333 
0 10 0 1 115.151 89.4124 2.83333 
0 10 6.5 1 135.347 264.366 2.83333 
0 5 10 1 231.396 326.088 2.83333 
10 5 10 1 458.077 346.306 2.83333 
0 6 0 1 191.907 106.358 2.83333 
0 8 0 1 158.918 100.562 2.83333 
0 8 5 1 171.47 219.028 2.83333 
0 6 5 1 204.891 220.696 2.83333 
0 2 2.5 1 255.652 168.129 2.83333 
0 4 2.5 1 230.051 166.076 2.83333 
0 4 5 1 236.97 217.342 2.83333 
0 2 5 1 262.57 216.832 2.83333 
0.5 0.5 -0.5 1 276.089 108.963 2.83333 
0.5 0.5 6 1 287.446 232.533 2.83333 
10.5 0.5 -0.5 1 484.09 45.7281 2.83333 
10.5 0.5 6 1 497.917 216.268 2.83333 
10.5 10.5 -0.5 1 378.569 -63.7729 2.83333 
10.5 10.5 6 1 400.217 232.574 2.83333 
0.5 10.5 -0.5 1 111.406 69.6758 2.83333 
0.5 10.5 6 1 132.436 252.424 2.83333 
0.5 5.5 9.5 1 233.056 317.922 2.83333 
10.5 5.5 9.5 1 471.685 334.384 2.83333 
0.5 6.5 -0.5 1 192.754 88.3798 2.83333 
0.5 8.5 -0.5 1 155.229 78.8181 2.83333 
0.5 8.5 4.5 1 167.516 209.597 2.83333 
0.5 6.5 4.5 1 205.943 205.966 2.83333 
0.5 2.5 2 1 255.988 153.72 2.83333 
0.5 4.5 2 1 229.174 152.833 2.83333 
0.5 4.5 4.5 1 235.519 206.419 2.83333 
0.5 2.5 4.5 1 261.275 205.669 2.83333 
