0 0 0 1 4.62658 47.2249 7.39999 
0 0 6.5 1 12.0195 223.622 7.39999 
10 0 0 1 219.723 90.768 7.39999 
10 0 6.5 1 214.754 217.306 7.39999 
10 10 0 1 391.854 61.3513 7.39999 
10 10 6.5 1 378.304 242.522 7.39999 
0 10 0 1 139.712 -27.6951 7.39999 
0 10 6.5 1 140.768 269.38 7.39999 
0 5 10 1 63.6381 345.325 7.39999 
10 5 10 1 280.107 299.276 7.39999 
0 6 0 1 68.8249 11.2197 7.39999 
0 8 0 1 100.598 -6.31852 7.39999 
0 8 5 1 103.151 201.86 7.39999 
0 6 5 1 73.5074 196.688 7.39999 
0 2 2.5 1 24.9347 116.98 7.39999 
0 4 2.5 1 44.6982 112.357 7.39999 
0 4 5 1 48.3724 190.535 7.39999 
0 2 5 1 28.7213 186.448 7.39999 
0.5 0.5 -0.5 1 22.9131 32.8424 7.39999 
0.5 0.5 6 1 32.1142 213.554 7.39999 
10.5 0.5 -0.5 1 234.365 79.274 7.39999 
10.5 0.5 6 1 229.728 206.728 7.39999 
10.5 10.5 -0.5 1 411.962 47.0028 7.39999 
10.5 10.5 6 1 397.907 230.817 7.39999 
0.5 10.5 -0.5 1 175.402 -54.0972 7.39999 
0.5 10.5 6 1 171.811 248.572 7.39999 
0.5 5.5 9.5 1 85.9955 334.256 7.39999 
10.5 5.5 9.5 1 292.423 289.873 7.39999 
0.5 6.5 -0.5 1 92.4769 -8.27721 7.39999 
0.5 8.5 -0.5 1 128.941 -26.1476 7.39999 
0.5 8.5 4.5 1 129.662 183.661 7.39999 
0.5 6.5 4.5 1 96.0206 177.935 7.39999 
0.5 2.5 2 1 44.5314 98.4076 7.39999 
0.5 4.5 2 1 67.9943 95.6746 7.39999 
0.5 4.5 4.5 1 69.4882 179.713 7.39999 
0.5 2.5 4.5 1 49.2645 176.436 7.39999 
