0 0 0 1 120.681 208.467 5.73333 
0 0 6.5 1 106.193 335.107 5.73333 
10 0 0 1 305.015 230.926 5.73333 
10 0 6.5 1 295.322 345.961 5.73333 
10 10 0 1 398.793 194.036 5.73333 
10 10 6.5 1 390.941 380.641 5.73333 
0 10 0 1 106.824 147.655 5.73333 
0 10 6.5 1 83.2846 365.527 5.73333 
0 5 10 1 87.6458 435.387 5.73333 
10 5 10 1 324.923 441.823 5.73333 
0 6 0 1 115.617 181.697 5.73333 
0 8 0 1 113.9 167.955 5.73333 
0 8 5 1 92.9433 309.618 5.73333 
0 6 5 1 99.6414 307.6 5.73333 
0 2 2.5 1 114.01 253.283 5.73333 
0 4 2.5 1 112.883 246.564 5.73333 
0 4 5 1 101.922 306.633 5.73333 
0 2 5 1 109.073 306.532 5.73333 
0.5 0.5 -0.5 1 133.301 197.196 5.73333 
0.5 0.5 6 1 118.723 325.923 5.73333 
10.5 0.5 -0.5 1 316.736 220.312 5.73333 
10.5 0.5 6 1 309.734 341.534 5.73333 
10.5 10.5 -0.5 1 417.038 178.989 5.73333 
10.5 10.5 6 1 409.719 367.656 5.73333 
0.5 10.5 -0.5 1 124.342 132.012 5.73333 
0.5 10.5 6 1 99.0326 348.317 5.73333 
0.5 5.5 9.5 1 103.149 426.593 5.73333 
10.5 5.5 9.5 1 340.899 431.457 5.73333 
0.5 6.5 -0.5 1 132.089 168.65 5.73333 
0.5 8.5 -0.5 1 125.477 151.14 5.73333 
0.5 8.5 4.5 1 110.166 299.637 5.73333 
0.5 6.5 4.5 1 114.081 296.244 5.73333 
0.5 2.5 2 1 127.145 240.554 5.73333 
0.5 4.5 2 1 122.51 235.728 5.73333 
0.5 4.5 4.5 1 118.397 297.662 5.73333 
0.5 2.5 4.5 1 116.963 297.632 5.73333 
