0 0 0 1 374.944 191.336 18.1334 
0 0 6.5 1 368.877 352.718 18.1334 
10 0 0 1 228.842 66.9694 18.1334 
10 0 6.5 1 203.256 365.821 18.1334 
10 10 0 1 -7.96299 134.786 18.1334 
10 10 6.5 1 -34.2577 326.404 18.1334 
0 10 0 1 186.808 205.342 18.1334 
0 10 6.5 1 175.161 330.463 18.1334 
0 5 10 1 256.961 419.773 18.1334 
10 5 10 1 38.4556 480.068 18.1334 
0 6 0 1 251.426 201.525 18.1334 
0 8 0 1 219.355 199.831 18.1334 
0 8 5 1 211.747 302.301 18.1334 
0 6 5 1 245.294 305.084 18.1334 
0 2 2.5 1 328.03 252.295 18.1334 
0 4 2.5 1 286.004 251.048 18.1334 
0 4 5 1 282.214 305.974 18.1334 
0 2 5 1 325.196 309.837 18.1334 
0.5 0.5 -0.5 1 360.306 173.795 18.1334 
0.5 0.5 6 1 351.757 339.326 18.1334 
10.5 0.5 -0.5 1 198.988 36.7677 18.1334 
10.5 0.5 6 1 170.496 335.729 18.1334 
10.5 10.5 -0.5 1 -25.9048 115.107 18.1334 
10.5 10.5 6 1 -57.8184 310.065 18.1334 
0.5 10.5 -0.5 1 173.367 196.272 18.1334 
0.5 10.5 6 1 162.76 321.215 18.1334 
0.5 5.5 9.5 1 240.172 411.422 18.1334 
10.5 5.5 9.5 1 9.08517 460.424 18.1334 
0.5 6.5 -0.5 1 239.632 185.564 18.1334 
0.5 8.5 -0.5 1 204.658 193.319 18.1334 
0.5 8.5 4.5 1 195.871 293.302 18.1334 
0.5 6.5 4.5 1 229.375 292.993 18.1334 
0.5 2.5 2 1 313.193 236.524 18.1334 
0.5 4.5 2 1 269.675 239.65 18.1334 
0.5 4.5 4.5 1 266.563 295.792 18.1334 
0.5 2.5 4.5 1 308.459 295.64 18.1334 
