0 0 0 1 275.664 115.725 2.8 
0 0 6.5 1 285.374 235.474 2.8 
10 0 0 1 479.297 62.0036 2.8 
10 0 6.5 1 486.462 223.817 2.8 
10 10 0 1 365.864 -33.6077 2.8 
10 10 6.5 1 386.455 247.23 2.8 
0 10 0 1 112.663 83.2521 2.8 
0 10 6.5 1 137.065 258.993 2.8 
0 5 10 1 235.38 323.736 2.8 
10 5 10 1 456.918 337.758 2.8 
0 6 0 1 193.331 100.126 2.8 
0 8 0 1 156.243 93.6253 2.8 
0 8 5 1 170.242 218.447 2.8 
0 6 5 1 203.79 215.2 2.8 
0 2 2.5 1 258.308 161.671 2.8 
0 4 2.5 1 231.167 160.676 2.8 
0 4 5 1 235.332 215.678 2.8 
0 2 5 1 261.12 213.149 2.8 
0.5 0.5 -0.5 1 276.228 99.8841 2.8 
0.5 0.5 6 1 288.583 226.526 2.8 
10.5 0.5 -0.5 1 488.749 40.5534 2.8 
10.5 0.5 6 1 500.929 211.471 2.8 
10.5 10.5 -0.5 1 374.843 -73.3885 2.8 
10.5 10.5 6 1 395.381 229.503 2.8 
0.5 10.5 -0.5 1 107.297 66.1238 2.8 
0.5 10.5 6 1 125.333 247.892 2.8 
0.5 5.5 9.5 1 231.243 311.991 2.8 
10.5 5.5 9.5 1 468.06 330.106 2.8 
0.5 6.5 -0.5 1 193.677 81.1475 2.8 
0.5 8.5 -0.5 1 157.762 71.2665 2.8 
0.5 8.5 4.5 1 169.793 204.406 2.8 
0.5 6.5 4.5 1 205.972 203.202 2.8 
0.5 2.5 2 1 259.122 146.646 2.8 
0.5 4.5 2 1 229.907 145.193 2.8 
0.5 4.5 4.5 1 235.484 199.168 2.8 
0.5 2.5 4.5 1 261.599 200.744 2.8 
