0 0 0 1 156.983 97.3677 10.8667 
0 0 6.5 1 144.691 406.693 10.8667 
10 0 0 1 138.939 221.016 10.8667 
10 0 6.5 1 137.518 376.714 10.8667 
10 10 0 1 354.455 232.269 10.8667 
10 10 6.5 1 362.6 369.848 10.8667 
0 10 0 1 524.803 141.98 10.8667 
0 10 6.5 1 554.485 384.402 10.8667 
0 5 10 1 390.028 570.538 10.8667 
10 5 10 1 255.861 459.113 10.8667 
0 6 0 1 394.78 124.494 10.8667 
0 8 0 1 464.843 139.661 10.8667 
0 8 5 1 483.825 324.715 10.8667 
0 6 5 1 410.935 326.165 10.8667 
0 2 2.5 1 244.339 211.42 10.8667 
0 4 2.5 1 328.321 217.697 10.8667 
0 4 5 1 331.956 325.951 10.8667 
0 2 5 1 245.604 326.891 10.8667 
0.5 0.5 -0.5 1 176.126 93.2882 10.8667 
0.5 0.5 6 1 169.886 374.811 10.8667 
10.5 0.5 -0.5 1 152.99 213.135 10.8667 
10.5 0.5 6 1 146.829 365.304 10.8667 
10.5 10.5 -0.5 1 358.903 223.704 10.8667 
10.5 10.5 6 1 364.281 359.552 10.8667 
0.5 10.5 -0.5 1 520.749 135.99 10.8667 
0.5 10.5 6 1 552.53 362.453 10.8667 
0.5 5.5 9.5 1 395.439 534.891 10.8667 
10.5 5.5 9.5 1 264.75 445.269 10.8667 
0.5 6.5 -0.5 1 402.066 120.722 10.8667 
0.5 8.5 -0.5 1 461.869 130.337 10.8667 
0.5 8.5 4.5 1 485.69 306.416 10.8667 
0.5 6.5 4.5 1 415.799 306.768 10.8667 
0.5 2.5 2 1 260.39 197.59 10.8667 
0.5 4.5 2 1 337.264 204.042 10.8667 
0.5 4.5 4.5 1 343.945 306.86 10.8667 
0.5 2.5 4.5 1 263.002 306.798 10.8667 
