0 0 0 1 381.861 94.367 0.4 
0 0 6.5 1 370.568 241.253 0.4 
10 0 0 1 560.601 -21.252 0.4 
10 0 6.5 1 520.264 265.19 0.4 
10 10 0 1 100.641 -101.285 0.4 
10 10 6.5 1 81.7184 228.396 0.4 
0 10 0 1 151.225 62.9596 0.4 
0 10 6.5 1 141.048 220.848 0.4 
0 5 10 1 250.511 311.081 0.4 
10 5 10 1 295.254 401.283 0.4 
0 6 0 1 247.852 75.3949 0.4 
0 8 0 1 199.827 70.1546 0.4 
0 8 5 1 190.15 189.68 0.4 
0 6 5 1 239.855 194.108 0.4 
0 2 2.5 1 331.841 148.723 0.4 
0 4 2.5 1 286.958 142.452 0.4 
0 4 5 1 285.866 198.787 0.4 
0 2 5 1 326.09 201.903 0.4 
0.5 0.5 -0.5 1 380.283 77.5026 0.4 
0.5 0.5 6 1 361.296 229.553 0.4 
10.5 0.5 -0.5 1 562.215 -63.4315 0.4 
10.5 0.5 6 1 519.106 242.477 0.4 
10.5 10.5 -0.5 1 66.922 -153.748 0.4 
10.5 10.5 6 1 51.491 199.544 0.4 
0.5 10.5 -0.5 1 140.82 42.9528 0.4 
0.5 10.5 6 1 129.719 206.74 0.4 
0.5 5.5 9.5 1 241.295 300.662 0.4 
10.5 5.5 9.5 1 280.807 386.002 0.4 
0.5 6.5 -0.5 1 240.175 56.2895 0.4 
0.5 8.5 -0.5 1 188.577 52.841 0.4 
0.5 8.5 4.5 1 179.544 174.788 0.4 
0.5 6.5 4.5 1 226.117 182.223 0.4 
0.5 2.5 2 1 326.999 134.311 0.4 
0.5 4.5 2 1 280.788 127.226 0.4 
0.5 4.5 4.5 1 273.462 185.7 0.4 
0.5 2.5 4.5 1 323.367 191.654 0.4 
