0 0 0 1 373.385 209.308 17.9667 
0 0 6.5 1 370.658 376.806 17.9667 
10 0 0 1 205.731 103.846 17.9667 
10 0 6.5 1 182.311 398.991 17.9667 
10 10 0 1 -3.84737 167.723 17.9667 
10 10 6.5 1 -29.4719 354.351 17.9667 
0 10 0 1 192.116 225.205 17.9667 
0 10 6.5 1 182.016 355.306 17.9667 
0 5 10 1 256.603 446.341 17.9667 
10 5 10 1 28.906 510.618 17.9667 
0 6 0 1 253.53 225.109 17.9667 
0 8 0 1 219.982 224.106 17.9667 
0 8 5 1 214.465 324.866 17.9667 
0 6 5 1 247.89 328.738 17.9667 
0 2 2.5 1 325.082 271.87 17.9667 
0 4 2.5 1 289.133 274.826 17.9667 
0 4 5 1 283.269 329.361 17.9667 
0 2 5 1 324.487 333.528 17.9667 
0.5 0.5 -0.5 1 359.409 194.369 17.9667 
0.5 0.5 6 1 352.289 359.74 17.9667 
10.5 0.5 -0.5 1 172.833 76.9333 17.9667 
10.5 0.5 6 1 149.467 373.555 17.9667 
10.5 10.5 -0.5 1 -21.2828 155.178 17.9667 
10.5 10.5 6 1 -51.2688 337.591 17.9667 
0.5 10.5 -0.5 1 180.899 218.712 17.9667 
0.5 10.5 6 1 168.251 341.39 17.9667 
0.5 5.5 9.5 1 239.585 433.076 17.9667 
10.5 5.5 9.5 1 5.13447 489.476 17.9667 
0.5 6.5 -0.5 1 238.407 210.148 17.9667 
0.5 8.5 -0.5 1 207.76 213.581 17.9667 
0.5 8.5 4.5 1 198.815 312.872 17.9667 
0.5 6.5 4.5 1 232.991 318.346 17.9667 
0.5 2.5 2 1 309.487 260.977 17.9667 
0.5 4.5 2 1 271.425 262.114 17.9667 
0.5 4.5 4.5 1 266.338 318.318 17.9667 
0.5 2.5 4.5 1 307.932 320.099 17.9667 
