0 0 0 1 12.7411 50.8366 7.26666 
0 0 6.5 1 20.7072 221.373 7.26666 
10 0 0 1 227.917 91.9535 7.26666 
10 0 6.5 1 221.503 217.936 7.26666 
10 10 0 1 394.194 63.3237 7.26666 
10 10 6.5 1 376.048 242.224 7.26666 
0 10 0 1 136.037 -28.4062 7.26666 
0 10 6.5 1 132.129 262.573 7.26666 
0 5 10 1 63.9953 341.845 7.26666 
10 5 10 1 281.783 301.853 7.26666 
0 6 0 1 71.3565 12.9582 7.26666 
0 8 0 1 99.8183 -6.11033 7.26666 
0 8 5 1 98.9747 196.024 7.26666 
0 6 5 1 73.3283 189.999 7.26666 
0 2 2.5 1 32.751 115.991 7.26666 
0 4 2.5 1 48.7249 108.672 7.26666 
0 4 5 1 53.4115 189.213 7.26666 
0 2 5 1 36.4972 183.666 7.26666 
0.5 0.5 -0.5 1 37.5576 36.8731 7.26666 
0.5 0.5 6 1 36.8891 207.384 7.26666 
10.5 0.5 -0.5 1 240.943 85.0014 7.26666 
10.5 0.5 6 1 235.666 208.299 7.26666 
10.5 10.5 -0.5 1 418.643 50.4653 7.26666 
10.5 10.5 6 1 394.557 231.926 7.26666 
0.5 10.5 -0.5 1 167.054 -52.7239 7.26666 
0.5 10.5 6 1 157.337 244.576 7.26666 
0.5 5.5 9.5 1 85.2114 326.103 7.26666 
10.5 5.5 9.5 1 299.293 293.73 7.26666 
0.5 6.5 -0.5 1 97.5145 -5.32857 7.26666 
0.5 8.5 -0.5 1 124.507 -26.2487 7.26666 
0.5 8.5 4.5 1 125.697 179.457 7.26666 
0.5 6.5 4.5 1 95.4837 174.039 7.26666 
0.5 2.5 2 1 52.9095 97.5305 7.26666 
0.5 4.5 2 1 71.4176 93.998 7.26666 
0.5 4.5 4.5 1 72.1979 173.584 7.26666 
0.5 2.5 4.5 1 51.2087 175.146 7.26666 
