0 0 0 1 374.083 224.915 17.1334 
0 0 6.5 1 383.668 395.869 17.1334 
10 0 0 1 126.364 168.607 17.1334 
10 0 6.5 1 119.686 431.631 17.1334 
10 10 0 1 32.4349 238.088 17.1334 
10 10 6.5 1 17.193 397.772 17.1334 
0 10 0 1 226.823 263.027 17.1334 
0 10 6.5 1 226.87 383.041 17.1334 
0 5 10 1 293.114 473.08 17.1334 
10 5 10 1 47.1488 534.976 17.1334 
0 6 0 1 276.348 253.128 17.1334 
0 8 0 1 249.755 257.079 17.1334 
0 8 5 1 249.718 352.898 17.1334 
0 6 5 1 274.911 353.273 17.1334 
0 2 2.5 1 338.456 294.767 17.1334 
0 4 2.5 1 304.421 296.874 17.1334 
0 4 5 1 306.317 353.916 17.1334 
0 2 5 1 340.555 356.774 17.1334 
0.5 0.5 -0.5 1 355.149 212.746 17.1334 
0.5 0.5 6 1 366.149 384.286 17.1334 
10.5 0.5 -0.5 1 103.922 146.376 17.1334 
10.5 0.5 6 1 88.6373 408.528 17.1334 
10.5 10.5 -0.5 1 15.9376 228.965 17.1334 
10.5 10.5 6 1 0.334645 386.564 17.1334 
0.5 10.5 -0.5 1 212.406 254.943 17.1334 
0.5 10.5 6 1 211.707 373.65 17.1334 
0.5 5.5 9.5 1 273.763 457.389 17.1334 
10.5 5.5 9.5 1 24.8899 515.23 17.1334 
0.5 6.5 -0.5 1 259.316 239.124 17.1334 
0.5 8.5 -0.5 1 234.838 246.039 17.1334 
0.5 8.5 4.5 1 235.238 348.045 17.1334 
0.5 6.5 4.5 1 262.358 343.1 17.1334 
0.5 2.5 2 1 317.057 282.958 17.1334 
0.5 4.5 2 1 286.035 286.666 17.1334 
0.5 4.5 4.5 1 289.811 345.766 17.1334 
0.5 2.5 4.5 1 323.133 339.576 17.1334 
