0 0 0 1 45.5408 85.4265 10.1667 
0 0 6.5 1 52.4322 379.225 10.1667 
10 0 0 1 138.405 199.155 10.1667 
10 0 6.5 1 144.432 350.913 10.1667 
10 10 0 1 362.772 188.45 10.1667 
10 10 6.5 1 375.195 331.469 10.1667 
0 10 0 1 474.898 67.4731 10.1667 
0 10 6.5 1 512.031 342.903 10.1667 
0 5 10 1 303.113 536.119 10.1667 
10 5 10 1 264.811 427.6 10.1667 
0 6 0 1 308.797 76.0593 10.1667 
0 8 0 1 392.348 70.9824 10.1667 
0 8 5 1 417.774 283.399 10.1667 
0 6 5 1 329.756 288.691 10.1667 
0 2 2.5 1 139.386 187.388 10.1667 
0 4 2.5 1 229.511 184.698 10.1667 
0 4 5 1 239.2 294.556 10.1667 
0 2 5 1 144.81 300.812 10.1667 
0.5 0.5 -0.5 1 73.7028 77.3871 10.1667 
0.5 0.5 6 1 88.3029 350.254 10.1667 
10.5 0.5 -0.5 1 154.525 194.326 10.1667 
10.5 0.5 6 1 156.512 333.205 10.1667 
10.5 10.5 -0.5 1 367.637 179.352 10.1667 
10.5 10.5 6 1 383.858 316.283 10.1667 
0.5 10.5 -0.5 1 481.849 56.8631 10.1667 
0.5 10.5 6 1 524.713 320.388 10.1667 
0.5 5.5 9.5 1 322.751 498.837 10.1667 
10.5 5.5 9.5 1 280.743 413.428 10.1667 
0.5 6.5 -0.5 1 322.966 65.7502 10.1667 
0.5 8.5 -0.5 1 402.779 60.9703 10.1667 
0.5 8.5 4.5 1 429.012 259.978 10.1667 
0.5 6.5 4.5 1 342.785 264.233 10.1667 
0.5 2.5 2 1 164.734 169.507 10.1667 
0.5 4.5 2 1 250.201 166.657 10.1667 
0.5 4.5 4.5 1 261.603 273.027 10.1667 
0.5 2.5 4.5 1 172.988 277.001 10.1667 
