0 0 0 1 382.771 134.921 0.1 
0 0 6.5 1 366.041 287.253 0.1 
10 0 0 1 521.791 24.5699 0.1 
10 0 6.5 1 490.642 320.204 0.1 
10 10 0 1 62.993 -27.1317 0.1 
10 10 6.5 1 36.4686 276.703 0.1 
0 10 0 1 154.809 109.143 0.1 
0 10 6.5 1 138.601 261.561 0.1 
0 5 10 1 242.578 351.846 0.1 
10 5 10 1 250.448 455.692 0.1 
0 6 0 1 247.452 120.585 0.1 
0 8 0 1 196.243 111.887 0.1 
0 8 5 1 189.598 230.528 0.1 
0 6 5 1 234.821 235.069 0.1 
0 2 2.5 1 330.332 186.185 0.1 
0 4 2.5 1 288.347 186.751 0.1 
0 4 5 1 282.686 240.47 0.1 
0 2 5 1 327.528 244.318 0.1 
0.5 0.5 -0.5 1 374.916 122.362 0.1 
0.5 0.5 6 1 360.254 273.573 0.1 
10.5 0.5 -0.5 1 518.211 -10.296 0.1 
10.5 0.5 6 1 482.215 301.517 0.1 
10.5 10.5 -0.5 1 32.191 -69.2819 0.1 
10.5 10.5 6 1 1.50239 250.892 0.1 
0.5 10.5 -0.5 1 139.211 92.6425 0.1 
0.5 10.5 6 1 127.058 246.647 0.1 
0.5 5.5 9.5 1 232.34 342.766 0.1 
10.5 5.5 9.5 1 230.404 443.735 0.1 
0.5 6.5 -0.5 1 234.531 105.744 0.1 
0.5 8.5 -0.5 1 184.708 100.434 0.1 
0.5 8.5 4.5 1 178.842 219.326 0.1 
0.5 6.5 4.5 1 224.986 222.469 0.1 
0.5 2.5 2 1 324.996 175.352 0.1 
0.5 4.5 2 1 276.085 169.04 0.1 
0.5 4.5 4.5 1 269.912 225.495 0.1 
0.5 2.5 4.5 1 318.059 231.007 0.1 
