0 0 0 1 373.187 145.4 16.4334 
0 0 6.5 1 391.841 321.56 16.4334 
10 0 0 1 95.9724 114.602 16.4334 
10 0 6.5 1 102.312 347.378 16.4334 
10 10 0 1 68.873 203.159 16.4334 
10 10 6.5 1 74.9815 338.972 16.4334 
0 10 0 1 257.946 208.865 16.4334 
0 10 6.5 1 268.09 326.789 16.4334 
0 5 10 1 323.794 402.102 16.4334 
10 5 10 1 86.9909 445.748 16.4334 
0 6 0 1 292.79 193.399 16.4334 
0 8 0 1 273.982 202.377 16.4334 
0 8 5 1 280.969 296.771 16.4334 
0 6 5 1 304.641 289.588 16.4334 
0 2 2.5 1 347.216 220.465 16.4334 
0 4 2.5 1 319.713 232.818 16.4334 
0 4 5 1 326.872 287.587 16.4334 
0 2 5 1 354.187 284.735 16.4334 
0.5 0.5 -0.5 1 351.88 139.159 16.4334 
0.5 0.5 6 1 371.073 307.043 16.4334 
10.5 0.5 -0.5 1 74.9285 106.463 16.4334 
10.5 0.5 6 1 80.3311 327.365 16.4334 
10.5 10.5 -0.5 1 58.8745 196.035 16.4334 
10.5 10.5 6 1 62.2232 330.61 16.4334 
0.5 10.5 -0.5 1 246.798 203.287 16.4334 
0.5 10.5 6 1 255.252 315.192 16.4334 
0.5 5.5 9.5 1 304.64 387.27 16.4334 
10.5 5.5 9.5 1 70.2166 426.2 16.4334 
0.5 6.5 -0.5 1 282.662 184.972 16.4334 
0.5 8.5 -0.5 1 259.407 193.955 16.4334 
0.5 8.5 4.5 1 267.95 287.292 16.4334 
0.5 6.5 4.5 1 288.259 282.75 16.4334 
0.5 2.5 2 1 329.844 211.136 16.4334 
0.5 4.5 2 1 304.06 224.828 16.4334 
0.5 4.5 4.5 1 308.543 278.829 16.4334 
0.5 2.5 4.5 1 336.119 275.287 16.4334 
