0 0 0 1 169.823 248.45 4.93333 
0 0 6.5 1 164.675 369.288 4.93333 
10 0 0 1 349.588 253.133 4.93333 
10 0 6.5 1 353.435 371.29 4.93333 
10 10 0 1 404.304 191.855 4.93333 
10 10 6.5 1 415.087 392.132 4.93333 
0 10 0 1 111.043 188.394 4.93333 
0 10 6.5 1 94.131 383.376 4.93333 
0 5 10 1 132.735 460.368 4.93333 
10 5 10 1 377.284 467.746 4.93333 
0 6 0 1 140.992 219.396 4.93333 
0 8 0 1 129.685 204.624 4.93333 
0 8 5 1 117.956 334.943 4.93333 
0 6 5 1 134.332 336.307 4.93333 
0 2 2.5 1 160.702 288.462 4.93333 
0 4 2.5 1 148.859 284.231 4.93333 
0 4 5 1 149.303 336.003 4.93333 
0 2 5 1 156.722 340.261 4.93333 
0.5 0.5 -0.5 1 177.383 237.696 4.93333 
0.5 0.5 6 1 171.199 357.149 4.93333 
10.5 0.5 -0.5 1 362.715 244.401 4.93333 
10.5 0.5 6 1 363.512 361.753 4.93333 
10.5 10.5 -0.5 1 423.07 173.442 4.93333 
10.5 10.5 6 1 434.519 374.432 4.93333 
0.5 10.5 -0.5 1 124.052 167.801 4.93333 
0.5 10.5 6 1 107.767 370.116 4.93333 
0.5 5.5 9.5 1 141.7 449.652 4.93333 
10.5 5.5 9.5 1 393.192 458.571 4.93333 
0.5 6.5 -0.5 1 151.701 203.779 4.93333 
0.5 8.5 -0.5 1 139.353 188.876 4.93333 
0.5 8.5 4.5 1 129.257 321.291 4.93333 
0.5 6.5 4.5 1 143.356 321.863 4.93333 
0.5 2.5 2 1 165.913 277.877 4.93333 
0.5 4.5 2 1 158.201 269.93 4.93333 
0.5 4.5 4.5 1 155.588 326.943 4.93333 
0.5 2.5 4.5 1 165.279 326.711 4.93333 
