0 0 0 1 426.791 17.4196 13.0001 
0 0 6.5 1 393.773 288.982 13.0001 
10 0 0 1 145.566 65.6219 13.0001 
10 0 6.5 1 134.734 243.585 13.0001 
10 10 0 1 290.641 126.179 13.0001 
10 10 6.5 1 281.034 248.117 13.0001 
0 10 0 1 496.498 115.433 13.0001 
0 10 6.5 1 477.375 267.939 13.0001 
0 5 10 1 432.76 378.821 13.0001 
10 5 10 1 215.536 318.135 13.0001 
0 6 0 1 476.555 88.8687 13.0001 
0 8 0 1 488.006 104.211 13.0001 
0 8 5 1 470.875 235.322 13.0001 
0 6 5 1 458.407 235.925 13.0001 
0 2 2.5 1 434.158 141.6 13.0001 
0 4 2.5 1 452.89 153.012 13.0001 
0 4 5 1 442.769 230.377 13.0001 
0 2 5 1 428.254 231.313 13.0001 
0.5 0.5 -0.5 1 410.55 9.17379 13.0001 
0.5 0.5 6 1 384.114 264.549 13.0001 
10.5 0.5 -0.5 1 147.963 57.5557 13.0001 
10.5 0.5 6 1 136.359 229.113 13.0001 
10.5 10.5 -0.5 1 291.065 116.13 13.0001 
10.5 10.5 6 1 278.937 234.248 13.0001 
0.5 10.5 -0.5 1 486.845 107.148 13.0001 
0.5 10.5 6 1 468.29 257.946 13.0001 
0.5 5.5 9.5 1 428.465 358.836 13.0001 
10.5 5.5 9.5 1 215.424 308.326 13.0001 
0.5 6.5 -0.5 1 466.011 77.7373 13.0001 
0.5 8.5 -0.5 1 477.297 94.9007 13.0001 
0.5 8.5 4.5 1 461.486 220.204 13.0001 
0.5 6.5 4.5 1 450.427 220.759 13.0001 
0.5 2.5 2 1 428.454 125.665 13.0001 
0.5 4.5 2 1 442.365 138.43 13.0001 
0.5 4.5 4.5 1 432.641 213.398 13.0001 
0.5 2.5 4.5 1 412.641 215.54 13.0001 
