0 0 0 1 40.7067 87.9846 10.1334 
0 0 6.5 1 49.0524 381.375 10.1334 
10 0 0 1 139.043 199.566 10.1334 
10 0 6.5 1 148.593 347.475 10.1334 
10 10 0 1 363.187 189.457 10.1334 
10 10 6.5 1 374.927 329.722 10.1334 
0 10 0 1 470.048 67.3909 10.1334 
0 10 6.5 1 514.366 344.375 10.1334 
0 5 10 1 302.027 538.032 10.1334 
10 5 10 1 268.345 424.069 10.1334 
0 6 0 1 302.178 78.7369 10.1334 
0 8 0 1 389.075 72.5322 10.1334 
0 8 5 1 412.645 280.108 10.1334 
0 6 5 1 325.985 291.255 10.1334 
0 2 2.5 1 136.133 194.314 10.1334 
0 4 2.5 1 225.631 185.415 10.1334 
0 4 5 1 233.116 300.07 10.1334 
0 2 5 1 140.417 301.838 10.1334 
0.5 0.5 -0.5 1 72.6291 78.712 10.1334 
0.5 0.5 6 1 78.9989 355.215 10.1334 
10.5 0.5 -0.5 1 152.806 193.145 10.1334 
10.5 0.5 6 1 156.478 334.174 10.1334 
10.5 10.5 -0.5 1 369.35 179.159 10.1334 
10.5 10.5 6 1 384.813 314.725 10.1334 
0.5 10.5 -0.5 1 476.61 57.9884 10.1334 
0.5 10.5 6 1 518.355 320.343 10.1334 
0.5 5.5 9.5 1 317.912 500.443 10.1334 
10.5 5.5 9.5 1 279.235 410.467 10.1334 
0.5 6.5 -0.5 1 318.822 66.9306 10.1334 
0.5 8.5 -0.5 1 399.379 60.6597 10.1334 
0.5 8.5 4.5 1 425.374 261.018 10.1334 
0.5 6.5 4.5 1 341.29 268.297 10.1334 
0.5 2.5 2 1 160.388 171.937 10.1334 
0.5 4.5 2 1 245.117 172.496 10.1334 
0.5 4.5 4.5 1 252.804 275.853 10.1334 
0.5 2.5 4.5 1 165.817 281.062 10.1334 
