0 0 0 1 359.37 72.9241 1.26667 
0 0 6.5 1 349.128 216.818 1.26667 
10 0 0 1 580.455 9.40434 1.26667 
10 0 6.5 1 541.308 252.321 1.26667 
10 10 0 1 219.051 -76.344 1.26667 
10 10 6.5 1 213.894 274.162 1.26667 
0 10 0 1 137.592 47.6921 1.26667 
0 10 6.5 1 137.334 221.248 1.26667 
0 5 10 1 252.432 291.852 1.26667 
10 5 10 1 396.792 392.878 1.26667 
0 6 0 1 233.683 59.5828 1.26667 
0 8 0 1 188.075 50.7554 1.26667 
0 8 5 1 185.772 181.423 1.26667 
0 6 5 1 232.835 185.301 1.26667 
0 2 2.5 1 315.399 128.299 1.26667 
0 4 2.5 1 277.958 123.562 1.26667 
0 4 5 1 273.775 184.161 1.26667 
0 2 5 1 315.104 185.015 1.26667 
0.5 0.5 -0.5 1 357.935 59.4124 1.26667 
0.5 0.5 6 1 346.355 206.521 1.26667 
10.5 0.5 -0.5 1 593.229 -22.1473 1.26667 
10.5 0.5 6 1 550.865 236.206 1.26667 
10.5 10.5 -0.5 1 197.85 -133.045 1.26667 
10.5 10.5 6 1 196.237 255.792 1.26667 
0.5 10.5 -0.5 1 122.109 25.5168 1.26667 
0.5 10.5 6 1 127.798 209.106 1.26667 
0.5 5.5 9.5 1 244.554 285.217 1.26667 
10.5 5.5 9.5 1 391.151 386.736 1.26667 
0.5 6.5 -0.5 1 226.049 39.1707 1.26667 
0.5 8.5 -0.5 1 177.464 36.3256 1.26667 
0.5 8.5 4.5 1 176.237 169.855 1.26667 
0.5 6.5 4.5 1 227.267 167.753 1.26667 
0.5 2.5 2 1 311.016 119.091 1.26667 
0.5 4.5 2 1 271.053 110.611 1.26667 
0.5 4.5 4.5 1 269.629 174.317 1.26667 
0.5 2.5 4.5 1 309.694 173.529 1.26667 
