0 0 0 1 431.463 -57.4283 14.3001 
0 0 6.5 1 418.733 180.446 14.3001 
10 0 0 1 95.2646 -19.9995 14.3001 
10 0 6.5 1 113.728 186.715 14.3001 
10 10 0 1 201.834 51.3569 14.3001 
10 10 6.5 1 206.303 177.235 14.3001 
0 10 0 1 398.823 36.2119 14.3001 
0 10 6.5 1 396.522 173.432 14.3001 
0 5 10 1 398.666 262.038 14.3001 
10 5 10 1 175.957 258.493 14.3001 
0 6 0 1 408.689 9.19546 14.3001 
0 8 0 1 402.61 25.455 14.3001 
0 8 5 1 399.445 143.44 14.3001 
0 6 5 1 400.36 138.816 14.3001 
0 2 2.5 1 416.356 55.9303 14.3001 
0 4 2.5 1 410.818 66.6453 14.3001 
0 4 5 1 409.204 138.8 14.3001 
0 2 5 1 414.194 137.345 14.3001 
0.5 0.5 -0.5 1 412.008 -70.0765 14.3001 
0.5 0.5 6 1 402.667 165.462 14.3001 
10.5 0.5 -0.5 1 90.6916 -32.0833 14.3001 
10.5 0.5 6 1 104.992 169.249 14.3001 
10.5 10.5 -0.5 1 196.577 44.7436 14.3001 
10.5 10.5 6 1 200.016 166.922 14.3001 
0.5 10.5 -0.5 1 386.313 28.1013 14.3001 
0.5 10.5 6 1 380.702 162.848 14.3001 
0.5 5.5 9.5 1 385.127 249.725 14.3001 
10.5 5.5 9.5 1 169.736 242.598 14.3001 
0.5 6.5 -0.5 1 393.984 1.23878 14.3001 
0.5 8.5 -0.5 1 391.009 17.0286 14.3001 
0.5 8.5 4.5 1 383.307 131.968 14.3001 
0.5 6.5 4.5 1 389.571 130.716 14.3001 
0.5 2.5 2 1 398.898 43.0167 14.3001 
0.5 4.5 2 1 393.97 55.6377 14.3001 
0.5 4.5 4.5 1 391.503 127.134 14.3001 
0.5 2.5 4.5 1 399.447 124.721 14.3001 
