0 0 0 1 434.264 30.5371 13.3001 
0 0 6.5 1 403.342 290.26 13.3001 
10 0 0 1 137.734 62.4577 13.3001 
10 0 6.5 1 130.686 243.518 13.3001 
10 10 0 1 274.932 117.729 13.3001 
10 10 6.5 1 263.971 233.64 13.3001 
0 10 0 1 478.618 110.738 13.3001 
0 10 6.5 1 458.11 261.029 13.3001 
0 5 10 1 423.116 363.791 13.3001 
10 5 10 1 206.22 314.25 13.3001 
0 6 0 1 465.129 90.4436 13.3001 
0 8 0 1 472.768 99.588 13.3001 
0 8 5 1 456.476 225.145 13.3001 
0 6 5 1 450.078 230.672 13.3001 
0 2 2.5 1 435.014 147.992 13.3001 
0 4 2.5 1 445.361 150.95 13.3001 
0 4 5 1 437.524 230.342 13.3001 
0 2 5 1 426.932 230.901 13.3001 
0.5 0.5 -0.5 1 421.16 21.0529 13.3001 
0.5 0.5 6 1 391.994 270.06 13.3001 
10.5 0.5 -0.5 1 137.932 53.6928 13.3001 
10.5 0.5 6 1 132.454 233.097 13.3001 
10.5 10.5 -0.5 1 272.462 106.392 13.3001 
10.5 10.5 6 1 264.885 227.106 13.3001 
0.5 10.5 -0.5 1 464.489 100.799 13.3001 
0.5 10.5 6 1 448.703 244.973 13.3001 
0.5 5.5 9.5 1 417.987 345.037 13.3001 
10.5 5.5 9.5 1 208.586 300.133 13.3001 
0.5 6.5 -0.5 1 454.835 80.172 13.3001 
0.5 8.5 -0.5 1 462.496 90.2549 13.3001 
0.5 8.5 4.5 1 445.888 210.348 13.3001 
0.5 6.5 4.5 1 436.486 213.819 13.3001 
0.5 2.5 2 1 423.617 130.861 13.3001 
0.5 4.5 2 1 436.529 137.6 13.3001 
0.5 4.5 4.5 1 427.195 214.53 13.3001 
0.5 2.5 4.5 1 415.067 214.139 13.3001 
