0 0 0 1 368.884 31.1489 12.3001 
0 0 6.5 1 341.661 318.693 12.3001 
10 0 0 1 152.025 119.334 12.3001 
10 0 6.5 1 133.508 285.794 12.3001 
10 10 0 1 318.713 174.525 12.3001 
10 10 6.5 1 307.105 296.586 12.3001 
0 10 0 1 523.863 148.731 12.3001 
0 10 6.5 1 512.523 320.784 12.3001 
0 5 10 1 439.576 442.091 12.3001 
10 5 10 1 225.89 369.437 12.3001 
0 6 0 1 478.915 114.547 12.3001 
0 8 0 1 502.498 130.091 12.3001 
0 8 5 1 493.15 276.378 12.3001 
0 6 5 1 467.466 272.981 12.3001 
0 2 2.5 1 410.72 159.274 12.3001 
0 4 2.5 1 442.164 179.258 12.3001 
0 4 5 1 434.486 266.874 12.3001 
0 2 5 1 396.768 262.192 12.3001 
0.5 0.5 -0.5 1 366.266 29.2596 12.3001 
0.5 0.5 6 1 342.407 292.383 12.3001 
10.5 0.5 -0.5 1 160.387 111.003 12.3001 
10.5 0.5 6 1 141.514 271.493 12.3001 
10.5 10.5 -0.5 1 317.624 169.065 12.3001 
10.5 10.5 6 1 309.28 287.339 12.3001 
0.5 10.5 -0.5 1 517.94 138.902 12.3001 
0.5 10.5 6 1 506.208 309.713 12.3001 
0.5 5.5 9.5 1 432.769 415.989 12.3001 
10.5 5.5 9.5 1 227.11 355.171 12.3001 
0.5 6.5 -0.5 1 470.446 105.465 12.3001 
0.5 8.5 -0.5 1 494.796 123.925 12.3001 
0.5 8.5 4.5 1 485.185 260.816 12.3001 
0.5 6.5 4.5 1 460.324 257.56 12.3001 
0.5 2.5 2 1 399.718 150.735 12.3001 
0.5 4.5 2 1 431.696 169.502 12.3001 
0.5 4.5 4.5 1 429.003 248.283 12.3001 
0.5 2.5 4.5 1 393.935 242.508 12.3001 
