0 0 0 1 404.215 9.32408 12.6001 
0 0 6.5 1 370.356 286.921 12.6001 
10 0 0 1 150.659 79.354 12.6001 
10 0 6.5 1 138.04 252.982 12.6001 
10 10 0 1 309.994 142.376 12.6001 
10 10 6.5 1 296.806 267.551 12.6001 
0 10 0 1 517.959 122.745 12.6001 
0 10 6.5 1 500.853 293.794 12.6001 
0 5 10 1 438.908 400.056 12.6001 
10 5 10 1 222.416 335.233 12.6001 
0 6 0 1 486.511 89.8779 12.6001 
0 8 0 1 501.731 110.249 12.6001 
0 8 5 1 489.699 244.491 12.6001 
0 6 5 1 471.465 241.964 12.6001 
0 2 2.5 1 424.204 135.006 12.6001 
0 4 2.5 1 453.869 151.75 12.6001 
0 4 5 1 444.195 240.137 12.6001 
0 2 5 1 416.95 232.353 12.6001 
0.5 0.5 -0.5 1 392.776 0.165678 12.6001 
0.5 0.5 6 1 365.381 265.272 12.6001 
10.5 0.5 -0.5 1 155.18 76.4457 12.6001 
10.5 0.5 6 1 136.427 238.138 12.6001 
10.5 10.5 -0.5 1 310.698 140.738 12.6001 
10.5 10.5 6 1 297.88 257.617 12.6001 
0.5 10.5 -0.5 1 507.886 115.713 12.6001 
0.5 10.5 6 1 493.145 276.158 12.6001 
0.5 5.5 9.5 1 432.809 377.844 12.6001 
10.5 5.5 9.5 1 222.528 325.434 12.6001 
0.5 6.5 -0.5 1 472.032 83.6125 12.6001 
0.5 8.5 -0.5 1 490.197 98.8921 12.6001 
0.5 8.5 4.5 1 476.45 236.017 12.6001 
0.5 6.5 4.5 1 458.447 229.127 12.6001 
0.5 2.5 2 1 415.125 123.399 12.6001 
0.5 4.5 2 1 443.572 143.569 12.6001 
0.5 4.5 4.5 1 436.45 220.028 12.6001 
0.5 2.5 4.5 1 408.121 214.672 12.6001 
