0 0 0 1 373.313 196.091 18.0667 
0 0 6.5 1 367.272 362.343 18.0667 
10 0 0 1 220.388 81.8179 18.0667 
10 0 6.5 1 195.028 376.091 18.0667 
10 10 0 1 -1.73861 149.154 18.0667 
10 10 6.5 1 -30.4651 337.232 18.0667 
0 10 0 1 190.523 213.419 18.0667 
0 10 6.5 1 177.833 340.092 18.0667 
0 5 10 1 254.539 430.575 18.0667 
10 5 10 1 36.1008 495.088 18.0667 
0 6 0 1 254.991 207.824 18.0667 
0 8 0 1 220.811 208.075 18.0667 
0 8 5 1 209.716 312.302 18.0667 
0 6 5 1 243.293 312.344 18.0667 
0 2 2.5 1 327.973 257.268 18.0667 
0 4 2.5 1 284.041 257.943 18.0667 
0 4 5 1 282.045 318.186 18.0667 
0 2 5 1 325.624 322.09 18.0667 
0.5 0.5 -0.5 1 356.126 184.533 18.0667 
0.5 0.5 6 1 350.138 345.471 18.0667 
10.5 0.5 -0.5 1 192.344 54.4802 18.0667 
10.5 0.5 6 1 161.623 352.698 18.0667 
10.5 10.5 -0.5 1 -23.1578 134.617 18.0667 
10.5 10.5 6 1 -57.4122 320.017 18.0667 
0.5 10.5 -0.5 1 178.09 203.74 18.0667 
0.5 10.5 6 1 164.171 329.889 18.0667 
0.5 5.5 9.5 1 240.515 421.656 18.0667 
10.5 5.5 9.5 1 10.4174 473.247 18.0667 
0.5 6.5 -0.5 1 239.949 199.265 18.0667 
0.5 8.5 -0.5 1 207.1 200.752 18.0667 
0.5 8.5 4.5 1 199.032 301.784 18.0667 
0.5 6.5 4.5 1 232.337 302.994 18.0667 
0.5 2.5 2 1 311.563 247.316 18.0667 
0.5 4.5 2 1 267.776 247.649 18.0667 
0.5 4.5 4.5 1 266.222 303.678 18.0667 
0.5 2.5 4.5 1 306.509 304.609 18.0667 
