0 0 0 1 -67.0388 43.6826 8.96667 
0 0 6.5 1 -30.2176 289.88 8.96667 
10 0 0 1 142.275 113.095 8.96667 
10 0 6.5 1 154.153 251.155 8.96667 
10 10 0 1 362.779 72.7795 8.96667 
10 10 6.5 1 373.998 235.555 8.96667 
0 10 0 1 314.498 -62.6794 8.96667 
0 10 6.5 1 340.256 275.332 8.96667 
0 5 10 1 143.695 425.13 8.96667 
10 5 10 1 266.231 320.902 8.96667 
0 6 0 1 134.486 -10.1883 8.96667 
0 8 0 1 215.839 -37.0272 8.96667 
0 8 5 1 237.539 206.665 8.96667 
0 6 5 1 153.979 216.999 8.96667 
0 2 2.5 1 7.03567 130.335 8.96667 
0 4 2.5 1 70.4136 118.021 8.96667 
0 4 5 1 84.6234 222.426 8.96667 
0 2 5 1 20.7006 231.947 8.96667 
0.5 0.5 -0.5 1 -38.2677 24.3423 8.96667 
0.5 0.5 6 1 -2.0712 269.14 8.96667 
10.5 0.5 -0.5 1 156.644 101.063 8.96667 
10.5 0.5 6 1 171.41 237.301 8.96667 
10.5 10.5 -0.5 1 373.838 63.4732 8.96667 
10.5 10.5 6 1 383.773 222.497 8.96667 
0.5 10.5 -0.5 1 342.723 -84.3377 8.96667 
0.5 10.5 6 1 366.605 246.206 8.96667 
0.5 5.5 9.5 1 171.226 400.021 8.96667 
10.5 5.5 9.5 1 276.356 305.87 8.96667 
0.5 6.5 -0.5 1 162.582 -33.5188 8.96667 
0.5 8.5 -0.5 1 249.27 -55.5732 8.96667 
0.5 8.5 4.5 1 265.969 183.62 8.96667 
0.5 6.5 4.5 1 183.893 193.878 8.96667 
0.5 2.5 2 1 33.374 109.709 8.96667 
0.5 4.5 2 1 101.303 97.8496 8.96667 
0.5 4.5 4.5 1 112.975 200.706 8.96667 
0.5 2.5 4.5 1 48.047 208.012 8.96667 
