0 0 0 1 27.3677 53.8034 7.13333 
0 0 6.5 1 29.4741 216.042 7.13333 
10 0 0 1 235.619 95.9676 7.13333 
10 0 6.5 1 227.657 218.877 7.13333 
10 10 0 1 395.206 62.9612 7.13333 
10 10 6.5 1 378.92 244.949 7.13333 
0 10 0 1 128.287 -30.4078 7.13333 
0 10 6.5 1 121.035 252.141 7.13333 
0 5 10 1 64.8833 332.394 7.13333 
10 5 10 1 283.813 302.099 7.13333 
0 6 0 1 76.3854 13.1209 7.13333 
0 8 0 1 96.7414 -8.18998 7.13333 
0 8 5 1 98.0674 189.108 7.13333 
0 6 5 1 75.6851 183.911 7.13333 
0 2 2.5 1 40.5834 113.359 7.13333 
0 4 2.5 1 56.479 105.909 7.13333 
0 4 5 1 55.864 184.256 7.13333 
0 2 5 1 37.8891 181.304 7.13333 
0.5 0.5 -0.5 1 44.5781 38.1846 7.13333 
0.5 0.5 6 1 45.8009 206.77 7.13333 
10.5 0.5 -0.5 1 249.042 83.876 7.13333 
10.5 0.5 6 1 242.115 209.973 7.13333 
10.5 10.5 -0.5 1 418.354 52.2136 7.13333 
10.5 10.5 6 1 399.542 235.135 7.13333 
0.5 10.5 -0.5 1 162.328 -55.9891 7.13333 
0.5 10.5 6 1 156.299 235.83 7.13333 
0.5 5.5 9.5 1 82.6538 318.777 7.13333 
10.5 5.5 9.5 1 300.81 292.374 7.13333 
0.5 6.5 -0.5 1 99.3887 -5.0925 7.13333 
0.5 8.5 -0.5 1 123.485 -28.0448 7.13333 
0.5 8.5 4.5 1 119.954 171.574 7.13333 
0.5 6.5 4.5 1 94.4713 170.241 7.13333 
0.5 2.5 2 1 60.7077 98.4273 7.13333 
0.5 4.5 2 1 71.7194 93.9837 7.13333 
0.5 4.5 4.5 1 75.7653 167.425 7.13333 
0.5 2.5 4.5 1 61.4435 173.304 7.13333 
