0 0 0 1 177.946 245.038 4.83333 
0 0 6.5 1 170.879 363.997 4.83333 
10 0 0 1 356.821 244.87 4.83333 
10 0 6.5 1 359.243 367.162 4.83333 
10 10 0 1 404.511 180.904 4.83333 
10 10 6.5 1 415.606 380.99 4.83333 
0 10 0 1 116.133 182.067 4.83333 
0 10 6.5 1 97.7863 376.985 4.83333 
0 5 10 1 137.454 457.628 4.83333 
10 5 10 1 385.39 462.691 4.83333 
0 6 0 1 148.35 216.719 4.83333 
0 8 0 1 132.685 200.935 4.83333 
0 8 5 1 121.93 332.085 4.83333 
0 6 5 1 139.378 333.519 4.83333 
0 2 2.5 1 163.181 285.029 4.83333 
0 4 2.5 1 155.321 279.314 4.83333 
0 4 5 1 154.366 334.568 4.83333 
0 2 5 1 159.792 337.416 4.83333 
0.5 0.5 -0.5 1 185.011 236.452 4.83333 
0.5 0.5 6 1 178.834 356.474 4.83333 
10.5 0.5 -0.5 1 367.509 234.772 4.83333 
10.5 0.5 6 1 370.101 355.125 4.83333 
10.5 10.5 -0.5 1 420.928 160.916 4.83333 
10.5 10.5 6 1 437.263 367.368 4.83333 
0.5 10.5 -0.5 1 123.305 164.23 4.83333 
0.5 10.5 6 1 109.092 361.725 4.83333 
0.5 5.5 9.5 1 149.239 448.378 4.83333 
10.5 5.5 9.5 1 398.208 451.444 4.83333 
0.5 6.5 -0.5 1 153.914 203.667 4.83333 
0.5 8.5 -0.5 1 140.378 183.545 4.83333 
0.5 8.5 4.5 1 130.281 317.009 4.83333 
0.5 6.5 4.5 1 149.209 323.956 4.83333 
0.5 2.5 2 1 173.044 276.228 4.83333 
0.5 4.5 2 1 164.7 269.972 4.83333 
0.5 4.5 4.5 1 159.661 324.352 4.83333 
0.5 2.5 4.5 1 171.08 324.635 4.83333 
