0 0 0 1 369.157 66.8963 1.03333 
0 0 6.5 1 355.283 213.478 1.03333 
10 0 0 1 588.767 -9.91471 1.03333 
10 0 6.5 1 545.795 249.786 1.03333 
10 10 0 1 185.509 -106.601 1.03333 
10 10 6.5 1 174.523 250.149 1.03333 
0 10 0 1 139.639 40.0087 1.03333 
0 10 6.5 1 138.747 208.152 1.03333 
0 5 10 1 252.776 289.499 1.03333 
10 5 10 1 374.175 385.859 1.03333 
0 6 0 1 240.953 53.0937 1.03333 
0 8 0 1 191.9 46.6906 1.03333 
0 8 5 1 187.687 174.229 1.03333 
0 6 5 1 238.066 174.852 1.03333 
0 2 2.5 1 323.271 123.447 1.03333 
0 4 2.5 1 281.911 117.799 1.03333 
0 4 5 1 277.399 175.748 1.03333 
0 2 5 1 321.715 179.799 1.03333 
0.5 0.5 -0.5 1 364.778 57.3931 1.03333 
0.5 0.5 6 1 349.826 203.461 1.03333 
10.5 0.5 -0.5 1 595.57 -43.9797 1.03333 
10.5 0.5 6 1 550.099 232.825 1.03333 
10.5 10.5 -0.5 1 159.943 -164.035 1.03333 
10.5 10.5 6 1 155.972 229.567 1.03333 
0.5 10.5 -0.5 1 128.393 19.1695 1.03333 
0.5 10.5 6 1 124.945 200.152 1.03333 
0.5 5.5 9.5 1 245.863 279.725 1.03333 
10.5 5.5 9.5 1 370.574 377.899 1.03333 
0.5 6.5 -0.5 1 234.658 32.7459 1.03333 
0.5 8.5 -0.5 1 184.716 27.952 1.03333 
0.5 8.5 4.5 1 179.181 160.955 1.03333 
0.5 6.5 4.5 1 229.951 162.197 1.03333 
0.5 2.5 2 1 321.052 108.784 1.03333 
0.5 4.5 2 1 276.356 106.62 1.03333 
0.5 4.5 4.5 1 273.743 166.72 1.03333 
0.5 2.5 4.5 1 315.876 168.589 1.03333 
