0 0 0 1 244.404 224.114 3.6 
0 0 6.5 1 255.17 343.093 3.6 
10 0 0 1 431.073 193.981 3.6 
10 0 6.5 1 450.115 329.647 3.6 
10 10 0 1 403.614 137.135 3.6 
10 10 6.5 1 428.073 373.299 3.6 
0 10 0 1 122.824 196.564 3.6 
0 10 6.5 1 134.001 373.127 3.6 
0 5 10 1 214.417 431.39 3.6 
10 5 10 1 455.355 443.693 3.6 
0 6 0 1 182.458 210.452 3.6 
0 8 0 1 157.531 202.058 3.6 
0 8 5 1 163.448 328.571 3.6 
0 6 5 1 193.866 323.866 3.6 
0 2 2.5 1 232.863 269.133 3.6 
0 4 2.5 1 211.732 266.288 3.6 
0 4 5 1 214.844 319.558 3.6 
0 2 5 1 234.49 314.613 3.6 
0.5 0.5 -0.5 1 245.88 213.221 3.6 
0.5 0.5 6 1 257.817 331.75 3.6 
10.5 0.5 -0.5 1 442.298 177.212 3.6 
10.5 0.5 6 1 459.725 318.796 3.6 
10.5 10.5 -0.5 1 417.521 109.502 3.6 
10.5 10.5 6 1 443.34 356.283 3.6 
0.5 10.5 -0.5 1 126.324 174.833 3.6 
0.5 10.5 6 1 137.307 364.049 3.6 
0.5 5.5 9.5 1 218.441 423.082 3.6 
10.5 5.5 9.5 1 465.062 434.984 3.6 
0.5 6.5 -0.5 1 186.421 197.574 3.6 
0.5 8.5 -0.5 1 157.024 187.324 3.6 
0.5 8.5 4.5 1 166.941 316.288 3.6 
0.5 6.5 4.5 1 193.896 312.027 3.6 
0.5 2.5 2 1 232.784 256.989 3.6 
0.5 4.5 2 1 214.504 256.596 3.6 
0.5 4.5 4.5 1 217.703 308.404 3.6 
0.5 2.5 4.5 1 238.137 306.595 3.6 
