0 0 0 1 430.186 24.2233 13.1334 
0 0 6.5 1 398.404 292.661 13.1334 
10 0 0 1 141.82 64.7447 13.1334 
10 0 6.5 1 132.378 243.072 13.1334 
10 10 0 1 284.649 121.48 13.1334 
10 10 6.5 1 274.825 239.337 13.1334 
0 10 0 1 490.613 112.872 13.1334 
0 10 6.5 1 470.722 268.421 13.1334 
0 5 10 1 431.422 375.995 13.1334 
10 5 10 1 210.02 314.791 13.1334 
0 6 0 1 471.482 91.1704 13.1334 
0 8 0 1 481.092 102.288 13.1334 
0 8 5 1 463.697 233.961 13.1334 
0 6 5 1 454.675 234.621 13.1334 
0 2 2.5 1 436.598 145.595 13.1334 
0 4 2.5 1 450.826 155.422 13.1334 
0 4 5 1 438.141 232.771 13.1334 
0 2 5 1 422.711 233.329 13.1334 
0.5 0.5 -0.5 1 418.989 14.6549 13.1334 
0.5 0.5 6 1 390.584 266.123 13.1334 
10.5 0.5 -0.5 1 147.313 57.9248 13.1334 
10.5 0.5 6 1 133.18 231.217 13.1334 
10.5 10.5 -0.5 1 282.962 113.824 13.1334 
10.5 10.5 6 1 271.426 230.542 13.1334 
0.5 10.5 -0.5 1 480.322 104.096 13.1334 
0.5 10.5 6 1 453.803 250.687 13.1334 
0.5 5.5 9.5 1 420.069 353.218 13.1334 
10.5 5.5 9.5 1 210.289 302.368 13.1334 
0.5 6.5 -0.5 1 461.569 81.4769 13.1334 
0.5 8.5 -0.5 1 469.103 93.2874 13.1334 
0.5 8.5 4.5 1 454.441 217.947 13.1334 
0.5 6.5 4.5 1 444.381 218.475 13.1334 
0.5 2.5 2 1 427.347 131.809 13.1334 
0.5 4.5 2 1 436.886 140.82 13.1334 
0.5 4.5 4.5 1 432.889 219.488 13.1334 
0.5 2.5 4.5 1 416.009 216.157 13.1334 
