0 0 0 1 378.855 174.899 18.2667 
0 0 6.5 1 369.875 334.65 18.2667 
10 0 0 1 251.932 38.5272 18.2667 
10 0 6.5 1 223.274 339.325 18.2667 
10 10 0 1 -4.11416 106.119 18.2667 
10 10 6.5 1 -39.0376 304.052 18.2667 
0 10 0 1 187.457 185.89 18.2667 
0 10 6.5 1 175.368 314.877 18.2667 
0 5 10 1 251.045 402.856 18.2667 
10 5 10 1 47.4001 458.246 18.2667 
0 6 0 1 252.512 184.704 18.2667 
0 8 0 1 216.028 182.168 18.2667 
0 8 5 1 207.191 284.774 18.2667 
0 6 5 1 241.339 286.442 18.2667 
0 2 2.5 1 325.254 231.283 18.2667 
0 4 2.5 1 283.988 236.579 18.2667 
0 4 5 1 278.847 291.426 18.2667 
0 2 5 1 323.905 293.9 18.2667 
0.5 0.5 -0.5 1 362.672 156.512 18.2667 
0.5 0.5 6 1 354.871 317.493 18.2667 
10.5 0.5 -0.5 1 219.427 10.5545 18.2667 
10.5 0.5 6 1 192.253 308.592 18.2667 
10.5 10.5 -0.5 1 -31.7676 89.7703 18.2667 
10.5 10.5 6 1 -58.0013 288.168 18.2667 
0.5 10.5 -0.5 1 170.804 178.972 18.2667 
0.5 10.5 6 1 159.798 303.918 18.2667 
0.5 5.5 9.5 1 236.979 390.782 18.2667 
10.5 5.5 9.5 1 22.3742 437.615 18.2667 
0.5 6.5 -0.5 1 238.436 170.903 18.2667 
0.5 8.5 -0.5 1 204.789 173.661 18.2667 
0.5 8.5 4.5 1 193.289 271.754 18.2667 
0.5 6.5 4.5 1 230.214 276.631 18.2667 
0.5 2.5 2 1 314.07 220.646 18.2667 
0.5 4.5 2 1 273.457 221.475 18.2667 
0.5 4.5 4.5 1 264.583 276.51 18.2667 
0.5 2.5 4.5 1 311.181 277.725 18.2667 
