0 0 0 1 -52.685 92.0976 9.23334 
0 0 6.5 1 -15.8443 350.141 9.23334 
10 0 0 1 138.845 154.922 9.23334 
10 0 6.5 1 157.65 294.26 9.23334 
10 10 0 1 362.547 119.908 9.23334 
10 10 6.5 1 376.067 279.095 9.23334 
0 10 0 1 360.724 7.3234 9.23334 
0 10 6.5 1 384.598 327.359 9.23334 
0 5 10 1 180.111 487.84 9.23334 
10 5 10 1 266.351 363.846 9.23334 
0 6 0 1 174.19 43.3281 9.23334 
0 8 0 1 262.519 26.1333 9.23334 
0 8 5 1 285.965 265.983 9.23334 
0 6 5 1 197.712 270.561 9.23334 
0 2 2.5 1 29.5561 182.936 9.23334 
0 4 2.5 1 102.215 171.914 9.23334 
0 4 5 1 116.359 280.015 9.23334 
0 2 5 1 43.2217 285.352 9.23334 
0.5 0.5 -0.5 1 -19.1855 75.3893 9.23334 
0.5 0.5 6 1 11.1384 325.911 9.23334 
10.5 0.5 -0.5 1 153.399 141.969 9.23334 
10.5 0.5 6 1 167.276 280.772 9.23334 
10.5 10.5 -0.5 1 372.517 108.772 9.23334 
10.5 10.5 6 1 388.857 264.028 9.23334 
0.5 10.5 -0.5 1 384.49 -14.9095 9.23334 
0.5 10.5 6 1 408.889 302.697 9.23334 
0.5 5.5 9.5 1 203.659 457.74 9.23334 
10.5 5.5 9.5 1 278.487 350.885 9.23334 
0.5 6.5 -0.5 1 200.584 29.8147 9.23334 
0.5 8.5 -0.5 1 285.71 9.74607 9.23334 
0.5 8.5 4.5 1 306.576 240.003 9.23334 
0.5 6.5 4.5 1 222.824 245.473 9.23334 
0.5 2.5 2 1 60.4308 162.376 9.23334 
0.5 4.5 2 1 133.985 152.024 9.23334 
0.5 4.5 4.5 1 144.789 258.18 9.23334 
0.5 2.5 4.5 1 71.1812 259.325 9.23334 
