0 0 0 1 411.727 -32.653 14.7334 
0 0 6.5 1 410.738 190.691 14.7334 
10 0 0 1 82.6281 0.672011 14.7334 
10 0 6.5 1 104.899 206.452 14.7334 
10 10 0 1 167.192 71.6612 14.7334 
10 10 6.5 1 176.444 197.918 14.7334 
0 10 0 1 360.588 57.2357 14.7334 
0 10 6.5 1 361.74 184.309 14.7334 
0 5 10 1 382.188 268.276 14.7334 
10 5 10 1 155.542 279.258 14.7334 
0 6 0 1 373.143 33.2763 14.7334 
0 8 0 1 367.342 47.7175 14.7334 
0 8 5 1 367.84 156.373 14.7334 
0 6 5 1 377.144 155.909 14.7334 
0 2 2.5 1 396.686 71.7955 14.7334 
0 4 2.5 1 383.963 85.2081 14.7334 
0 4 5 1 383.982 151.243 14.7334 
0 2 5 1 399.673 149.855 14.7334 
0.5 0.5 -0.5 1 390.858 -38.0266 14.7334 
0.5 0.5 6 1 394.113 176.428 14.7334 
10.5 0.5 -0.5 1 71.0791 -8.82527 14.7334 
10.5 0.5 6 1 92.47 194.437 14.7334 
10.5 10.5 -0.5 1 158.898 66.0307 14.7334 
10.5 10.5 6 1 169.938 187.998 14.7334 
0.5 10.5 -0.5 1 347.735 48.2387 14.7334 
0.5 10.5 6 1 349.06 175.455 14.7334 
0.5 5.5 9.5 1 367.376 257.567 14.7334 
10.5 5.5 9.5 1 145.855 269.431 14.7334 
0.5 6.5 -0.5 1 358.854 26.0339 14.7334 
0.5 8.5 -0.5 1 352.34 40.6373 14.7334 
0.5 8.5 4.5 1 358.51 145.632 14.7334 
0.5 6.5 4.5 1 364.096 140.449 14.7334 
0.5 2.5 2 1 377.152 63.1162 14.7334 
0.5 4.5 2 1 369.55 74.4774 14.7334 
0.5 4.5 4.5 1 369.669 140.863 14.7334 
0.5 2.5 4.5 1 380.861 137.251 14.7334 
