0 0 0 1 380.028 71.6035 0.7 
0 0 6.5 1 364.713 217.363 0.7 
10 0 0 1 581.184 -34.8095 0.7 
10 0 6.5 1 539.063 243.132 0.7 
10 10 0 1 137.362 -135.499 0.7 
10 10 6.5 1 122.465 218.495 0.7 
0 10 0 1 147.113 35.0455 0.7 
0 10 6.5 1 139.6 202.347 0.7 
0 5 10 1 254.654 287.012 0.7 
10 5 10 1 338.416 378.268 0.7 
0 6 0 1 248.033 50.4966 0.7 
0 8 0 1 200.059 45.0149 0.7 
0 8 5 1 190.919 170.784 0.7 
0 6 5 1 240.283 175.252 0.7 
0 2 2.5 1 332.465 127.134 0.7 
0 4 2.5 1 288.02 118.473 0.7 
0 4 5 1 284.989 181.569 0.7 
0 2 5 1 326.995 181.952 0.7 
0.5 0.5 -0.5 1 376.98 54.6394 0.7 
0.5 0.5 6 1 360.876 206.397 0.7 
10.5 0.5 -0.5 1 586.47 -73.2364 0.7 
10.5 0.5 6 1 542.737 222.59 0.7 
10.5 10.5 -0.5 1 109.893 -188.842 0.7 
10.5 10.5 6 1 97.5846 194.492 0.7 
0.5 10.5 -0.5 1 136.019 16.3363 0.7 
0.5 10.5 6 1 125.702 188.102 0.7 
0.5 5.5 9.5 1 242.63 278.978 0.7 
10.5 5.5 9.5 1 328.087 369.969 0.7 
0.5 6.5 -0.5 1 238.085 34.7197 0.7 
0.5 8.5 -0.5 1 188.272 25.4936 0.7 
0.5 8.5 4.5 1 181.834 154.298 0.7 
0.5 6.5 4.5 1 230.661 160.337 0.7 
0.5 2.5 2 1 325.837 106.625 0.7 
0.5 4.5 2 1 280.307 104.104 0.7 
0.5 4.5 4.5 1 274.909 163.825 0.7 
0.5 2.5 4.5 1 319.186 169.366 0.7 
