0 0 0 1 263.433 180.544 3.2 
0 0 6.5 1 272.696 296.346 3.2 
10 0 0 1 453.998 138.301 3.2 
10 0 6.5 1 470.808 288.095 3.2 
10 10 0 1 386.651 71.1047 3.2 
10 10 6.5 1 415.998 327.351 3.2 
0 10 0 1 118.764 153.809 3.2 
0 10 6.5 1 137.029 329.507 3.2 
0 5 10 1 225.489 383.701 3.2 
10 5 10 1 460.878 405.749 3.2 
0 6 0 1 191.959 166.658 3.2 
0 8 0 1 159.023 157.373 3.2 
0 8 5 1 170.588 282.439 3.2 
0 6 5 1 202.843 281.466 3.2 
0 2 2.5 1 245.636 224.272 3.2 
0 4 2.5 1 223.155 222.573 3.2 
0 4 5 1 227.947 274.47 3.2 
0 2 5 1 250.419 271.595 3.2 
0.5 0.5 -0.5 1 260.697 169.418 3.2 
0.5 0.5 6 1 274.687 285.472 3.2 
10.5 0.5 -0.5 1 464.857 123.279 3.2 
10.5 0.5 6 1 478.626 273.171 3.2 
10.5 10.5 -0.5 1 400.764 38.0094 3.2 
10.5 10.5 6 1 429.293 309.355 3.2 
0.5 10.5 -0.5 1 119.808 132.696 3.2 
0.5 10.5 6 1 138.084 315.303 3.2 
0.5 5.5 9.5 1 230.371 375.044 3.2 
10.5 5.5 9.5 1 471.579 393.797 3.2 
0.5 6.5 -0.5 1 192.152 149.161 3.2 
0.5 8.5 -0.5 1 159.118 143.663 3.2 
0.5 8.5 4.5 1 167.548 269.093 3.2 
0.5 6.5 4.5 1 200.995 267.801 3.2 
0.5 2.5 2 1 246.876 213.732 3.2 
0.5 4.5 2 1 224.15 209.806 3.2 
0.5 4.5 4.5 1 228.662 263.044 3.2 
0.5 2.5 4.5 1 252.964 262.09 3.2 
