0 0 0 1 159.43 250.286 5.06666 
0 0 6.5 1 153.254 370.366 5.06666 
10 0 0 1 338.367 256.707 5.06666 
10 0 6.5 1 340.463 377.335 5.06666 
10 10 0 1 401.67 203.283 5.06666 
10 10 6.5 1 410.335 398.976 5.06666 
0 10 0 1 108.87 193.776 5.06666 
0 10 6.5 1 91.9678 388.905 5.06666 
0 5 10 1 123.623 465.896 5.06666 
10 5 10 1 366.55 474.843 5.06666 
0 6 0 1 134.359 222.203 5.06666 
0 8 0 1 125.024 209.571 5.06666 
0 8 5 1 114.522 340.44 5.06666 
0 6 5 1 127.223 342.915 5.06666 
0 2 2.5 1 151.396 289.616 5.06666 
0 4 2.5 1 141.049 288.622 5.06666 
0 4 5 1 139.739 339.228 5.06666 
0 2 5 1 145.226 341.043 5.06666 
0.5 0.5 -0.5 1 171.304 238.079 5.06666 
0.5 0.5 6 1 163.825 363.537 5.06666 
10.5 0.5 -0.5 1 354.109 247.238 5.06666 
10.5 0.5 6 1 352.413 370.597 5.06666 
10.5 10.5 -0.5 1 424.057 186.105 5.06666 
10.5 10.5 6 1 429.224 388.192 5.06666 
0.5 10.5 -0.5 1 125.245 173.652 5.06666 
0.5 10.5 6 1 105.678 377.189 5.06666 
0.5 5.5 9.5 1 133.66 460.194 5.06666 
10.5 5.5 9.5 1 381.79 465.628 5.06666 
0.5 6.5 -0.5 1 143.238 208 5.06666 
0.5 8.5 -0.5 1 136.882 192.366 5.06666 
0.5 8.5 4.5 1 122.9 328.879 5.06666 
0.5 6.5 4.5 1 137.48 330.806 5.06666 
0.5 2.5 2 1 158.955 279.884 5.06666 
0.5 4.5 2 1 151.975 273.632 5.06666 
0.5 4.5 4.5 1 148.07 330.711 5.06666 
0.5 2.5 4.5 1 154.627 330.771 5.06666 
