0 0 0 1 -41.4611 12.4077 7.93333 
0 0 6.5 1 -14.6986 214.377 7.93333 
10 0 0 1 185.52 59.3366 7.93333 
10 0 6.5 1 190.115 198.386 7.93333 
10 10 0 1 380.157 25.1555 7.93333 
10 10 6.5 1 373.058 204.998 7.93333 
0 10 0 1 177.767 -93.0627 7.93333 
0 10 6.5 1 190.309 240.971 7.93333 
0 5 10 1 74.4329 345.031 7.93333 
10 5 10 1 270.034 277.55 7.93333 
0 6 0 1 60.9179 -42.3612 7.93333 
0 8 0 1 111.518 -65.8647 7.93333 
0 8 5 1 125.685 171.988 7.93333 
0 6 5 1 79.3072 173.142 7.93333 
0 2 2.5 1 -1.76672 88.5505 7.93333 
0 4 2.5 1 29.8418 78.6955 7.93333 
0 4 5 1 39.2992 169.334 7.93333 
0 2 5 1 5.61194 169.35 7.93333 
0.5 0.5 -0.5 1 -17.3737 -4.1352 7.93333 
0.5 0.5 6 1 3.19939 197.557 7.93333 
10.5 0.5 -0.5 1 199.103 52.5987 7.93333 
10.5 0.5 6 1 205.821 186.34 7.93333 
10.5 10.5 -0.5 1 405.052 8.28069 7.93333 
10.5 10.5 6 1 392.662 191.604 7.93333 
0.5 10.5 -0.5 1 214.341 -123.451 7.93333 
0.5 10.5 6 1 220.725 216.846 7.93333 
0.5 5.5 9.5 1 97.7264 327.12 7.93333 
10.5 5.5 9.5 1 285.635 263.675 7.93333 
0.5 6.5 -0.5 1 88.9523 -60.2277 7.93333 
0.5 8.5 -0.5 1 146.105 -88.6874 7.93333 
0.5 8.5 4.5 1 155.949 149.463 7.93333 
0.5 6.5 4.5 1 107.587 153.455 7.93333 
0.5 2.5 2 1 19.2071 68.9535 7.93333 
0.5 4.5 2 1 54.7646 58.1342 7.93333 
0.5 4.5 4.5 1 63.9547 152.442 7.93333 
0.5 2.5 4.5 1 30.2268 152.629 7.93333 
