0 0 0 1 372.821 229.079 17.2001 
0 0 6.5 1 386.057 403.882 17.2001 
10 0 0 1 132.936 168.933 17.2001 
10 0 6.5 1 120.438 442.449 17.2001 
10 10 0 1 25.6321 240.029 17.2001 
10 10 6.5 1 16.0647 404.495 17.2001 
0 10 0 1 222.342 263.925 17.2001 
0 10 6.5 1 225.332 387.788 17.2001 
0 5 10 1 292.196 482.253 17.2001 
10 5 10 1 41.594 543.031 17.2001 
0 6 0 1 271.762 255.009 17.2001 
0 8 0 1 247.049 262.11 17.2001 
0 8 5 1 245.576 357.615 17.2001 
0 6 5 1 271.991 357.745 17.2001 
0 2 2.5 1 336.797 299.572 17.2001 
0 4 2.5 1 301.568 304.504 17.2001 
0 4 5 1 304.597 363.525 17.2001 
0 2 5 1 339.086 360.841 17.2001 
0.5 0.5 -0.5 1 353.634 218.015 17.2001 
0.5 0.5 6 1 363.172 389.022 17.2001 
10.5 0.5 -0.5 1 108.949 153.997 17.2001 
10.5 0.5 6 1 89.2875 418.314 17.2001 
10.5 10.5 -0.5 1 10.9439 229.449 17.2001 
10.5 10.5 6 1 -2.89888 392.273 17.2001 
0.5 10.5 -0.5 1 211.59 257.773 17.2001 
0.5 10.5 6 1 210.416 379.26 17.2001 
0.5 5.5 9.5 1 273.502 465.874 17.2001 
10.5 5.5 9.5 1 22.1103 522.954 17.2001 
0.5 6.5 -0.5 1 254.731 246.36 17.2001 
0.5 8.5 -0.5 1 230.277 250.861 17.2001 
0.5 8.5 4.5 1 230.262 347.791 17.2001 
0.5 6.5 4.5 1 255.662 348.858 17.2001 
0.5 2.5 2 1 318.276 285.535 17.2001 
0.5 4.5 2 1 284.616 292.092 17.2001 
0.5 4.5 4.5 1 286.638 347.778 17.2001 
0.5 2.5 4.5 1 321.741 348.867 17.2001 
