0 0 0 1 -37.0261 9.7715 7.89999 
0 0 6.5 1 -13.7841 216.496 7.89999 
10 0 0 1 186.215 64.716 7.89999 
10 0 6.5 1 192.842 200.741 7.89999 
10 10 0 1 382.317 28.5536 7.89999 
10 10 6.5 1 378.464 211.872 7.89999 
0 10 0 1 174.952 -92.4015 7.89999 
0 10 6.5 1 187.431 245.703 7.89999 
0 5 10 1 72.055 341.787 7.89999 
10 5 10 1 270.983 275.565 7.89999 
0 6 0 1 61.7486 -35.4474 7.89999 
0 8 0 1 115.021 -57.936 7.89999 
0 8 5 1 125.396 177.444 7.89999 
0 6 5 1 78.0653 171.656 7.89999 
0 2 2.5 1 -1.23382 91.3974 7.89999 
0 4 2.5 1 34.5634 84.4792 7.89999 
0 4 5 1 41.3965 171.076 7.89999 
0 2 5 1 8.20253 170.537 7.89999 
0.5 0.5 -0.5 1 -16.0452 0.103731 7.89999 
0.5 0.5 6 1 6.8038 200.798 7.89999 
10.5 0.5 -0.5 1 201.157 55.3902 7.89999 
10.5 0.5 6 1 204.6 190.45 7.89999 
10.5 10.5 -0.5 1 404.256 12.2798 7.89999 
10.5 10.5 6 1 393.902 194.181 7.89999 
0.5 10.5 -0.5 1 211.788 -117.176 7.89999 
0.5 10.5 6 1 215.92 223.402 7.89999 
0.5 5.5 9.5 1 93.5048 325.346 7.89999 
10.5 5.5 9.5 1 283.638 266.731 7.89999 
0.5 6.5 -0.5 1 90.4913 -55.8827 7.89999 
0.5 8.5 -0.5 1 144.036 -83.7404 7.89999 
0.5 8.5 4.5 1 154.63 151.746 7.89999 
0.5 6.5 4.5 1 104.405 156.647 7.89999 
0.5 2.5 2 1 20.3722 72.4273 7.89999 
0.5 4.5 2 1 56.4242 65.3785 7.89999 
0.5 4.5 4.5 1 61.6754 154.733 7.89999 
0.5 2.5 4.5 1 30.331 156.277 7.89999 
