0 0 0 1 389.039 136.241 18.7001 
0 0 6.5 1 370.365 295.012 18.7001 
10 0 0 1 321.534 -11.4424 18.7001 
10 0 6.5 1 292.025 305.278 18.7001 
10 10 0 1 -11.939 40.4244 18.7001 
10 10 6.5 1 -39.8836 262.457 18.7001 
0 10 0 1 176.536 143.236 18.7001 
0 10 6.5 1 162.346 275.537 18.7001 
0 5 10 1 249.741 363.363 18.7001 
10 5 10 1 79.851 424.558 18.7001 
0 6 0 1 251.389 139.994 18.7001 
0 8 0 1 212.914 140.19 18.7001 
0 8 5 1 198.768 244.805 18.7001 
0 6 5 1 240.373 248.787 18.7001 
0 2 2.5 1 331.385 197.287 18.7001 
0 4 2.5 1 287.851 198.29 18.7001 
0 4 5 1 281.308 252.613 18.7001 
0 2 5 1 326.973 255.994 18.7001 
0.5 0.5 -0.5 1 373.096 123.052 18.7001 
0.5 0.5 6 1 357.884 285.44 18.7001 
10.5 0.5 -0.5 1 294.22 -45.9975 18.7001 
10.5 0.5 6 1 260.772 277.328 18.7001 
10.5 10.5 -0.5 1 -39.9563 15.9297 18.7001 
10.5 10.5 6 1 -66.8407 243.276 18.7001 
0.5 10.5 -0.5 1 163 127.461 18.7001 
0.5 10.5 6 1 147.55 262.238 18.7001 
0.5 5.5 9.5 1 237.347 350.601 18.7001 
10.5 5.5 9.5 1 52.508 406.979 18.7001 
0.5 6.5 -0.5 1 238.596 124.98 18.7001 
0.5 8.5 -0.5 1 199.265 129.823 18.7001 
0.5 8.5 4.5 1 188.655 232.845 18.7001 
0.5 6.5 4.5 1 224.167 234.876 18.7001 
0.5 2.5 2 1 315.653 181.905 18.7001 
0.5 4.5 2 1 274.691 182.531 18.7001 
0.5 4.5 4.5 1 266.631 240.675 18.7001 
0.5 2.5 4.5 1 313.211 242.767 18.7001 
