0 0 0 1 381.192 126.779 15.9001 
0 0 6.5 1 401.048 311.365 15.9001 
10 0 0 1 86.5582 130.985 15.9001 
10 0 6.5 1 103.097 349.441 15.9001 
10 10 0 1 101.087 194.465 15.9001 
10 10 6.5 1 110.757 323.658 15.9001 
0 10 0 1 288.502 184.737 15.9001 
0 10 6.5 1 297.485 301.961 15.9001 
0 5 10 1 341.73 382.48 15.9001 
10 5 10 1 114.62 424.833 15.9001 
0 6 0 1 312.439 169.177 15.9001 
0 8 0 1 298.482 178.645 15.9001 
0 8 5 1 305.37 272.732 15.9001 
0 6 5 1 326.518 270.093 15.9001 
0 2 2.5 1 359.601 206.193 15.9001 
0 4 2.5 1 336.287 210.992 15.9001 
0 4 5 1 342.038 269.173 15.9001 
0 2 5 1 367.554 268.077 15.9001 
0.5 0.5 -0.5 1 357.174 117.842 15.9001 
0.5 0.5 6 1 378.234 295.166 15.9001 
10.5 0.5 -0.5 1 67.4493 119.238 15.9001 
10.5 0.5 6 1 81.9707 332.576 15.9001 
10.5 10.5 -0.5 1 90.8429 187.782 15.9001 
10.5 10.5 6 1 101.4 314.682 15.9001 
0.5 10.5 -0.5 1 273.489 180.605 15.9001 
0.5 10.5 6 1 288.038 291.695 15.9001 
0.5 5.5 9.5 1 329.335 372.223 15.9001 
10.5 5.5 9.5 1 101.781 407.063 15.9001 
0.5 6.5 -0.5 1 298.937 159.392 15.9001 
0.5 8.5 -0.5 1 282.549 171.147 15.9001 
0.5 8.5 4.5 1 295.417 262.272 15.9001 
0.5 6.5 4.5 1 310.154 261.309 15.9001 
0.5 2.5 2 1 341.954 196.131 15.9001 
0.5 4.5 2 1 322.701 204.846 15.9001 
0.5 4.5 4.5 1 325.64 262.211 15.9001 
0.5 2.5 4.5 1 345.752 259.404 15.9001 
