0 0 0 1 142.701 247.714 5.3 
0 0 6.5 1 133.279 371.431 5.3 
10 0 0 1 329.505 258.201 5.3 
10 0 6.5 1 323.397 379.819 5.3 
10 10 0 1 400.536 217.23 5.3 
10 10 6.5 1 402.434 411.325 5.3 
0 10 0 1 107.336 193.613 5.3 
0 10 6.5 1 85.0929 396.416 5.3 
0 5 10 1 105.663 471.009 5.3 
10 5 10 1 353.354 478.571 5.3 
0 6 0 1 129.782 220.14 5.3 
0 8 0 1 117.771 209.613 5.3 
0 8 5 1 104.064 347.838 5.3 
0 6 5 1 116.808 345.388 5.3 
0 2 2.5 1 133.827 289.271 5.3 
0 4 2.5 1 128.56 284.722 5.3 
0 4 5 1 125.368 344.222 5.3 
0 2 5 1 130.675 337.834 5.3 
0.5 0.5 -0.5 1 157.677 236.622 5.3 
0.5 0.5 6 1 145.659 361.235 5.3 
10.5 0.5 -0.5 1 340.814 246.898 5.3 
10.5 0.5 6 1 338.208 370.937 5.3 
10.5 10.5 -0.5 1 422.38 200.178 5.3 
10.5 10.5 6 1 424.821 400.503 5.3 
0.5 10.5 -0.5 1 122.51 175.116 5.3 
0.5 10.5 6 1 100.384 385.427 5.3 
0.5 5.5 9.5 1 120.36 461.248 5.3 
10.5 5.5 9.5 1 367.573 466.995 5.3 
0.5 6.5 -0.5 1 139.226 210.593 5.3 
0.5 8.5 -0.5 1 129.097 191.101 5.3 
0.5 8.5 4.5 1 117.354 332.807 5.3 
0.5 6.5 4.5 1 128.934 332.314 5.3 
0.5 2.5 2 1 146.884 278.147 5.3 
0.5 4.5 2 1 142.203 274.633 5.3 
0.5 4.5 4.5 1 137.473 333.783 5.3 
0.5 2.5 4.5 1 141.674 328.658 5.3 
