0 0 0 1 296.383 66.1325 2.36667 
0 0 6.5 1 303.418 194.993 2.36667 
10 0 0 1 508.679 1.53894 2.36667 
10 0 6.5 1 510.546 184.912 2.36667 
10 10 0 1 339.365 -113.52 2.36667 
10 10 6.5 1 349.617 208.315 2.36667 
0 10 0 1 112.465 32.6757 2.36667 
0 10 6.5 1 131.711 212.328 2.36667 
0 5 10 1 240.887 280.493 2.36667 
10 5 10 1 452.67 312.246 2.36667 
0 6 0 1 201.002 49.696 2.36667 
0 8 0 1 161.226 41.2209 2.36667 
0 8 5 1 174.376 172.276 2.36667 
0 6 5 1 210.393 171.352 2.36667 
0 2 2.5 1 271.61 116.764 2.36667 
0 4 2.5 1 239.856 112.9 2.36667 
0 4 5 1 244.794 168.169 2.36667 
0 2 5 1 273.59 167.794 2.36667 
0.5 0.5 -0.5 1 298.28 53.1186 2.36667 
0.5 0.5 6 1 308.058 190.709 2.36667 
10.5 0.5 -0.5 1 524.404 -27.1794 2.36667 
10.5 0.5 6 1 519.724 173.424 2.36667 
10.5 10.5 -0.5 1 343.834 -166.372 2.36667 
10.5 10.5 6 1 359.274 183.547 2.36667 
0.5 10.5 -0.5 1 105.632 11.3478 2.36667 
0.5 10.5 6 1 122.22 203.098 2.36667 
0.5 5.5 9.5 1 237.632 272.183 2.36667 
10.5 5.5 9.5 1 460.603 301.756 2.36667 
0.5 6.5 -0.5 1 200.313 32.8979 2.36667 
0.5 8.5 -0.5 1 154.57 22.1963 2.36667 
0.5 8.5 4.5 1 169.241 159.221 2.36667 
0.5 6.5 4.5 1 209.023 160.214 2.36667 
0.5 2.5 2 1 270.126 104.258 2.36667 
0.5 4.5 2 1 240.627 100.159 2.36667 
0.5 4.5 4.5 1 244.807 160.137 2.36667 
0.5 2.5 4.5 1 276.545 157.395 2.36667 
