0 0 0 1 -75.672 -19.6031 8.46667 
0 0 6.5 1 -38.7082 213.012 8.46667 
10 0 0 1 155.851 55.1208 8.46667 
10 0 6.5 1 166.152 194.003 8.46667 
10 10 0 1 367.346 7.75799 8.46667 
10 10 6.5 1 371.314 182.963 8.46667 
0 10 0 1 237.603 -158.326 8.46667 
0 10 6.5 1 254.53 204.017 8.46667 
0 5 10 1 94.9585 342.657 8.46667 
10 5 10 1 261.794 266.181 8.46667 
0 6 0 1 77.0427 -90.9935 8.46667 
0 8 0 1 149.235 -120.171 8.46667 
0 8 5 1 172.326 136.545 8.46667 
0 6 5 1 102.552 144.453 8.46667 
0 2 2.5 1 -14.2652 60.8743 8.46667 
0 4 2.5 1 32.4537 50.8616 8.46667 
0 4 5 1 45.0937 153.013 8.46667 
0 2 5 1 -2.3305 157.261 8.46667 
0.5 0.5 -0.5 1 -49.3273 -38.3 8.46667 
0.5 0.5 6 1 -12.7637 193.932 8.46667 
10.5 0.5 -0.5 1 168.425 46.2046 8.46667 
10.5 0.5 6 1 182.811 182.62 8.46667 
10.5 10.5 -0.5 1 386.372 -7.22227 8.46667 
10.5 10.5 6 1 386.754 171.149 8.46667 
0.5 10.5 -0.5 1 273.035 -184.185 8.46667 
0.5 10.5 6 1 291.048 173.458 8.46667 
0.5 5.5 9.5 1 124.181 317.511 8.46667 
10.5 5.5 9.5 1 275.573 254.048 8.46667 
0.5 6.5 -0.5 1 109.473 -108.253 8.46667 
0.5 8.5 -0.5 1 181.464 -145.67 8.46667 
0.5 8.5 4.5 1 202.04 111.988 8.46667 
0.5 6.5 4.5 1 130.506 122.888 8.46667 
0.5 2.5 2 1 10.6819 42.4255 8.46667 
0.5 4.5 2 1 60.6588 29.2771 8.46667 
0.5 4.5 4.5 1 72.26 131.13 8.46667 
0.5 2.5 4.5 1 23.6093 138.261 8.46667 
