0 0 0 1 392.249 65.1497 15.2334 
0 0 6.5 1 408.343 263.245 15.2334 
10 0 0 1 81.9023 86.1034 15.2334 
10 0 6.5 1 100.831 292.691 15.2334 
10 10 0 1 136.078 137.994 15.2334 
10 10 6.5 1 150.524 264.352 15.2334 
0 10 0 1 325.271 124.546 15.2334 
0 10 6.5 1 331.555 244.468 15.2334 
0 5 10 1 364.867 328.139 15.2334 
10 5 10 1 140.772 355.502 15.2334 
0 6 0 1 342.67 112.124 15.2334 
0 8 0 1 334.012 119.448 15.2334 
0 8 5 1 337.844 216.22 15.2334 
0 6 5 1 353.069 220.9 15.2334 
0 2 2.5 1 380.099 151.06 15.2334 
0 4 2.5 1 360.923 160.465 15.2334 
0 4 5 1 366.134 219.528 15.2334 
0 2 5 1 380.19 220.065 15.2334 
0.5 0.5 -0.5 1 372.701 55.9319 15.2334 
0.5 0.5 6 1 384.123 247.571 15.2334 
10.5 0.5 -0.5 1 67.5811 77.6618 15.2334 
10.5 0.5 6 1 91.0259 276.921 15.2334 
10.5 10.5 -0.5 1 126.283 133.691 15.2334 
10.5 10.5 6 1 143.073 254.565 15.2334 
0.5 10.5 -0.5 1 310.666 120.417 15.2334 
0.5 10.5 6 1 320.745 235.946 15.2334 
0.5 5.5 9.5 1 352.293 316.492 15.2334 
10.5 5.5 9.5 1 131.911 339.931 15.2334 
0.5 6.5 -0.5 1 329.325 99.6079 15.2334 
0.5 8.5 -0.5 1 319.68 110.449 15.2334 
0.5 8.5 4.5 1 327.46 210.141 15.2334 
0.5 6.5 4.5 1 334.368 211.248 15.2334 
0.5 2.5 2 1 358.325 142.316 15.2334 
0.5 4.5 2 1 344.907 148.534 15.2334 
0.5 4.5 4.5 1 348.576 207.93 15.2334 
0.5 2.5 4.5 1 363.568 207.243 15.2334 
