0 0 0 1 87.9126 106.179 6.36666 
0 0 6.5 1 75.6553 242.769 6.36666 
10 0 0 1 277.363 139.848 6.36666 
10 0 6.5 1 268.288 258.875 6.36666 
10 10 0 1 402.863 100.643 6.36666 
10 10 6.5 1 385.793 274.764 6.36666 
0 10 0 1 118.533 11.8117 6.36666 
0 10 6.5 1 96.8499 250.41 6.36666 
0 5 10 1 73.11 337.569 6.36666 
10 5 10 1 307.167 339.739 6.36666 
0 6 0 1 102.654 64.6 6.36666 
0 8 0 1 111.584 40.1541 6.36666 
0 8 5 1 91.8909 198.059 6.36666 
0 6 5 1 89.6031 202.829 6.36666 
0 2 2.5 1 86.1935 150.751 6.36666 
0 4 2.5 1 92.0785 141.64 6.36666 
0 4 5 1 85.8017 207.099 6.36666 
0 2 5 1 82.5024 207.861 6.36666 
0.5 0.5 -0.5 1 101.29 94.5543 6.36666 
0.5 0.5 6 1 91.0913 231.432 6.36666 
10.5 0.5 -0.5 1 290.05 132.272 6.36666 
10.5 0.5 6 1 277.51 250.346 6.36666 
10.5 10.5 -0.5 1 423.726 82.7875 6.36666 
10.5 10.5 6 1 405.382 263.651 6.36666 
0.5 10.5 -0.5 1 142.907 -8.20447 6.36666 
0.5 10.5 6 1 118.457 237.922 6.36666 
0.5 5.5 9.5 1 90.7649 330.424 6.36666 
10.5 5.5 9.5 1 319.536 328.864 6.36666 
0.5 6.5 -0.5 1 122.364 45.0815 6.36666 
0.5 8.5 -0.5 1 128.699 20.6351 6.36666 
0.5 8.5 4.5 1 111.359 184.103 6.36666 
0.5 6.5 4.5 1 107.23 189.466 6.36666 
0.5 2.5 2 1 100.736 135.72 6.36666 
0.5 4.5 2 1 103.912 128.397 6.36666 
0.5 4.5 4.5 1 100.751 195.523 6.36666 
0.5 2.5 4.5 1 96.8482 196.251 6.36666 
