0 0 0 1 332.67 69.8763 1.76667 
0 0 6.5 1 331.929 200.453 1.76667 
10 0 0 1 558.371 12.1917 1.76667 
10 0 6.5 1 538.384 226.156 1.76667 
10 10 0 1 284.87 -78.4295 1.76667 
10 10 6.5 1 285.637 266.414 1.76667 
0 10 0 1 123.244 44.7306 1.76667 
0 10 6.5 1 137.018 220.152 1.76667 
0 5 10 1 246.644 287.844 1.76667 
10 5 10 1 430.669 360.404 1.76667 
0 6 0 1 219.368 56.1164 1.76667 
0 8 0 1 176.265 49.719 1.76667 
0 8 5 1 184.468 180.647 1.76667 
0 6 5 1 227.249 180.418 1.76667 
0 2 2.5 1 300.227 120.391 1.76667 
0 4 2.5 1 260.194 119.163 1.76667 
0 4 5 1 266.292 179.097 1.76667 
0 2 5 1 297.396 175.656 1.76667 
0.5 0.5 -0.5 1 331.832 54.826 1.76667 
0.5 0.5 6 1 331.826 195.321 1.76667 
10.5 0.5 -0.5 1 569.61 -17.0104 1.76667 
10.5 0.5 6 1 547.167 214.374 1.76667 
10.5 10.5 -0.5 1 279.977 -131.214 1.76667 
10.5 10.5 6 1 279.147 246.634 1.76667 
0.5 10.5 -0.5 1 112.968 23.6537 1.76667 
0.5 10.5 6 1 127.81 210.818 1.76667 
0.5 5.5 9.5 1 244.455 280.084 1.76667 
10.5 5.5 9.5 1 435.792 353.298 1.76667 
0.5 6.5 -0.5 1 213.648 39.2456 1.76667 
0.5 8.5 -0.5 1 167.194 32.2261 1.76667 
0.5 8.5 4.5 1 176.284 169.671 1.76667 
0.5 6.5 4.5 1 219.207 169.748 1.76667 
0.5 2.5 2 1 298.131 107.934 1.76667 
0.5 4.5 2 1 260.235 108.652 1.76667 
0.5 4.5 4.5 1 263.501 165.491 1.76667 
0.5 2.5 4.5 1 294.873 166.537 1.76667 
