0 0 0 1 386.228 105.801 15.5334 
0 0 6.5 1 404.941 296.024 15.5334 
10 0 0 1 83.3025 122.582 15.5334 
10 0 6.5 1 102.613 334.881 15.5334 
10 10 0 1 121.355 175.759 15.5334 
10 10 6.5 1 130.262 297.609 15.5334 
0 10 0 1 307.63 162.045 15.5334 
0 10 6.5 1 316.531 273.327 15.5334 
0 5 10 1 353.571 358.337 15.5334 
10 5 10 1 131.048 392.863 15.5334 
0 6 0 1 327.824 144.467 15.5334 
0 8 0 1 317.243 152.822 15.5334 
0 8 5 1 323.977 249.998 15.5334 
0 6 5 1 337.155 251.882 15.5334 
0 2 2.5 1 371.354 185.123 15.5334 
0 4 2.5 1 349.16 192.505 15.5334 
0 4 5 1 355.696 249.191 15.5334 
0 2 5 1 373.49 252.845 15.5334 
0.5 0.5 -0.5 1 367.916 98.3602 15.5334 
0.5 0.5 6 1 381.77 281.345 15.5334 
10.5 0.5 -0.5 1 66.5375 110.565 15.5334 
10.5 0.5 6 1 87.889 315.334 15.5334 
10.5 10.5 -0.5 1 110.352 164.049 15.5334 
10.5 10.5 6 1 123.679 287.778 15.5334 
0.5 10.5 -0.5 1 292.309 153.78 15.5334 
0.5 10.5 6 1 302.389 268.476 15.5334 
0.5 5.5 9.5 1 341.961 348.983 15.5334 
10.5 5.5 9.5 1 119.468 378.904 15.5334 
0.5 6.5 -0.5 1 315.695 139.227 15.5334 
0.5 8.5 -0.5 1 306.091 146.636 15.5334 
0.5 8.5 4.5 1 310.243 242.823 15.5334 
0.5 6.5 4.5 1 323.342 241.97 15.5334 
0.5 2.5 2 1 349.599 178.602 15.5334 
0.5 4.5 2 1 334.29 186.415 15.5334 
0.5 4.5 4.5 1 340.329 240.773 15.5334 
0.5 2.5 4.5 1 358.288 240.728 15.5334 
