0 0 0 1 259.581 144.04 11.5334 
0 0 6.5 1 244.239 463.668 11.5334 
10 0 0 1 143.808 227.83 11.5334 
10 0 6.5 1 125.763 395.357 11.5334 
10 10 0 1 339.328 256.996 11.5334 
10 10 6.5 1 335.46 391.977 11.5334 
0 10 0 1 537.194 217.544 11.5334 
0 10 6.5 1 551.393 438.216 11.5334 
0 5 10 1 431.968 608.243 11.5334 
10 5 10 1 239.082 479.882 11.5334 
0 6 0 1 450.984 193.685 11.5334 
0 8 0 1 497.201 207.752 11.5334 
0 8 5 1 505.333 382.533 11.5334 
0 6 5 1 457.08 384.457 11.5334 
0 2 2.5 1 330.585 266.589 11.5334 
0 4 2.5 1 396.601 277.843 11.5334 
0 4 5 1 398.813 383.69 11.5334 
0 2 5 1 328.499 385.708 11.5334 
0.5 0.5 -0.5 1 269.077 138.945 11.5334 
0.5 0.5 6 1 255.055 430.155 11.5334 
10.5 0.5 -0.5 1 151.46 215.911 11.5334 
10.5 0.5 6 1 136.318 379.873 11.5334 
10.5 10.5 -0.5 1 342.634 249.724 11.5334 
10.5 10.5 6 1 336.559 377.577 11.5334 
0.5 10.5 -0.5 1 530.552 210.377 11.5334 
0.5 10.5 6 1 539.673 413.208 11.5334 
0.5 5.5 9.5 1 428.062 569.131 11.5334 
10.5 5.5 9.5 1 244.674 461.934 11.5334 
0.5 6.5 -0.5 1 449.329 185.016 11.5334 
0.5 8.5 -0.5 1 492.889 199.774 11.5334 
0.5 8.5 4.5 1 498.437 364.967 11.5334 
0.5 6.5 4.5 1 451.627 363.443 11.5334 
0.5 2.5 2 1 334.98 253.384 11.5334 
0.5 4.5 2 1 397.755 263.095 11.5334 
0.5 4.5 4.5 1 397.015 361.341 11.5334 
0.5 2.5 4.5 1 334.633 359.09 11.5334 
