0 0 0 1 372.334 154.27 16.5001 
0 0 6.5 1 388.294 328.816 16.5001 
10 0 0 1 97.3975 115.906 16.5001 
10 0 6.5 1 106.11 349.33 16.5001 
10 10 0 1 69.2707 205.622 16.5001 
10 10 6.5 1 70.4789 346.121 16.5001 
0 10 0 1 254.938 216.634 16.5001 
0 10 6.5 1 263.29 331.086 16.5001 
0 5 10 1 321.755 405.597 16.5001 
10 5 10 1 82.253 446.745 16.5001 
0 6 0 1 292.309 194.86 16.5001 
0 8 0 1 272.581 203.874 16.5001 
0 8 5 1 278.68 297.971 16.5001 
0 6 5 1 296.956 296.285 16.5001 
0 2 2.5 1 348.421 225.257 16.5001 
0 4 2.5 1 319.484 235.384 16.5001 
0 4 5 1 321.964 291.495 16.5001 
0 2 5 1 352.57 288.264 16.5001 
0.5 0.5 -0.5 1 350.836 141.126 16.5001 
0.5 0.5 6 1 369.286 312.152 16.5001 
10.5 0.5 -0.5 1 75.9 106.277 16.5001 
10.5 0.5 6 1 80.6064 332.874 16.5001 
10.5 10.5 -0.5 1 52.3566 197.469 16.5001 
10.5 10.5 6 1 57.7785 333.219 16.5001 
0.5 10.5 -0.5 1 245.248 209.528 16.5001 
0.5 10.5 6 1 249.978 321.807 16.5001 
0.5 5.5 9.5 1 305.073 396.954 16.5001 
10.5 5.5 9.5 1 68.666 433.121 16.5001 
0.5 6.5 -0.5 1 277.207 189.123 16.5001 
0.5 8.5 -0.5 1 257.534 196.275 16.5001 
0.5 8.5 4.5 1 265.569 291.338 16.5001 
0.5 6.5 4.5 1 283.419 288.235 16.5001 
0.5 2.5 2 1 325.763 221.387 16.5001 
0.5 4.5 2 1 303.512 230.139 16.5001 
0.5 4.5 4.5 1 307.93 280.356 16.5001 
0.5 2.5 4.5 1 332.78 279.014 16.5001 
