0 0 0 1 384.796 110.771 15.5668 
0 0 6.5 1 403.281 297.94 15.5668 
10 0 0 1 81.5954 125.104 15.5668 
10 0 6.5 1 100.544 337.664 15.5668 
10 10 0 1 115.774 176.554 15.5668 
10 10 6.5 1 133.773 302.519 15.5668 
0 10 0 1 305.166 165.738 15.5668 
0 10 6.5 1 311.403 274.972 15.5668 
0 5 10 1 356.185 362.171 15.5668 
10 5 10 1 129.872 401.001 15.5668 
0 6 0 1 326.019 148.481 15.5668 
0 8 0 1 316.509 157.345 15.5668 
0 8 5 1 323.383 255.667 15.5668 
0 6 5 1 339.442 255.534 15.5668 
0 2 2.5 1 369.655 191.002 15.5668 
0 4 2.5 1 350.614 193.975 15.5668 
0 4 5 1 355.467 251.163 15.5668 
0 2 5 1 373.901 255.147 15.5668 
0.5 0.5 -0.5 1 365.377 100.575 15.5668 
0.5 0.5 6 1 382.048 285.325 15.5668 
10.5 0.5 -0.5 1 66.8634 113.734 15.5668 
10.5 0.5 6 1 87.9396 319.915 15.5668 
10.5 10.5 -0.5 1 107.368 168.746 15.5668 
10.5 10.5 6 1 119.912 289.708 15.5668 
0.5 10.5 -0.5 1 293.152 157.093 15.5668 
0.5 10.5 6 1 302.427 272.008 15.5668 
0.5 5.5 9.5 1 341.462 354.982 15.5668 
10.5 5.5 9.5 1 117.583 382.71 15.5668 
0.5 6.5 -0.5 1 314.678 135.774 15.5668 
0.5 8.5 -0.5 1 302.49 148.491 15.5668 
0.5 8.5 4.5 1 308.059 243.435 15.5668 
0.5 6.5 4.5 1 322.084 243.437 15.5668 
0.5 2.5 2 1 350.23 178.211 15.5668 
0.5 4.5 2 1 335.354 188.856 15.5668 
0.5 4.5 4.5 1 336.356 243.621 15.5668 
0.5 2.5 4.5 1 354.875 244.378 15.5668 
