0 0 0 1 389.275 54.4882 19.9667 
0 0 6.5 1 372.316 212.461 19.9667 
10 0 0 1 525.311 -74.9278 19.9667 
10 0 6.5 1 478.805 255.261 19.9667 
10 10 0 1 15.8994 -93.9972 19.9667 
10 10 6.5 1 27.1815 233.847 19.9667 
0 10 0 1 141.727 45.8597 19.9667 
0 10 6.5 1 144.046 201.906 19.9667 
0 5 10 1 250.935 286.318 19.9667 
10 5 10 1 245.437 389.303 19.9667 
0 6 0 1 241.861 47.4763 19.9667 
0 8 0 1 192.718 47.7887 19.9667 
0 8 5 1 190.91 173.325 19.9667 
0 6 5 1 237.956 172.461 19.9667 
0 2 2.5 1 335.966 115.918 19.9667 
0 4 2.5 1 285.727 115.257 19.9667 
0 4 5 1 283.207 177.133 19.9667 
0 2 5 1 331.684 180.078 19.9667 
0.5 0.5 -0.5 1 378.799 35.9955 19.9667 
0.5 0.5 6 1 368.298 202.145 19.9667 
10.5 0.5 -0.5 1 512.871 -120.872 19.9667 
10.5 0.5 6 1 470.587 235.819 19.9667 
10.5 10.5 -0.5 1 -31.7975 -139.547 19.9667 
10.5 10.5 6 1 -8.81735 213.521 19.9667 
0.5 10.5 -0.5 1 127.344 29.2119 19.9667 
0.5 10.5 6 1 126.035 191.741 19.9667 
0.5 5.5 9.5 1 241.386 276.967 19.9667 
10.5 5.5 9.5 1 222.57 378.051 19.9667 
0.5 6.5 -0.5 1 229.075 31.2889 19.9667 
0.5 8.5 -0.5 1 176.368 29.0137 19.9667 
0.5 8.5 4.5 1 175.868 156.039 19.9667 
0.5 6.5 4.5 1 223.821 160.084 19.9667 
0.5 2.5 2 1 325.524 102.944 19.9667 
0.5 4.5 2 1 272.186 99.6926 19.9667 
0.5 4.5 4.5 1 273.188 163.265 19.9667 
0.5 2.5 4.5 1 317.836 161.658 19.9667 
