0 0 0 1 377.641 128.272 15.9668 
0 0 6.5 1 397.929 312.078 15.9668 
10 0 0 1 85.6904 126.058 15.9668 
10 0 6.5 1 100.354 348.695 15.9668 
10 10 0 1 97.2009 196.642 15.9668 
10 10 6.5 1 108.332 324.048 15.9668 
0 10 0 1 280.016 188.99 15.9668 
0 10 6.5 1 294.032 304.37 15.9668 
0 5 10 1 344.24 383.637 15.9668 
10 5 10 1 112.796 423.383 15.9668 
0 6 0 1 312.506 171.324 15.9668 
0 8 0 1 296.48 181.21 15.9668 
0 8 5 1 305.333 276.076 15.9668 
0 6 5 1 320.843 275.353 15.9668 
0 2 2.5 1 357.187 207.53 15.9668 
0 4 2.5 1 335.249 214.99 15.9668 
0 4 5 1 340.552 272.83 15.9668 
0 2 5 1 364.225 271.934 15.9668 
0.5 0.5 -0.5 1 359.645 121.539 15.9668 
0.5 0.5 6 1 379.213 297.971 15.9668 
10.5 0.5 -0.5 1 62.722 115.036 15.9668 
10.5 0.5 6 1 80.8154 328.491 15.9668 
10.5 10.5 -0.5 1 84.7051 187.322 15.9668 
10.5 10.5 6 1 94.4091 315.547 15.9668 
0.5 10.5 -0.5 1 267.456 181.639 15.9668 
0.5 10.5 6 1 281.361 296.925 15.9668 
0.5 5.5 9.5 1 326.742 367.584 15.9668 
10.5 5.5 9.5 1 97.2697 407.213 15.9668 
0.5 6.5 -0.5 1 294.607 164.931 15.9668 
0.5 8.5 -0.5 1 283.045 173.184 15.9668 
0.5 8.5 4.5 1 292.697 269.33 15.9668 
0.5 6.5 4.5 1 306.662 264.385 15.9668 
0.5 2.5 2 1 337.448 196.589 15.9668 
0.5 4.5 2 1 317.037 205.283 15.9668 
0.5 4.5 4.5 1 325.579 259.563 15.9668 
0.5 2.5 4.5 1 344.994 258.632 15.9668 
