0 0 0 1 375.288 134.093 16.2001 
0 0 6.5 1 395.421 309.887 16.2001 
10 0 0 1 85.9751 118.635 16.2001 
10 0 6.5 1 102.532 344.429 16.2001 
10 10 0 1 84.9555 198.898 16.2001 
10 10 6.5 1 91.8846 333.041 16.2001 
0 10 0 1 270.005 197.87 16.2001 
0 10 6.5 1 282.377 313.074 16.2001 
0 5 10 1 332.651 388.948 16.2001 
10 5 10 1 99.3203 432.768 16.2001 
0 6 0 1 301.975 179.101 16.2001 
0 8 0 1 284.721 192.264 16.2001 
0 8 5 1 296.765 281.98 16.2001 
0 6 5 1 310.077 279.698 16.2001 
0 2 2.5 1 352.167 214.302 16.2001 
0 4 2.5 1 325.612 221.769 16.2001 
0 4 5 1 332.104 279.387 16.2001 
0 2 5 1 358.564 278.342 16.2001 
0.5 0.5 -0.5 1 354.644 126.7 16.2001 
0.5 0.5 6 1 374.465 299.721 16.2001 
10.5 0.5 -0.5 1 69.6388 107.691 16.2001 
10.5 0.5 6 1 79.0805 328.528 16.2001 
10.5 10.5 -0.5 1 71.8234 191.067 16.2001 
10.5 10.5 6 1 76.3541 321.274 16.2001 
0.5 10.5 -0.5 1 258.275 191.626 16.2001 
0.5 10.5 6 1 266.844 306.063 16.2001 
0.5 5.5 9.5 1 316.042 377.205 16.2001 
10.5 5.5 9.5 1 83.0999 417.682 16.2001 
0.5 6.5 -0.5 1 285.364 172.37 16.2001 
0.5 8.5 -0.5 1 271.653 182.688 16.2001 
0.5 8.5 4.5 1 278.07 276.325 16.2001 
0.5 6.5 4.5 1 296.33 271.088 16.2001 
0.5 2.5 2 1 332.875 205.742 16.2001 
0.5 4.5 2 1 308.731 212.757 16.2001 
0.5 4.5 4.5 1 316.633 267.851 16.2001 
0.5 2.5 4.5 1 340.023 264.136 16.2001 
