0 0 0 1 382.529 144.432 18.5667 
0 0 6.5 1 368.725 307.316 18.5667 
10 0 0 1 300.277 -6.42612 18.5667 
10 0 6.5 1 268.72 305.37 18.5667 
10 10 0 1 -9.33471 54.5282 18.5667 
10 10 6.5 1 -40.3912 267.84 18.5667 
0 10 0 1 176.92 151.944 18.5667 
0 10 6.5 1 164.294 281.134 18.5667 
0 5 10 1 249.914 373.239 18.5667 
10 5 10 1 68.6765 427.38 18.5667 
0 6 0 1 249.738 148.121 18.5667 
0 8 0 1 215.786 152.383 18.5667 
0 8 5 1 201.876 255.465 18.5667 
0 6 5 1 242.449 255.711 18.5667 
0 2 2.5 1 329.237 199.971 18.5667 
0 4 2.5 1 284.951 204.389 18.5667 
0 4 5 1 281.552 260.127 18.5667 
0 2 5 1 329.954 262.11 18.5667 
0.5 0.5 -0.5 1 369.792 126.512 18.5667 
0.5 0.5 6 1 357.352 291.947 18.5667 
10.5 0.5 -0.5 1 269.346 -39.8976 18.5667 
10.5 0.5 6 1 238.319 277.473 18.5667 
10.5 10.5 -0.5 1 -31.7834 31.3854 18.5667 
10.5 10.5 6 1 -62.6373 251.298 18.5667 
0.5 10.5 -0.5 1 166.163 138.045 18.5667 
0.5 10.5 6 1 149.644 270.11 18.5667 
0.5 5.5 9.5 1 236.16 362.948 18.5667 
10.5 5.5 9.5 1 40.2262 409.651 18.5667 
0.5 6.5 -0.5 1 238.102 137.048 18.5667 
0.5 8.5 -0.5 1 201.775 140.683 18.5667 
0.5 8.5 4.5 1 192.252 242.041 18.5667 
0.5 6.5 4.5 1 227.552 242.199 18.5667 
0.5 2.5 2 1 317.853 188.922 18.5667 
0.5 4.5 2 1 270.218 188.933 18.5667 
0.5 4.5 4.5 1 267.198 246.934 18.5667 
0.5 2.5 4.5 1 310.904 250.359 18.5667 
