0 0 0 1 382.337 74.7565 0.6 
0 0 6.5 1 366.534 224.118 0.6 
10 0 0 1 577.187 -33.9826 0.6 
10 0 6.5 1 536.88 247.781 0.6 
10 10 0 1 123.917 -128.698 0.6 
10 10 6.5 1 110.021 217.266 0.6 
0 10 0 1 152.825 41.1661 0.6 
0 10 6.5 1 143.555 208.212 0.6 
0 5 10 1 253.482 293.867 0.6 
10 5 10 1 325.127 380.356 0.6 
0 6 0 1 251.406 54.3172 0.6 
0 8 0 1 201.348 51.4616 0.6 
0 8 5 1 193.63 173.118 0.6 
0 6 5 1 239.244 176.725 0.6 
0 2 2.5 1 334.181 130.944 0.6 
0 4 2.5 1 290.699 123.764 0.6 
0 4 5 1 285.56 182.809 0.6 
0 2 5 1 324.913 186.466 0.6 
0.5 0.5 -0.5 1 378.967 60.2906 0.6 
0.5 0.5 6 1 362.43 210.151 0.6 
10.5 0.5 -0.5 1 584.954 -75.2327 0.6 
10.5 0.5 6 1 535.374 227.609 0.6 
10.5 10.5 -0.5 1 95.5725 -186.985 0.6 
10.5 10.5 6 1 80.7347 189.454 0.6 
0.5 10.5 -0.5 1 138.182 22.1435 0.6 
0.5 10.5 6 1 129.494 192.277 0.6 
0.5 5.5 9.5 1 245.125 283.214 0.6 
10.5 5.5 9.5 1 315.229 370.682 0.6 
0.5 6.5 -0.5 1 240.447 40.952 0.6 
0.5 8.5 -0.5 1 188.986 33.0191 0.6 
0.5 8.5 4.5 1 180.918 158.761 0.6 
0.5 6.5 4.5 1 229.056 164.325 0.6 
0.5 2.5 2 1 326.962 113.545 0.6 
0.5 4.5 2 1 282.047 107.259 0.6 
0.5 4.5 4.5 1 275.289 167.517 0.6 
0.5 2.5 4.5 1 324.259 172.099 0.6 
