0 0 0 1 308.715 63.4966 2.13333 
0 0 6.5 1 314.586 195.65 2.13333 
10 0 0 1 533.897 -7.35118 2.13333 
10 0 6.5 1 524.727 192.196 2.13333 
10 10 0 1 320.718 -112.422 2.13333 
10 10 6.5 1 329.567 223.247 2.13333 
0 10 0 1 116.49 29.2759 2.13333 
0 10 6.5 1 137.222 212.059 2.13333 
0 5 10 1 240.653 275.231 2.13333 
10 5 10 1 446.575 321.716 2.13333 
0 6 0 1 211.557 46.8653 2.13333 
0 8 0 1 165.948 38.9877 2.13333 
0 8 5 1 176.526 168.694 2.13333 
0 6 5 1 217.67 168.086 2.13333 
0 2 2.5 1 283.236 111.392 2.13333 
0 4 2.5 1 250.822 110.586 2.13333 
0 4 5 1 250.1 164.451 2.13333 
0 2 5 1 284.866 163.803 2.13333 
0.5 0.5 -0.5 1 313.573 48.3197 2.13333 
0.5 0.5 6 1 315.445 185.614 2.13333 
10.5 0.5 -0.5 1 544.824 -32.6907 2.13333 
10.5 0.5 6 1 531.262 179.791 2.13333 
10.5 10.5 -0.5 1 318.134 -167.273 2.13333 
10.5 10.5 6 1 330.032 201.579 2.13333 
0.5 10.5 -0.5 1 108.324 9.06481 2.13333 
0.5 10.5 6 1 125.055 200.156 2.13333 
0.5 5.5 9.5 1 241.635 270.307 2.13333 
10.5 5.5 9.5 1 453.634 313.608 2.13333 
0.5 6.5 -0.5 1 207.47 25.5343 2.13333 
0.5 8.5 -0.5 1 158.433 19.6113 2.13333 
0.5 8.5 4.5 1 170.313 160.623 2.13333 
0.5 6.5 4.5 1 216.455 155.886 2.13333 
0.5 2.5 2 1 281.527 99.1384 2.13333 
0.5 4.5 2 1 248.576 96.1281 2.13333 
0.5 4.5 4.5 1 253.175 153.653 2.13333 
0.5 2.5 4.5 1 284.79 151.397 2.13333 
