0 0 0 1 56.9171 81.0741 10.2334 
0 0 6.5 1 58.2505 375.312 10.2334 
10 0 0 1 139.497 200.371 10.2334 
10 0 6.5 1 141.44 345.893 10.2334 
10 10 0 1 361.552 188.243 10.2334 
10 10 6.5 1 373.36 334.074 10.2334 
0 10 0 1 478.076 68.4623 10.2334 
0 10 6.5 1 519.319 339.594 10.2334 
0 5 10 1 312.375 531.527 10.2334 
10 5 10 1 267.717 425.406 10.2334 
0 6 0 1 315.222 72.5844 10.2334 
0 8 0 1 400.032 71.3859 10.2334 
0 8 5 1 424.052 277.632 10.2334 
0 6 5 1 338.294 282.111 10.2334 
0 2 2.5 1 147.769 185.257 10.2334 
0 4 2.5 1 239.822 180.147 10.2334 
0 4 5 1 247.476 287.455 10.2334 
0 2 5 1 154.419 298.756 10.2334 
0.5 0.5 -0.5 1 86.5614 72.1134 10.2334 
0.5 0.5 6 1 90.4347 348.891 10.2334 
10.5 0.5 -0.5 1 149.819 191.759 10.2334 
10.5 0.5 6 1 160.158 334.745 10.2334 
10.5 10.5 -0.5 1 365.757 176.657 10.2334 
10.5 10.5 6 1 380.97 318.114 10.2334 
0.5 10.5 -0.5 1 485.59 60.2597 10.2334 
0.5 10.5 6 1 523.551 319.735 10.2334 
0.5 5.5 9.5 1 326.533 493.283 10.2334 
10.5 5.5 9.5 1 276.087 408.869 10.2334 
0.5 6.5 -0.5 1 332.122 65.4492 10.2334 
0.5 8.5 -0.5 1 410.853 63.4646 10.2334 
0.5 8.5 4.5 1 435.252 262.36 10.2334 
0.5 6.5 4.5 1 351.99 264.183 10.2334 
0.5 2.5 2 1 179.011 165.621 10.2334 
0.5 4.5 2 1 259.821 165.21 10.2334 
0.5 4.5 4.5 1 265.764 267.902 10.2334 
0.5 2.5 4.5 1 179.372 271.725 10.2334 
