0 0 0 1 208.826 136.626 11.2 
0 0 6.5 1 194.162 457.342 11.2 
10 0 0 1 142.07 234.117 11.2 
10 0 6.5 1 126.313 397.422 11.2 
10 10 0 1 347.649 258.679 11.2 
10 10 6.5 1 350.707 392.731 11.2 
0 10 0 1 536.177 197.386 11.2 
0 10 6.5 1 561.022 433.166 11.2 
0 5 10 1 415.429 614.467 11.2 
10 5 10 1 246.797 484.869 11.2 
0 6 0 1 429.451 176.466 11.2 
0 8 0 1 484.677 190.559 11.2 
0 8 5 1 502.076 372.616 11.2 
0 6 5 1 440.199 373.557 11.2 
0 2 2.5 1 291.419 256.843 11.2 
0 4 2.5 1 365.904 262.703 11.2 
0 4 5 1 370.494 372.299 11.2 
0 2 5 1 292.553 373.142 11.2 
0.5 0.5 -0.5 1 221.584 126.838 11.2 
0.5 0.5 6 1 214.193 422.575 11.2 
10.5 0.5 -0.5 1 152.691 227.53 11.2 
10.5 0.5 6 1 141.051 383.147 11.2 
10.5 10.5 -0.5 1 350.321 249.142 11.2 
10.5 10.5 6 1 356.014 381.395 11.2 
0.5 10.5 -0.5 1 531.461 187.39 11.2 
0.5 10.5 6 1 554.386 408.537 11.2 
0.5 5.5 9.5 1 415.732 574.212 11.2 
10.5 5.5 9.5 1 251.292 468.734 11.2 
0.5 6.5 -0.5 1 428.49 170.218 11.2 
0.5 8.5 -0.5 1 483.374 181.298 11.2 
0.5 8.5 4.5 1 498.815 352.875 11.2 
0.5 6.5 4.5 1 438.714 349.83 11.2 
0.5 2.5 2 1 298.975 242.386 11.2 
0.5 4.5 2 1 371.292 250.415 11.2 
0.5 4.5 4.5 1 375.801 353.927 11.2 
0.5 2.5 4.5 1 299.038 348.633 11.2 
