0 0 0 1 345.415 71.7208 1.53333 
0 0 6.5 1 335.89 214.25 1.53333 
10 0 0 1 572.348 17.0607 1.53333 
10 0 6.5 1 543.628 245.153 1.53333 
10 10 0 1 253.404 -64.6346 1.53333 
10 10 6.5 1 251.363 283.107 1.53333 
0 10 0 1 132.038 51.702 1.53333 
0 10 6.5 1 138.328 222.398 1.53333 
0 5 10 1 248.61 293.796 1.53333 
10 5 10 1 414.542 383.443 1.53333 
0 6 0 1 227.591 61.4768 1.53333 
0 8 0 1 183.31 57.2957 1.53333 
0 8 5 1 185.407 185.47 1.53333 
0 6 5 1 228.065 184.784 1.53333 
0 2 2.5 1 311.24 126.336 1.53333 
0 4 2.5 1 270.368 126.033 1.53333 
0 4 5 1 269.241 182.363 1.53333 
0 2 5 1 308.033 184.255 1.53333 
0.5 0.5 -0.5 1 343.71 59.7746 1.53333 
0.5 0.5 6 1 338.719 205.227 1.53333 
10.5 0.5 -0.5 1 583.68 -13.5625 1.53333 
10.5 0.5 6 1 551.126 231.469 1.53333 
10.5 10.5 -0.5 1 239.744 -117.131 1.53333 
10.5 10.5 6 1 242.15 264.374 1.53333 
0.5 10.5 -0.5 1 118.196 30.7036 1.53333 
0.5 10.5 6 1 128.191 215.436 1.53333 
0.5 5.5 9.5 1 246.353 287.889 1.53333 
10.5 5.5 9.5 1 415.395 377.471 1.53333 
0.5 6.5 -0.5 1 220.243 42.787 1.53333 
0.5 8.5 -0.5 1 172.843 37.1189 1.53333 
0.5 8.5 4.5 1 176.12 173.298 1.53333 
0.5 6.5 4.5 1 224.397 173.449 1.53333 
0.5 2.5 2 1 307.211 117.707 1.53333 
0.5 4.5 2 1 266.753 112.216 1.53333 
0.5 4.5 4.5 1 267.995 173.856 1.53333 
0.5 2.5 4.5 1 303.069 173.479 1.53333 
