0 0 0 1 -77.7103 -16.5108 8.53333 
0 0 6.5 1 -36.8462 214.877 8.53333 
10 0 0 1 151.889 58.1045 8.53333 
10 0 6.5 1 163.416 197.978 8.53333 
10 10 0 1 370.839 11.8483 8.53333 
10 10 6.5 1 372.343 190.725 8.53333 
0 10 0 1 245.243 -155.49 8.53333 
0 10 6.5 1 263.857 205.874 8.53333 
0 5 10 1 100.473 347.646 8.53333 
10 5 10 1 262.778 272.661 8.53333 
0 6 0 1 85.5051 -86.2938 8.53333 
0 8 0 1 156.283 -118.883 8.53333 
0 8 5 1 177.263 141.76 8.53333 
0 6 5 1 110.105 148.293 8.53333 
0 2 2.5 1 -13.7331 64.5557 8.53333 
0 4 2.5 1 35.594 51.4939 8.53333 
0 4 5 1 47.816 154.503 8.53333 
0 2 5 1 -3.82956 159.645 8.53333 
0.5 0.5 -0.5 1 -50.0117 -32.9153 8.53333 
0.5 0.5 6 1 -14.7951 199.228 8.53333 
10.5 0.5 -0.5 1 167.609 48.8797 8.53333 
10.5 0.5 6 1 176.553 186.491 8.53333 
10.5 10.5 -0.5 1 381.952 -0.156279 8.53333 
10.5 10.5 6 1 386.434 175.593 8.53333 
0.5 10.5 -0.5 1 279.655 -179.867 8.53333 
0.5 10.5 6 1 297.398 180.913 8.53333 
0.5 5.5 9.5 1 126.495 327.485 8.53333 
10.5 5.5 9.5 1 277.672 260.12 8.53333 
0.5 6.5 -0.5 1 114.564 -106.372 8.53333 
0.5 8.5 -0.5 1 189.999 -137.18 8.53333 
0.5 8.5 4.5 1 207.743 115.19 8.53333 
0.5 6.5 4.5 1 137.225 124.709 8.53333 
0.5 2.5 2 1 9.25243 46.8597 8.53333 
0.5 4.5 2 1 61.9267 33.371 8.53333 
0.5 4.5 4.5 1 73.7938 133.819 8.53333 
0.5 2.5 4.5 1 24.4375 141.919 8.53333 
