0 0 0 1 377.898 131.988 16.1001 
0 0 6.5 1 397.64 309.025 16.1001 
10 0 0 1 85.791 123.39 16.1001 
10 0 6.5 1 100.356 346.299 16.1001 
10 10 0 1 85.995 197.742 16.1001 
10 10 6.5 1 95.3555 332.051 16.1001 
0 10 0 1 275.675 193.915 16.1001 
0 10 6.5 1 285.361 308.88 16.1001 
0 5 10 1 339.522 387.706 16.1001 
10 5 10 1 104.381 429.204 16.1001 
0 6 0 1 305.625 176.467 16.1001 
0 8 0 1 288.67 186.432 16.1001 
0 8 5 1 299.019 276.845 16.1001 
0 6 5 1 316.503 279.612 16.1001 
0 2 2.5 1 354.994 209.709 16.1001 
0 4 2.5 1 326.779 217.515 16.1001 
0 4 5 1 338.344 273.96 16.1001 
0 2 5 1 359.54 269.608 16.1001 
0.5 0.5 -0.5 1 357.061 125.189 16.1001 
0.5 0.5 6 1 375.759 298.445 16.1001 
10.5 0.5 -0.5 1 66.9288 110.249 16.1001 
10.5 0.5 6 1 81.0816 330.947 16.1001 
10.5 10.5 -0.5 1 75.6554 189.785 16.1001 
10.5 10.5 6 1 87.5803 318.427 16.1001 
0.5 10.5 -0.5 1 260.357 187.924 16.1001 
0.5 10.5 6 1 274.289 299.686 16.1001 
0.5 5.5 9.5 1 321.971 373.901 16.1001 
10.5 5.5 9.5 1 89.4313 411.493 16.1001 
0.5 6.5 -0.5 1 289.646 165.739 16.1001 
0.5 8.5 -0.5 1 276.88 180.519 16.1001 
0.5 8.5 4.5 1 283.998 273.874 16.1001 
0.5 6.5 4.5 1 302.372 270.916 16.1001 
0.5 2.5 2 1 337.429 199.741 16.1001 
0.5 4.5 2 1 314.952 209.551 16.1001 
0.5 4.5 4.5 1 321.047 262.672 16.1001 
0.5 2.5 4.5 1 341.268 261.173 16.1001 
