0 0 0 1 379.796 69.2875 0.733334 
0 0 6.5 1 365.196 218.189 0.733334 
10 0 0 1 582.952 -35.9432 0.733334 
10 0 6.5 1 540.632 241.862 0.733334 
10 10 0 1 144.19 -132.205 0.733334 
10 10 6.5 1 128.312 218.311 0.733334 
0 10 0 1 147.043 36.6798 0.733334 
0 10 6.5 1 139.558 203.655 0.733334 
0 5 10 1 251.473 287.521 0.733334 
10 5 10 1 341.623 379.707 0.733334 
0 6 0 1 245.846 50.3069 0.733334 
0 8 0 1 199.897 46.8091 0.733334 
0 8 5 1 190.355 168.201 0.733334 
0 6 5 1 237.607 170.227 0.733334 
0 2 2.5 1 330.097 124.163 0.733334 
0 4 2.5 1 289.851 119.941 0.733334 
0 4 5 1 282.195 176.862 0.733334 
0 2 5 1 327.645 180.67 0.733334 
0.5 0.5 -0.5 1 373.008 53.3193 0.733334 
0.5 0.5 6 1 357.984 208.078 0.733334 
10.5 0.5 -0.5 1 589.396 -71.9184 0.733334 
10.5 0.5 6 1 545.079 222.147 0.733334 
10.5 10.5 -0.5 1 112.589 -191.137 0.733334 
10.5 10.5 6 1 102.411 197.975 0.733334 
0.5 10.5 -0.5 1 134.224 18.2238 0.733334 
0.5 10.5 6 1 127.609 186.813 0.733334 
0.5 5.5 9.5 1 242.999 279.037 0.733334 
10.5 5.5 9.5 1 333.384 366.409 0.733334 
0.5 6.5 -0.5 1 236.126 35.2906 0.733334 
0.5 8.5 -0.5 1 187.336 23.8263 0.733334 
0.5 8.5 4.5 1 180.211 153.025 0.733334 
0.5 6.5 4.5 1 228.622 158.849 0.733334 
0.5 2.5 2 1 324.956 108.867 0.733334 
0.5 4.5 2 1 281.046 102.621 0.733334 
0.5 4.5 4.5 1 274.598 164.166 0.733334 
0.5 2.5 4.5 1 324.299 168.149 0.733334 
