0 0 0 1 225.381 236.256 3.96666 
0 0 6.5 1 232.513 352.003 3.96666 
10 0 0 1 409.99 212.387 3.96666 
10 0 6.5 1 425.422 344.138 3.96666 
10 10 0 1 404.764 146.256 3.96666 
10 10 6.5 1 430.113 367.112 3.96666 
0 10 0 1 121.705 199.005 3.96666 
0 10 6.5 1 125.387 377.636 3.96666 
0 5 10 1 196.34 444.221 3.96666 
10 5 10 1 439.893 449.373 3.96666 
0 6 0 1 175.976 218.399 3.96666 
0 8 0 1 149.204 206.531 3.96666 
0 8 5 1 153.072 330.976 3.96666 
0 6 5 1 180.074 330.614 3.96666 
0 2 2.5 1 214.186 279.028 3.96666 
0 4 2.5 1 193.919 276.401 3.96666 
0 4 5 1 199.776 328.537 3.96666 
0 2 5 1 215.162 326.785 3.96666 
0.5 0.5 -0.5 1 228.553 228.167 3.96666 
0.5 0.5 6 1 238.393 343.863 3.96666 
10.5 0.5 -0.5 1 418.478 199.221 3.96666 
10.5 0.5 6 1 436.358 334.059 3.96666 
10.5 10.5 -0.5 1 418.256 120.994 3.96666 
10.5 10.5 6 1 448.531 350.098 3.96666 
0.5 10.5 -0.5 1 124.741 179.748 3.96666 
0.5 10.5 6 1 131.519 362.667 3.96666 
0.5 5.5 9.5 1 201.466 436.492 3.96666 
10.5 5.5 9.5 1 451.697 440.826 3.96666 
0.5 6.5 -0.5 1 177.307 203.964 3.96666 
0.5 8.5 -0.5 1 152.103 194.168 3.96666 
0.5 8.5 4.5 1 157.352 318.522 3.96666 
0.5 6.5 4.5 1 180.779 317.312 3.96666 
0.5 2.5 2 1 215.736 268.926 3.96666 
0.5 4.5 2 1 204.538 265.392 3.96666 
0.5 4.5 4.5 1 203.476 316.36 3.96666 
0.5 2.5 4.5 1 221.224 317.137 3.96666 
