0 0 0 1 386.182 126.785 19.0001 
0 0 6.5 1 370.011 291.378 19.0001 
10 0 0 1 372.31 -2.29754 19.0001 
10 0 6.5 1 334.669 323.752 19.0001 
10 10 0 1 -18.5115 23.1577 19.0001 
10 10 6.5 1 -33.4146 266.429 19.0001 
0 10 0 1 167.22 124.51 19.0001 
0 10 6.5 1 156.459 262.132 19.0001 
0 5 10 1 247.982 352.662 19.0001 
10 5 10 1 112.402 436.093 19.0001 
0 6 0 1 251.605 125.45 19.0001 
0 8 0 1 206.346 125.685 19.0001 
0 8 5 1 199.759 234.24 19.0001 
0 6 5 1 238.009 239.209 19.0001 
0 2 2.5 1 332.462 183.977 19.0001 
0 4 2.5 1 286.607 188.119 19.0001 
0 4 5 1 283.463 241.891 19.0001 
0 2 5 1 325.617 246.746 19.0001 
0.5 0.5 -0.5 1 374.604 113.685 19.0001 
0.5 0.5 6 1 360.648 276.572 19.0001 
10.5 0.5 -0.5 1 346.408 -41.7255 19.0001 
10.5 0.5 6 1 311.454 296.661 19.0001 
10.5 10.5 -0.5 1 -45.1321 -4.7836 19.0001 
10.5 10.5 6 1 -65.7924 248.825 19.0001 
0.5 10.5 -0.5 1 154.737 108.954 19.0001 
0.5 10.5 6 1 141.753 251.035 19.0001 
0.5 5.5 9.5 1 235.726 343.531 19.0001 
10.5 5.5 9.5 1 82.8663 420.042 19.0001 
0.5 6.5 -0.5 1 236.08 110.404 19.0001 
0.5 8.5 -0.5 1 193.437 113.414 19.0001 
0.5 8.5 4.5 1 186.394 224.207 19.0001 
0.5 6.5 4.5 1 226.482 224.154 19.0001 
0.5 2.5 2 1 321.365 173.742 19.0001 
0.5 4.5 2 1 273.163 171.199 19.0001 
0.5 4.5 4.5 1 267.365 227.185 19.0001 
0.5 2.5 4.5 1 316.662 232.818 19.0001 
