0 0 0 1 382.518 105.398 0.3 
0 0 6.5 1 368.932 254.627 0.3 
10 0 0 1 549.515 -9.95935 0.3 
10 0 6.5 1 511.601 282.413 0.3 
10 10 0 1 87.7048 -79.3247 0.3 
10 10 6.5 1 63.3844 240.858 0.3 
0 10 0 1 151.101 75.6169 0.3 
0 10 6.5 1 140.999 232.164 0.3 
0 5 10 1 250.096 321.342 0.3 
10 5 10 1 284.122 415.374 0.3 
0 6 0 1 245.315 88.8006 0.3 
0 8 0 1 201.793 82.8902 0.3 
0 8 5 1 191.88 202.163 0.3 
0 6 5 1 237.37 204.756 0.3 
0 2 2.5 1 332.826 161.692 0.3 
0 4 2.5 1 292.462 151.535 0.3 
0 4 5 1 282.052 212.391 0.3 
0 2 5 1 326.71 217.558 0.3 
0.5 0.5 -0.5 1 376.898 89.3861 0.3 
0.5 0.5 6 1 360.948 239.064 0.3 
10.5 0.5 -0.5 1 546.477 -48.5658 0.3 
10.5 0.5 6 1 507.719 259.474 0.3 
10.5 10.5 -0.5 1 58.1447 -129.265 0.3 
10.5 10.5 6 1 32.0429 214.682 0.3 
0.5 10.5 -0.5 1 138.466 58.6124 0.3 
0.5 10.5 6 1 126.681 221.84 0.3 
0.5 5.5 9.5 1 239.162 311.541 0.3 
10.5 5.5 9.5 1 263.316 402.528 0.3 
0.5 6.5 -0.5 1 233.972 70.2259 0.3 
0.5 8.5 -0.5 1 186.494 65.6524 0.3 
0.5 8.5 4.5 1 177.313 190.57 0.3 
0.5 6.5 4.5 1 227.938 194.741 0.3 
0.5 2.5 2 1 326.721 143.9 0.3 
0.5 4.5 2 1 278.808 138.777 0.3 
0.5 4.5 4.5 1 272.872 196.872 0.3 
0.5 2.5 4.5 1 318.804 203.912 0.3 
