0 0 0 1 381.757 102.307 0.333333 
0 0 6.5 1 366.597 251.362 0.333333 
10 0 0 1 552.488 -15.0625 0.333333 
10 0 6.5 1 514.534 272.75 0.333333 
10 10 0 1 91.1155 -85.2565 0.333333 
10 10 6.5 1 66.9678 237.773 0.333333 
0 10 0 1 150.073 73.638 0.333333 
0 10 6.5 1 141.707 228.079 0.333333 
0 5 10 1 248.063 315.46 0.333333 
10 5 10 1 287.61 409.607 0.333333 
0 6 0 1 247.287 84.7975 0.333333 
0 8 0 1 199.373 77.5729 0.333333 
0 8 5 1 192.037 197.166 0.333333 
0 6 5 1 238.295 201.428 0.333333 
0 2 2.5 1 335.264 153.034 0.333333 
0 4 2.5 1 289.573 148.659 0.333333 
0 4 5 1 283.26 205.384 0.333333 
0 2 5 1 325.286 210.595 0.333333 
0.5 0.5 -0.5 1 378.786 84.2905 0.333333 
0.5 0.5 6 1 359.508 240.038 0.333333 
10.5 0.5 -0.5 1 552.502 -53.1099 0.333333 
10.5 0.5 6 1 510.03 255.821 0.333333 
10.5 10.5 -0.5 1 60.8802 -137.739 0.333333 
10.5 10.5 6 1 37.2677 210.599 0.333333 
0.5 10.5 -0.5 1 140.506 53.5265 0.333333 
0.5 10.5 6 1 127.438 214.771 0.333333 
0.5 5.5 9.5 1 240.744 307.798 0.333333 
10.5 5.5 9.5 1 271.452 394.906 0.333333 
0.5 6.5 -0.5 1 236.966 66.5341 0.333333 
0.5 8.5 -0.5 1 190.48 59.1188 0.333333 
0.5 8.5 4.5 1 176.834 182.384 0.333333 
0.5 6.5 4.5 1 227.696 189.817 0.333333 
0.5 2.5 2 1 328.574 139.687 0.333333 
0.5 4.5 2 1 279.675 135.304 0.333333 
0.5 4.5 4.5 1 274.925 192.987 0.333333 
0.5 2.5 4.5 1 320.01 199.448 0.333333 
