0 0 0 1 366.654 71.5801 1.1 
0 0 6.5 1 353.268 214.145 1.1 
10 0 0 1 586.274 -4.46054 1.1 
10 0 6.5 1 542.546 250.929 1.1 
10 10 0 1 196.526 -97.6416 1.1 
10 10 6.5 1 185.146 256.418 1.1 
0 10 0 1 140.347 42.7408 1.1 
0 10 6.5 1 137.195 209.643 1.1 
0 5 10 1 251.106 291.545 1.1 
10 5 10 1 380.61 387.934 1.1 
0 6 0 1 242.732 54.8109 1.1 
0 8 0 1 191.352 47.5912 1.1 
0 8 5 1 191.114 175.57 1.1 
0 6 5 1 232.792 177 1.1 
0 2 2.5 1 320.604 123.087 1.1 
0 4 2.5 1 282.549 117.243 1.1 
0 4 5 1 280.596 177.782 1.1 
0 2 5 1 319.823 184.004 1.1 
0.5 0.5 -0.5 1 360.926 54.9285 1.1 
0.5 0.5 6 1 351.977 205.525 1.1 
10.5 0.5 -0.5 1 596.93 -38.5486 1.1 
10.5 0.5 6 1 551.494 235.13 1.1 
10.5 10.5 -0.5 1 171.243 -152.926 1.1 
10.5 10.5 6 1 165.643 236.329 1.1 
0.5 10.5 -0.5 1 126.499 22.3262 1.1 
0.5 10.5 6 1 126.881 197.111 1.1 
0.5 5.5 9.5 1 248.589 282.67 1.1 
10.5 5.5 9.5 1 374.795 381.254 1.1 
0.5 6.5 -0.5 1 233.343 38.1145 1.1 
0.5 8.5 -0.5 1 183.3 26.9509 1.1 
0.5 8.5 4.5 1 181.151 162.956 1.1 
0.5 6.5 4.5 1 226.376 164.327 1.1 
0.5 2.5 2 1 321.142 110.977 1.1 
0.5 4.5 2 1 272.914 110.201 1.1 
0.5 4.5 4.5 1 272.52 167.866 1.1 
0.5 2.5 4.5 1 313.714 170.746 1.1 
