0 0 0 1 147.42 247.557 5.26666 
0 0 6.5 1 139.49 371.594 5.26666 
10 0 0 1 329.634 258.322 5.26666 
10 0 6.5 1 324.969 379.513 5.26666 
10 10 0 1 402.28 213.422 5.26666 
10 10 6.5 1 399.928 411.035 5.26666 
0 10 0 1 107.201 192.929 5.26666 
0 10 6.5 1 84.3135 400.591 5.26666 
0 5 10 1 107.688 472.327 5.26666 
10 5 10 1 351.969 477.951 5.26666 
0 6 0 1 126.611 220.034 5.26666 
0 8 0 1 115.578 207.748 5.26666 
0 8 5 1 104.048 346.307 5.26666 
0 6 5 1 118.208 344.527 5.26666 
0 2 2.5 1 137.924 289.407 5.26666 
0 4 2.5 1 130.271 286.735 5.26666 
0 4 5 1 128.154 343.15 5.26666 
0 2 5 1 136.062 343.344 5.26666 
0.5 0.5 -0.5 1 154.999 239.717 5.26666 
0.5 0.5 6 1 144.25 360.9 5.26666 
10.5 0.5 -0.5 1 339.382 251.594 5.26666 
10.5 0.5 6 1 339.457 369.882 5.26666 
10.5 10.5 -0.5 1 422.253 200.256 5.26666 
10.5 10.5 6 1 423.169 397.984 5.26666 
0.5 10.5 -0.5 1 122.01 176.192 5.26666 
0.5 10.5 6 1 99.2534 386.505 5.26666 
0.5 5.5 9.5 1 119.948 464.165 5.26666 
10.5 5.5 9.5 1 369.251 467.672 5.26666 
0.5 6.5 -0.5 1 141.918 205.254 5.26666 
0.5 8.5 -0.5 1 131.672 193.536 5.26666 
0.5 8.5 4.5 1 119.381 335.171 5.26666 
0.5 6.5 4.5 1 127.669 331.805 5.26666 
0.5 2.5 2 1 147.106 280.122 5.26666 
0.5 4.5 2 1 141.419 273.236 5.26666 
0.5 4.5 4.5 1 135.677 331.799 5.26666 
0.5 2.5 4.5 1 143.987 333.621 5.26666 
