0 0 0 1 388.211 65.086 19.9 
0 0 6.5 1 373.366 225.333 19.9 
10 0 0 1 514.238 -56.6436 19.9 
10 0 6.5 1 471.79 268.433 19.9 
10 10 0 1 8.02388 -76.4316 19.9 
10 10 6.5 1 20.7465 244.096 19.9 
0 10 0 1 144.866 52.0099 19.9 
0 10 6.5 1 144.814 209.974 19.9 
0 5 10 1 255.956 292.788 19.9 
10 5 10 1 236.204 402.055 19.9 
0 6 0 1 242.109 53.4298 19.9 
0 8 0 1 193.727 55.4753 19.9 
0 8 5 1 189.326 178.463 19.9 
0 6 5 1 235.918 181.519 19.9 
0 2 2.5 1 332.793 122.834 19.9 
0 4 2.5 1 285.024 122.871 19.9 
0 4 5 1 281.97 185.362 19.9 
0 2 5 1 330.12 186.182 19.9 
0.5 0.5 -0.5 1 380.083 48.4338 19.9 
0.5 0.5 6 1 365.55 213.114 19.9 
10.5 0.5 -0.5 1 502.507 -102.439 19.9 
10.5 0.5 6 1 455.877 248.161 19.9 
10.5 10.5 -0.5 1 -34.1196 -121.694 19.9 
10.5 10.5 6 1 -16.8521 220.622 19.9 
0.5 10.5 -0.5 1 129.785 34.6182 19.9 
0.5 10.5 6 1 130.791 200.011 19.9 
0.5 5.5 9.5 1 242.219 284.721 19.9 
10.5 5.5 9.5 1 213.037 390.405 19.9 
0.5 6.5 -0.5 1 228.084 42.9438 19.9 
0.5 8.5 -0.5 1 177.608 36.809 19.9 
0.5 8.5 4.5 1 178.085 164.888 19.9 
0.5 6.5 4.5 1 224.984 165.844 19.9 
0.5 2.5 2 1 325.092 112.353 19.9 
0.5 4.5 2 1 275.188 109.21 19.9 
0.5 4.5 4.5 1 275.137 168.856 19.9 
0.5 2.5 4.5 1 320.164 171.437 19.9 
