0 0 0 1 77.1423 78.1516 6.53333 
0 0 6.5 1 65.2416 225.196 6.53333 
10 0 0 1 268.58 125.52 6.53333 
10 0 6.5 1 257.374 239.036 6.53333 
10 10 0 1 406.012 78.2227 6.53333 
10 10 6.5 1 382.914 259.253 6.53333 
0 10 0 1 119.84 -14.305 6.53333 
0 10 6.5 1 99.4596 236.233 6.53333 
0 5 10 1 72.316 325.938 6.53333 
10 5 10 1 300.458 322.063 6.53333 
0 6 0 1 98.8985 38.2746 6.53333 
0 8 0 1 106.85 13.5496 6.53333 
0 8 5 1 93.0052 182.662 6.53333 
0 6 5 1 86.389 186.354 6.53333 
0 2 2.5 1 78.5141 129.237 6.53333 
0 4 2.5 1 86.8916 123.038 6.53333 
0 4 5 1 78.6948 187.569 6.53333 
0 2 5 1 73.876 189.481 6.53333 
0.5 0.5 -0.5 1 91.6373 70.5886 6.53333 
0.5 0.5 6 1 81.4652 215.214 6.53333 
10.5 0.5 -0.5 1 283.879 113.722 6.53333 
10.5 0.5 6 1 269.795 233.849 6.53333 
10.5 10.5 -0.5 1 424.452 64.0194 6.53333 
10.5 10.5 6 1 405.563 244.184 6.53333 
0.5 10.5 -0.5 1 145.092 -37.8765 6.53333 
0.5 10.5 6 1 123.878 218.565 6.53333 
0.5 5.5 9.5 1 88.5977 315.202 6.53333 
10.5 5.5 9.5 1 316.586 314.825 6.53333 
0.5 6.5 -0.5 1 116.329 18.601 6.53333 
0.5 8.5 -0.5 1 125.976 -3.27789 6.53333 
0.5 8.5 4.5 1 116.864 167.028 6.53333 
0.5 6.5 4.5 1 103.878 170.455 6.53333 
0.5 2.5 2 1 94.6315 120.008 6.53333 
0.5 4.5 2 1 98.7793 109.12 6.53333 
0.5 4.5 4.5 1 94.8157 176.363 6.53333 
0.5 2.5 4.5 1 86.8988 175.957 6.53333 
