0 0 0 1 374.531 218.724 17.9001 
0 0 6.5 1 371.529 385.314 17.9001 
10 0 0 1 199.679 117.355 17.9001 
10 0 6.5 1 175.684 413.924 17.9001 
10 10 0 1 -3.48426 182.578 17.9001 
10 10 6.5 1 -32.0706 367.262 17.9001 
0 10 0 1 195.691 236.287 17.9001 
0 10 6.5 1 185.108 361.464 17.9001 
0 5 10 1 257.172 454.439 17.9001 
10 5 10 1 29.1972 523.25 17.9001 
0 6 0 1 253.68 231.786 17.9001 
0 8 0 1 224.447 233.253 17.9001 
0 8 5 1 215.694 332.186 17.9001 
0 6 5 1 246.299 337.191 17.9001 
0 2 2.5 1 325.362 281 17.9001 
0 4 2.5 1 288.702 280.662 17.9001 
0 4 5 1 282.009 337.492 17.9001 
0 2 5 1 324.785 339.995 17.9001 
0.5 0.5 -0.5 1 358.402 202.898 17.9001 
0.5 0.5 6 1 353.163 369.673 17.9001 
10.5 0.5 -0.5 1 167.597 92.2383 17.9001 
10.5 0.5 6 1 139.904 384.746 17.9001 
10.5 10.5 -0.5 1 -17.8473 166.242 17.9001 
10.5 10.5 6 1 -51.7793 350.432 17.9001 
0.5 10.5 -0.5 1 179.543 226.692 17.9001 
0.5 10.5 6 1 168.483 352.976 17.9001 
0.5 5.5 9.5 1 244.74 442.775 17.9001 
10.5 5.5 9.5 1 1.5199 503.001 17.9001 
0.5 6.5 -0.5 1 241.952 218.22 17.9001 
0.5 8.5 -0.5 1 209.856 223.027 17.9001 
0.5 8.5 4.5 1 200.095 326.375 17.9001 
0.5 6.5 4.5 1 234.747 326.278 17.9001 
0.5 2.5 2 1 310.751 269.647 17.9001 
0.5 4.5 2 1 272.733 268.417 17.9001 
0.5 4.5 4.5 1 268.45 325.954 17.9001 
0.5 2.5 4.5 1 307.933 326.873 17.9001 
