0 0 0 1 373.425 234.717 17.7001 
0 0 6.5 1 372.705 405.825 17.7001 
10 0 0 1 172.144 153.442 17.7001 
10 0 6.5 1 150.955 448.06 17.7001 
10 10 0 1 2.33259 212.915 17.7001 
10 10 6.5 1 -23.7591 395.504 17.7001 
0 10 0 1 201.503 256.908 17.7001 
0 10 6.5 1 192.63 381.652 17.7001 
0 5 10 1 267.779 477.204 17.7001 
10 5 10 1 26.5568 551.399 17.7001 
0 6 0 1 256.432 248.524 17.7001 
0 8 0 1 227.57 254.387 17.7001 
0 8 5 1 222.445 354.885 17.7001 
0 6 5 1 252.946 356.487 17.7001 
0 2 2.5 1 327.912 302.429 17.7001 
0 4 2.5 1 287.79 300.143 17.7001 
0 4 5 1 287.592 361.273 17.7001 
0 2 5 1 329.807 362.865 17.7001 
0.5 0.5 -0.5 1 352.69 221.061 17.7001 
0.5 0.5 6 1 356.917 394.776 17.7001 
10.5 0.5 -0.5 1 143.054 130.798 17.7001 
10.5 0.5 6 1 119.848 420.442 17.7001 
10.5 10.5 -0.5 1 -13.7636 204.573 17.7001 
10.5 10.5 6 1 -40.0892 379.359 17.7001 
0.5 10.5 -0.5 1 186.359 246.068 17.7001 
0.5 10.5 6 1 182.336 372.51 17.7001 
0.5 5.5 9.5 1 252.287 464.514 17.7001 
10.5 5.5 9.5 1 0.270377 528.866 17.7001 
0.5 6.5 -0.5 1 245.334 238.679 17.7001 
0.5 8.5 -0.5 1 213.68 245.967 17.7001 
0.5 8.5 4.5 1 208.074 343.289 17.7001 
0.5 6.5 4.5 1 239.685 347.979 17.7001 
0.5 2.5 2 1 309.757 288.154 17.7001 
0.5 4.5 2 1 269.592 288.853 17.7001 
0.5 4.5 4.5 1 275.041 345.529 17.7001 
0.5 2.5 4.5 1 308.849 348.408 17.7001 
