0 0 0 1 396.961 7.08264 12.5667 
0 0 6.5 1 369.24 288.938 12.5667 
10 0 0 1 152.098 83.3197 12.5667 
10 0 6.5 1 136.644 256.678 12.5667 
10 10 0 1 308.621 148.432 12.5667 
10 10 6.5 1 297.285 269.156 12.5667 
0 10 0 1 517.114 124.673 12.5667 
0 10 6.5 1 499.381 291.248 12.5667 
0 5 10 1 440.659 402.367 12.5667 
10 5 10 1 224.368 338.657 12.5667 
0 6 0 1 485.417 91.7659 12.5667 
0 8 0 1 501.942 111.446 12.5667 
0 8 5 1 486.229 249.466 12.5667 
0 6 5 1 467.753 246.347 12.5667 
0 2 2.5 1 421.878 138.264 12.5667 
0 4 2.5 1 453.092 155.359 12.5667 
0 4 5 1 440.838 238.561 12.5667 
0 2 5 1 412.612 231.102 12.5667 
0.5 0.5 -0.5 1 390.071 -0.0692474 12.5667 
0.5 0.5 6 1 364.561 265.831 12.5667 
10.5 0.5 -0.5 1 159.098 78.6356 12.5667 
10.5 0.5 6 1 141.767 245.045 12.5667 
10.5 10.5 -0.5 1 311.073 142.012 12.5667 
10.5 10.5 6 1 300.045 261.083 12.5667 
0.5 10.5 -0.5 1 508.736 119.018 12.5667 
0.5 10.5 6 1 494.066 277.131 12.5667 
0.5 5.5 9.5 1 432.832 380.907 12.5667 
10.5 5.5 9.5 1 224.108 327.709 12.5667 
0.5 6.5 -0.5 1 474.289 83.2554 12.5667 
0.5 8.5 -0.5 1 491.771 104.731 12.5667 
0.5 8.5 4.5 1 479.893 238.282 12.5667 
0.5 6.5 4.5 1 459.787 229.035 12.5667 
0.5 2.5 2 1 413.57 123.985 12.5667 
0.5 4.5 2 1 441.378 145.267 12.5667 
0.5 4.5 4.5 1 437.288 222.662 12.5667 
0.5 2.5 4.5 1 404.856 213.282 12.5667 
