0 0 0 1 96.8638 69.262 10.5 
0 0 6.5 1 93.3582 367.471 10.5 
10 0 0 1 141.026 201.995 10.5 
10 0 6.5 1 139.835 353.352 10.5 
10 10 0 1 357.672 199.986 10.5 
10 10 6.5 1 369.937 342.851 10.5 
0 10 0 1 499.586 88.1461 10.5 
0 10 6.5 1 538.166 343.361 10.5 
0 5 10 1 344.939 527.846 10.5 
10 5 10 1 265.456 431.882 10.5 
0 6 0 1 350.125 82.5403 10.5 
0 8 0 1 430.779 84.9667 10.5 
0 8 5 1 450.531 283.306 10.5 
0 6 5 1 371.302 282.945 10.5 
0 2 2.5 1 189.034 175.196 10.5 
0 4 2.5 1 276.002 181.03 10.5 
0 4 5 1 285.309 285.162 10.5 
0 2 5 1 191.941 288.637 10.5 
0.5 0.5 -0.5 1 121.494 65.5098 10.5 
0.5 0.5 6 1 122.907 344.887 10.5 
10.5 0.5 -0.5 1 150.148 195.652 10.5 
10.5 0.5 6 1 154.794 340.588 10.5 
10.5 10.5 -0.5 1 363.333 196.912 10.5 
10.5 10.5 6 1 376.559 329.52 10.5 
0.5 10.5 -0.5 1 500.06 81.8524 10.5 
0.5 10.5 6 1 540.869 320.952 10.5 
0.5 5.5 9.5 1 356.61 491.812 10.5 
10.5 5.5 9.5 1 272.795 417.842 10.5 
0.5 6.5 -0.5 1 360.861 75.4614 10.5 
0.5 8.5 -0.5 1 434.533 77.4722 10.5 
0.5 8.5 4.5 1 455.829 264.125 10.5 
0.5 6.5 4.5 1 383.154 263.442 10.5 
0.5 2.5 2 1 210.517 165.948 10.5 
0.5 4.5 2 1 293.963 161.094 10.5 
0.5 4.5 4.5 1 298.989 267.843 10.5 
0.5 2.5 4.5 1 213.431 267.992 10.5 
