0 0 0 1 -62.8415 58.1171 9.03334 
0 0 6.5 1 -25.8008 304.069 9.03334 
10 0 0 1 138.258 121.187 9.03334 
10 0 6.5 1 155.525 264.399 9.03334 
10 10 0 1 363.23 82.5373 9.03334 
10 10 6.5 1 372.5 249.138 9.03334 
0 10 0 1 324.06 -43.9707 9.03334 
0 10 6.5 1 351.959 290.375 9.03334 
0 5 10 1 150.114 444.982 9.03334 
10 5 10 1 263.081 332.781 9.03334 
0 6 0 1 142.053 4.4759 9.03334 
0 8 0 1 227.844 -20.9904 9.03334 
0 8 5 1 251.763 222.418 9.03334 
0 6 5 1 167.628 232.04 9.03334 
0 2 2.5 1 13.3908 143.116 9.03334 
0 4 2.5 1 80.6046 131.555 9.03334 
0 4 5 1 91.3398 234.651 9.03334 
0 2 5 1 25.0398 247.804 9.03334 
0.5 0.5 -0.5 1 -33.0516 39.6352 9.03334 
0.5 0.5 6 1 0.93147 281.951 9.03334 
10.5 0.5 -0.5 1 155.694 111.597 9.03334 
10.5 0.5 6 1 174.25 250.495 9.03334 
10.5 10.5 -0.5 1 371.875 74.8557 9.03334 
10.5 10.5 6 1 385.625 232.554 9.03334 
0.5 10.5 -0.5 1 353.518 -64.7031 9.03334 
0.5 10.5 6 1 377.234 260.241 9.03334 
0.5 5.5 9.5 1 180.309 414.319 9.03334 
10.5 5.5 9.5 1 277.002 320.313 9.03334 
0.5 6.5 -0.5 1 169.699 -16.7888 9.03334 
0.5 8.5 -0.5 1 258.977 -39.0906 9.03334 
0.5 8.5 4.5 1 278.25 195.711 9.03334 
0.5 6.5 4.5 1 192.351 207.627 9.03334 
0.5 2.5 2 1 41.3903 128.015 9.03334 
0.5 4.5 2 1 108.071 110.049 9.03334 
0.5 4.5 4.5 1 120.866 216.957 9.03334 
0.5 2.5 4.5 1 53.1968 222.611 9.03334 
