0 0 0 1 434.835 30.1062 13.2667 
0 0 6.5 1 404.216 290.866 13.2667 
10 0 0 1 139.451 64.5237 13.2667 
10 0 6.5 1 130.275 248.193 13.2667 
10 10 0 1 277.533 117.879 13.2667 
10 10 6.5 1 265.591 236.681 13.2667 
0 10 0 1 479.743 111.648 13.2667 
0 10 6.5 1 458.869 259.517 13.2667 
0 5 10 1 425.976 367.925 13.2667 
10 5 10 1 207.011 314.51 13.2667 
0 6 0 1 465.347 91.088 13.2667 
0 8 0 1 475.875 100.022 13.2667 
0 8 5 1 458.322 228.164 13.2667 
0 6 5 1 447.641 229 13.2667 
0 2 2.5 1 437.513 146.304 13.2667 
0 4 2.5 1 448.625 151.441 13.2667 
0 4 5 1 437.869 228.734 13.2667 
0 2 5 1 426.507 233.794 13.2667 
0.5 0.5 -0.5 1 418.921 19.6755 13.2667 
0.5 0.5 6 1 390.549 268.92 13.2667 
10.5 0.5 -0.5 1 139.22 55.1641 13.2667 
10.5 0.5 6 1 133.179 230.847 13.2667 
10.5 10.5 -0.5 1 273.429 107.087 13.2667 
10.5 10.5 6 1 264.134 225.36 13.2667 
0.5 10.5 -0.5 1 469.227 100.539 13.2667 
0.5 10.5 6 1 451.325 249.372 13.2667 
0.5 5.5 9.5 1 414.196 348.406 13.2667 
10.5 5.5 9.5 1 206.358 298.552 13.2667 
0.5 6.5 -0.5 1 456.358 79.1786 13.2667 
0.5 8.5 -0.5 1 462.524 91.193 13.2667 
0.5 8.5 4.5 1 447.054 215.388 13.2667 
0.5 6.5 4.5 1 440.923 218.315 13.2667 
0.5 2.5 2 1 424.724 130.265 13.2667 
0.5 4.5 2 1 438.98 142.749 13.2667 
0.5 4.5 4.5 1 428.413 215.291 13.2667 
0.5 2.5 4.5 1 414.959 212.975 13.2667 
