0 0 0 1 25.6287 50.8559 7.16666 
0 0 6.5 1 28.1421 217.942 7.16666 
10 0 0 1 234.648 91.9284 7.16666 
10 0 6.5 1 224.951 217.28 7.16666 
10 10 0 1 397.16 64.6408 7.16666 
10 10 6.5 1 378.705 242.352 7.16666 
0 10 0 1 132.407 -33.1556 7.16666 
0 10 6.5 1 127.162 254.528 7.16666 
0 5 10 1 64.2297 334.344 7.16666 
10 5 10 1 281.91 301.739 7.16666 
0 6 0 1 72.5987 12.6389 7.16666 
0 8 0 1 100.035 -9.65436 7.16666 
0 8 5 1 97.7684 190.851 7.16666 
0 6 5 1 74.6514 187.302 7.16666 
0 2 2.5 1 42.185 111.217 7.16666 
0 4 2.5 1 55.7906 107.032 7.16666 
0 4 5 1 55.081 185.591 7.16666 
0 2 5 1 38.4959 182.177 7.16666 
0.5 0.5 -0.5 1 42.4933 39.128 7.16666 
0.5 0.5 6 1 44.9954 204.513 7.16666 
10.5 0.5 -0.5 1 244.628 86.5045 7.16666 
10.5 0.5 6 1 238.586 208.537 7.16666 
10.5 10.5 -0.5 1 418.918 49.6498 7.16666 
10.5 10.5 6 1 399.712 233.595 7.16666 
0.5 10.5 -0.5 1 161.143 -56.6788 7.16666 
0.5 10.5 6 1 153.059 238.877 7.16666 
0.5 5.5 9.5 1 84.6073 323.678 7.16666 
10.5 5.5 9.5 1 301.567 293.058 7.16666 
0.5 6.5 -0.5 1 100.314 -7.52759 7.16666 
0.5 8.5 -0.5 1 125.903 -28.3079 7.16666 
0.5 8.5 4.5 1 121.123 175.222 7.16666 
0.5 6.5 4.5 1 94.9894 172.572 7.16666 
0.5 2.5 2 1 57.4897 98.9356 7.16666 
0.5 4.5 2 1 74.4979 91.8084 7.16666 
0.5 4.5 4.5 1 77.092 170.725 7.16666 
0.5 2.5 4.5 1 57.9908 171.823 7.16666 
