0 0 0 1 116.714 197.668 5.83333 
0 0 6.5 1 101.964 321.179 5.83333 
10 0 0 1 300.567 218.547 5.83333 
10 0 6.5 1 291.871 334.464 5.83333 
10 10 0 1 400.281 181.515 5.83333 
10 10 6.5 1 387.975 364.284 5.83333 
0 10 0 1 109.773 130.342 5.83333 
0 10 6.5 1 83.4786 345.652 5.83333 
0 5 10 1 83.2879 424.605 5.83333 
10 5 10 1 322.093 425.628 5.83333 
0 6 0 1 111.363 160.514 5.83333 
0 8 0 1 112.628 150.299 5.83333 
0 8 5 1 93.5883 293.099 5.83333 
0 6 5 1 99.1948 294.198 5.83333 
0 2 2.5 1 108.564 235.974 5.83333 
0 4 2.5 1 103.726 234.863 5.83333 
0 4 5 1 100.08 292.766 5.83333 
0 2 5 1 104 294.608 5.83333 
0.5 0.5 -0.5 1 127.722 182.563 5.83333 
0.5 0.5 6 1 111.85 311.836 5.83333 
10.5 0.5 -0.5 1 313.485 209.968 5.83333 
10.5 0.5 6 1 302.865 327.847 5.83333 
10.5 10.5 -0.5 1 420.102 166.293 5.83333 
10.5 10.5 6 1 410.247 352.445 5.83333 
0.5 10.5 -0.5 1 129.992 114.699 5.83333 
0.5 10.5 6 1 102.219 334.64 5.83333 
0.5 5.5 9.5 1 99.564 408.43 5.83333 
10.5 5.5 9.5 1 338.346 416.881 5.83333 
0.5 6.5 -0.5 1 127.234 150.609 5.83333 
0.5 8.5 -0.5 1 126.589 133.809 5.83333 
0.5 8.5 4.5 1 107.247 285.922 5.83333 
0.5 6.5 4.5 1 112.215 276.479 5.83333 
0.5 2.5 2 1 122.095 228.48 5.83333 
0.5 4.5 2 1 122.34 221.861 5.83333 
0.5 4.5 4.5 1 113.568 279.666 5.83333 
0.5 2.5 4.5 1 113.856 283.289 5.83333 
