0 0 0 1 384.47 137.89 18.6667 
0 0 6.5 1 370.81 298.412 18.6667 
10 0 0 1 315.517 -9.52753 18.6667 
10 0 6.5 1 284.57 304.031 18.6667 
10 10 0 1 -14.0729 43.8113 18.6667 
10 10 6.5 1 -36.4917 263.545 18.6667 
0 10 0 1 176.51 144.381 18.6667 
0 10 6.5 1 162.757 274.693 18.6667 
0 5 10 1 250.031 365.382 18.6667 
10 5 10 1 80.2401 425.903 18.6667 
0 6 0 1 249.287 141.997 18.6667 
0 8 0 1 212.663 141.93 18.6667 
0 8 5 1 202.007 249.294 18.6667 
0 6 5 1 241.588 251.057 18.6667 
0 2 2.5 1 329.6 199.572 18.6667 
0 4 2.5 1 285.759 192.175 18.6667 
0 4 5 1 282.564 253.306 18.6667 
0 2 5 1 326.417 258.216 18.6667 
0.5 0.5 -0.5 1 371.709 124.426 18.6667 
0.5 0.5 6 1 357.016 286.534 18.6667 
10.5 0.5 -0.5 1 288.287 -44.4143 18.6667 
10.5 0.5 6 1 255.657 276.401 18.6667 
10.5 10.5 -0.5 1 -36.8487 22.3481 18.6667 
10.5 10.5 6 1 -66.4395 244.944 18.6667 
0.5 10.5 -0.5 1 163.715 129.232 18.6667 
0.5 10.5 6 1 148.617 264.954 18.6667 
0.5 5.5 9.5 1 236.508 354.543 18.6667 
10.5 5.5 9.5 1 47.9384 400.696 18.6667 
0.5 6.5 -0.5 1 238.081 125.185 18.6667 
0.5 8.5 -0.5 1 199.931 130.261 18.6667 
0.5 8.5 4.5 1 190.366 235.463 18.6667 
0.5 6.5 4.5 1 224.049 237.034 18.6667 
0.5 2.5 2 1 318.602 183.234 18.6667 
0.5 4.5 2 1 272.352 183.013 18.6667 
0.5 4.5 4.5 1 264.844 241.228 18.6667 
0.5 2.5 4.5 1 307.669 240.507 18.6667 
