0 0 0 1 391.188 123.86 19.1667 
0 0 6.5 1 370.154 282.962 19.1667 
10 0 0 1 397.295 6.01234 19.1667 
10 0 6.5 1 364.021 333.158 19.1667 
10 10 0 1 -17.3174 17.7363 19.1667 
10 10 6.5 1 -30.0372 275.67 19.1667 
0 10 0 1 166.208 115.961 19.1667 
0 10 6.5 1 154.465 257.069 19.1667 
0 5 10 1 246.662 347.517 19.1667 
10 5 10 1 130.517 447.114 19.1667 
0 6 0 1 247.388 122.515 19.1667 
0 8 0 1 204.74 118.254 19.1667 
0 8 5 1 196.054 227.679 19.1667 
0 6 5 1 238.293 234.512 19.1667 
0 2 2.5 1 330.46 182.803 19.1667 
0 4 2.5 1 286.707 181.522 19.1667 
0 4 5 1 281.62 240.761 19.1667 
0 2 5 1 327.453 245.676 19.1667 
0.5 0.5 -0.5 1 376.63 109.013 19.1667 
0.5 0.5 6 1 358.708 270.458 19.1667 
10.5 0.5 -0.5 1 374.615 -33.0708 19.1667 
10.5 0.5 6 1 339.795 310.772 19.1667 
10.5 10.5 -0.5 1 -46.4704 -11.7778 19.1667 
10.5 10.5 6 1 -61.8125 256.264 19.1667 
0.5 10.5 -0.5 1 148.692 104.228 19.1667 
0.5 10.5 6 1 138.682 246.523 19.1667 
0.5 5.5 9.5 1 234.208 340.116 19.1667 
10.5 5.5 9.5 1 98.7732 432.593 19.1667 
0.5 6.5 -0.5 1 231.775 105.107 19.1667 
0.5 8.5 -0.5 1 193.157 105.93 19.1667 
0.5 8.5 4.5 1 182.083 217.859 19.1667 
0.5 6.5 4.5 1 223.188 220.885 19.1667 
0.5 2.5 2 1 318.94 170.622 19.1667 
0.5 4.5 2 1 271.992 166.275 19.1667 
0.5 4.5 4.5 1 269.246 227.424 19.1667 
0.5 2.5 4.5 1 314.897 230.809 19.1667 
