0 0 0 1 335.993 71.074 1.66667 
0 0 6.5 1 337.09 208.579 1.66667 
10 0 0 1 561.875 13.4435 1.66667 
10 0 6.5 1 539.399 235.384 1.66667 
10 10 0 1 272.491 -69.3654 1.66667 
10 10 6.5 1 272.61 273.352 1.66667 
0 10 0 1 127.846 47.7853 1.66667 
0 10 6.5 1 137.852 223.21 1.66667 
0 5 10 1 248.643 288.777 1.66667 
10 5 10 1 423.622 374.848 1.66667 
0 6 0 1 225.652 60.6407 1.66667 
0 8 0 1 178.959 55.3669 1.66667 
0 8 5 1 180.74 183.898 1.66667 
0 6 5 1 226.495 181.572 1.66667 
0 2 2.5 1 305.027 123.86 1.66667 
0 4 2.5 1 265.376 122.803 1.66667 
0 4 5 1 265.681 181.977 1.66667 
0 2 5 1 303.874 178.351 1.66667 
0.5 0.5 -0.5 1 339.745 54.1169 1.66667 
0.5 0.5 6 1 331.773 198.928 1.66667 
10.5 0.5 -0.5 1 576.127 -12.5261 1.66667 
10.5 0.5 6 1 550.764 219.408 1.66667 
10.5 10.5 -0.5 1 263.147 -122.584 1.66667 
10.5 10.5 6 1 263.408 262.465 1.66667 
0.5 10.5 -0.5 1 115.776 30.1158 1.66667 
0.5 10.5 6 1 126.711 213.151 1.66667 
0.5 5.5 9.5 1 244.679 283.818 1.66667 
10.5 5.5 9.5 1 428.896 367.454 1.66667 
0.5 6.5 -0.5 1 218.676 40.3482 1.66667 
0.5 8.5 -0.5 1 171.272 38.8189 1.66667 
0.5 8.5 4.5 1 176.616 172.867 1.66667 
0.5 6.5 4.5 1 220.207 172.864 1.66667 
0.5 2.5 2 1 300.898 113.161 1.66667 
0.5 4.5 2 1 264.031 113.041 1.66667 
0.5 4.5 4.5 1 261.974 168.441 1.66667 
0.5 2.5 4.5 1 300.014 169.349 1.66667 
