0 0 0 1 338.392 70.0568 12.0667 
0 0 6.5 1 316.077 365.134 12.0667 
10 0 0 1 147.918 156.569 12.0667 
10 0 6.5 1 128.235 323.744 12.0667 
10 10 0 1 325.989 204.8 12.0667 
10 10 6.5 1 314.936 331.986 12.0667 
0 10 0 1 529.191 173.847 12.0667 
0 10 6.5 1 523.608 361.498 12.0667 
0 5 10 1 437.431 491.866 12.0667 
10 5 10 1 226.472 406.151 12.0667 
0 6 0 1 468.548 143.52 12.0667 
0 8 0 1 503.551 160.317 12.0667 
0 8 5 1 497.508 318.484 12.0667 
0 6 5 1 464.162 309.683 12.0667 
0 2 2.5 1 386.46 199.649 12.0667 
0 4 2.5 1 432.463 209.935 12.0667 
0 4 5 1 427.225 300.716 12.0667 
0 2 5 1 378.703 299.265 12.0667 
0.5 0.5 -0.5 1 335.694 66.1973 12.0667 
0.5 0.5 6 1 315.848 337.105 12.0667 
10.5 0.5 -0.5 1 154.07 149.132 12.0667 
10.5 0.5 6 1 136.076 307.507 12.0667 
10.5 10.5 -0.5 1 322.342 200.587 12.0667 
10.5 10.5 6 1 316.312 319.921 12.0667 
0.5 10.5 -0.5 1 519.38 164.57 12.0667 
0.5 10.5 6 1 512.15 340.829 12.0667 
0.5 5.5 9.5 1 433.734 465.363 12.0667 
10.5 5.5 9.5 1 232.974 391.044 12.0667 
0.5 6.5 -0.5 1 465.133 136.419 12.0667 
0.5 8.5 -0.5 1 497.439 151.23 12.0667 
0.5 8.5 4.5 1 488.653 297.147 12.0667 
0.5 6.5 4.5 1 457.252 287.872 12.0667 
0.5 2.5 2 1 385.489 186.314 12.0667 
0.5 4.5 2 1 423.958 199.256 12.0667 
0.5 4.5 4.5 1 421.736 286.528 12.0667 
0.5 2.5 4.5 1 377.397 280.508 12.0667 
