0 0 0 1 234.677 144.832 11.3667 
0 0 6.5 1 214.163 469.853 11.3667 
10 0 0 1 142.31 233.718 11.3667 
10 0 6.5 1 126.335 402.046 11.3667 
10 10 0 1 343.341 260.44 11.3667 
10 10 6.5 1 343.889 394.75 11.3667 
0 10 0 1 539.284 215.698 11.3667 
0 10 6.5 1 556.668 441.494 11.3667 
0 5 10 1 423.109 622.012 11.3667 
10 5 10 1 243.276 486.002 11.3667 
0 6 0 1 443.312 192.279 11.3667 
0 8 0 1 492.567 206.625 11.3667 
0 8 5 1 502.316 383.143 11.3667 
0 6 5 1 447.018 385.94 11.3667 
0 2 2.5 1 311.877 270.084 11.3667 
0 4 2.5 1 384.316 274.456 11.3667 
0 4 5 1 383.582 383.341 11.3667 
0 2 5 1 310.747 385.758 11.3667 
0.5 0.5 -0.5 1 247.863 138.478 11.3667 
0.5 0.5 6 1 235.903 436.498 11.3667 
10.5 0.5 -0.5 1 147.54 225.361 11.3667 
10.5 0.5 6 1 139.311 385.849 11.3667 
10.5 10.5 -0.5 1 345.293 248.85 11.3667 
10.5 10.5 6 1 342.699 383.08 11.3667 
0.5 10.5 -0.5 1 532.902 204.807 11.3667 
0.5 10.5 6 1 551.494 414.274 11.3667 
0.5 5.5 9.5 1 424.24 578.172 11.3667 
10.5 5.5 9.5 1 252.898 466.163 11.3667 
0.5 6.5 -0.5 1 440.076 185.596 11.3667 
0.5 8.5 -0.5 1 488.689 194.461 11.3667 
0.5 8.5 4.5 1 499.637 366.364 11.3667 
0.5 6.5 4.5 1 450.294 363.346 11.3667 
0.5 2.5 2 1 316.393 254.824 11.3667 
0.5 4.5 2 1 382.713 260.683 11.3667 
0.5 4.5 4.5 1 386.932 361.736 11.3667 
0.5 2.5 4.5 1 317.054 361.539 11.3667 
