0 0 0 1 -1.69019 123.586 9.76668 
0 0 6.5 1 13.1786 403.893 9.76668 
10 0 0 1 138.216 199.486 9.76668 
10 0 6.5 1 150.914 343.538 9.76668 
10 10 0 1 364.022 175.77 9.76668 
10 10 6.5 1 381.702 329.304 9.76668 
0 10 0 1 435.738 68.4328 9.76668 
0 10 6.5 1 472.143 368.61 9.76668 
0 5 10 1 250.761 556.749 9.76668 
10 5 10 1 270.859 418.114 9.76668 
0 6 0 1 251.687 90.2194 9.76668 
0 8 0 1 343.282 78.0954 9.76668 
0 8 5 1 365.961 302.61 9.76668 
0 6 5 1 274.559 313.278 9.76668 
0 2 2.5 1 89.5921 219.451 9.76668 
0 4 2.5 1 175.218 209.059 9.76668 
0 4 5 1 183.897 322.16 9.76668 
0 2 5 1 94.5191 328.775 9.76668 
0.5 0.5 -0.5 1 29.8158 106.204 9.76668 
0.5 0.5 6 1 46.2344 376.964 9.76668 
10.5 0.5 -0.5 1 150.815 190.133 9.76668 
10.5 0.5 6 1 163.568 331.919 9.76668 
10.5 10.5 -0.5 1 370.776 167.19 9.76668 
10.5 10.5 6 1 387.762 311.706 9.76668 
0.5 10.5 -0.5 1 447.55 53.1101 9.76668 
0.5 10.5 6 1 484.236 341.116 9.76668 
0.5 5.5 9.5 1 273.651 519.436 9.76668 
10.5 5.5 9.5 1 283.458 401.259 9.76668 
0.5 6.5 -0.5 1 272.507 74.8153 9.76668 
0.5 8.5 -0.5 1 362.369 63.6447 9.76668 
0.5 8.5 4.5 1 386.82 279.287 9.76668 
0.5 6.5 4.5 1 293.182 286.656 9.76668 
0.5 2.5 2 1 117.445 198.407 9.76668 
0.5 4.5 2 1 196.184 189.527 9.76668 
0.5 4.5 4.5 1 208.208 296.034 9.76668 
0.5 2.5 4.5 1 124.923 302.81 9.76668 
