0 0 0 1 386.73 59.9163 19.9334 
0 0 6.5 1 373.583 220.305 19.9334 
10 0 0 1 514.68 -66.1081 19.9334 
10 0 6.5 1 473.451 262.161 19.9334 
10 10 0 1 11.5467 -81.3484 19.9334 
10 10 6.5 1 23.5701 240.001 19.9334 
0 10 0 1 146.093 48.0834 19.9334 
0 10 6.5 1 142.178 206.289 19.9334 
0 5 10 1 256.437 289.008 19.9334 
10 5 10 1 238.771 396.29 19.9334 
0 6 0 1 243.076 50.3791 19.9334 
0 8 0 1 195.534 51.6668 19.9334 
0 8 5 1 193.218 175.627 19.9334 
0 6 5 1 236.322 177.703 19.9334 
0 2 2.5 1 332.973 118.846 19.9334 
0 4 2.5 1 287.856 116.028 19.9334 
0 4 5 1 283.745 177.989 19.9334 
0 2 5 1 328.675 184.745 19.9334 
0.5 0.5 -0.5 1 380.136 41.3884 19.9334 
0.5 0.5 6 1 366.827 207.398 19.9334 
10.5 0.5 -0.5 1 510.73 -112.931 19.9334 
10.5 0.5 6 1 463.088 241.513 19.9334 
10.5 10.5 -0.5 1 -31.5409 -128.359 19.9334 
10.5 10.5 6 1 -14.0441 216.501 19.9334 
0.5 10.5 -0.5 1 126.227 31.7801 19.9334 
0.5 10.5 6 1 129.096 196.059 19.9334 
0.5 5.5 9.5 1 243.002 280.325 19.9334 
10.5 5.5 9.5 1 218.752 385.353 19.9334 
0.5 6.5 -0.5 1 229.459 34.3764 19.9334 
0.5 8.5 -0.5 1 178.759 32.9604 19.9334 
0.5 8.5 4.5 1 174.412 161.272 19.9334 
0.5 6.5 4.5 1 224.961 165.411 19.9334 
0.5 2.5 2 1 323.989 106.714 19.9334 
0.5 4.5 2 1 271.072 102.721 19.9334 
0.5 4.5 4.5 1 275.121 167.086 19.9334 
0.5 2.5 4.5 1 321.207 166.989 19.9334 
