0 0 0 1 390.109 115.442 19.4667 
0 0 6.5 1 374.415 269.42 19.4667 
10 0 0 1 446.949 6.39931 19.4667 
10 0 6.5 1 408.094 330.407 19.4667 
10 10 0 1 -12.5222 1.96606 19.4667 
10 10 6.5 1 -13.1411 279.084 19.4667 
0 10 0 1 155.757 102.408 19.4667 
0 10 6.5 1 150.797 248.08 19.4667 
0 5 10 1 248.125 337.574 19.4667 
10 5 10 1 169.024 449.837 19.4667 
0 6 0 1 243.981 104.092 19.4667 
0 8 0 1 202.35 101.498 19.4667 
0 8 5 1 194.698 216.185 19.4667 
0 6 5 1 237.641 223.404 19.4667 
0 2 2.5 1 337.361 170.693 19.4667 
0 4 2.5 1 289.853 166.346 19.4667 
0 4 5 1 282.207 227.799 19.4667 
0 2 5 1 328.624 231.216 19.4667 
0.5 0.5 -0.5 1 379.238 96.6113 19.4667 
0.5 0.5 6 1 362.126 257.384 19.4667 
10.5 0.5 -0.5 1 428.811 -33.1236 19.4667 
10.5 0.5 6 1 387.164 313.751 19.4667 
10.5 10.5 -0.5 1 -45.9163 -31.2998 19.4667 
10.5 10.5 6 1 -46.4986 260.319 19.4667 
0.5 10.5 -0.5 1 139.947 85.03 19.4667 
0.5 10.5 6 1 133.312 236.064 19.4667 
0.5 5.5 9.5 1 235.548 324.089 19.4667 
10.5 5.5 9.5 1 144.152 436.867 19.4667 
0.5 6.5 -0.5 1 232.934 89.7636 19.4667 
0.5 8.5 -0.5 1 185.955 85.5764 19.4667 
0.5 8.5 4.5 1 183.879 204.852 19.4667 
0.5 6.5 4.5 1 221.42 209.054 19.4667 
0.5 2.5 2 1 320.368 157.848 19.4667 
0.5 4.5 2 1 275.779 154.258 19.4667 
0.5 4.5 4.5 1 268.016 213.843 19.4667 
0.5 2.5 4.5 1 314.667 216.421 19.4667 
