0 0 0 1 405.184 -13.1742 14.8334 
0 0 6.5 1 407.011 205.728 14.8334 
10 0 0 1 79.2779 15.7846 14.8334 
10 0 6.5 1 104.684 221.039 14.8334 
10 10 0 1 157.736 81.95 14.8334 
10 10 6.5 1 171.427 205.697 14.8334 
0 10 0 1 349.844 67.6857 14.8334 
0 10 6.5 1 355.842 195.94 14.8334 
0 5 10 1 379.228 276.415 14.8334 
10 5 10 1 153.578 293.419 14.8334 
0 6 0 1 368.744 44.3576 14.8334 
0 8 0 1 354.822 58.1632 14.8334 
0 8 5 1 361.481 164.397 14.8334 
0 6 5 1 369.137 164.247 14.8334 
0 2 2.5 1 389.802 90.2836 14.8334 
0 4 2.5 1 378.602 97.398 14.8334 
0 4 5 1 378.709 161.969 14.8334 
0 2 5 1 395.006 158.268 14.8334 
0.5 0.5 -0.5 1 383.85 -23.6129 14.8334 
0.5 0.5 6 1 393.36 190.313 14.8334 
10.5 0.5 -0.5 1 70.5161 2.92237 14.8334 
10.5 0.5 6 1 91.3955 207.81 14.8334 
10.5 10.5 -0.5 1 152.67 75.3525 14.8334 
10.5 10.5 6 1 164.182 198.36 14.8334 
0.5 10.5 -0.5 1 337.032 60.7819 14.8334 
0.5 10.5 6 1 342.347 187.144 14.8334 
0.5 5.5 9.5 1 363.014 268.069 14.8334 
10.5 5.5 9.5 1 144.614 281.54 14.8334 
0.5 6.5 -0.5 1 353.821 38.6886 14.8334 
0.5 8.5 -0.5 1 345.685 49.9444 14.8334 
0.5 8.5 4.5 1 348.372 157.332 14.8334 
0.5 6.5 4.5 1 355.945 155.615 14.8334 
0.5 2.5 2 1 374.415 75.5385 14.8334 
0.5 4.5 2 1 364.453 87.4196 14.8334 
0.5 4.5 4.5 1 364.073 153.043 14.8334 
0.5 2.5 4.5 1 373.552 145.973 14.8334 
