0 0 0 1 238.506 230.131 3.73333 
0 0 6.5 1 250.176 348.409 3.73333 
10 0 0 1 422.268 204.48 3.73333 
10 0 6.5 1 441.065 339.952 3.73333 
10 10 0 1 402.764 143.208 3.73333 
10 10 6.5 1 431.084 375.663 3.73333 
0 10 0 1 122.706 199.657 3.73333 
0 10 6.5 1 133.278 381.901 3.73333 
0 5 10 1 208.684 442.998 3.73333 
10 5 10 1 450.676 451.404 3.73333 
0 6 0 1 181.141 217.373 3.73333 
0 8 0 1 154.028 209.416 3.73333 
0 8 5 1 163.986 332.071 3.73333 
0 6 5 1 186.779 330.256 3.73333 
0 2 2.5 1 224.656 273.301 3.73333 
0 4 2.5 1 206.304 274.931 3.73333 
0 4 5 1 209.533 324.98 3.73333 
0 2 5 1 226.518 319.759 3.73333 
0.5 0.5 -0.5 1 240.434 219.388 3.73333 
0.5 0.5 6 1 250.481 337.896 3.73333 
10.5 0.5 -0.5 1 433.103 189.317 3.73333 
10.5 0.5 6 1 454.72 328.416 3.73333 
10.5 10.5 -0.5 1 419.931 115.645 3.73333 
10.5 10.5 6 1 449.364 357.123 3.73333 
0.5 10.5 -0.5 1 122.764 181.841 3.73333 
0.5 10.5 6 1 132.343 368.454 3.73333 
0.5 5.5 9.5 1 214.07 433.352 3.73333 
10.5 5.5 9.5 1 463.329 441.369 3.73333 
0.5 6.5 -0.5 1 184.497 204.398 3.73333 
0.5 8.5 -0.5 1 157.91 191.492 3.73333 
0.5 8.5 4.5 1 165.305 318.928 3.73333 
0.5 6.5 4.5 1 192.264 315.612 3.73333 
0.5 2.5 2 1 227.429 262.027 3.73333 
0.5 4.5 2 1 210.245 266.168 3.73333 
0.5 4.5 4.5 1 214.131 312.919 3.73333 
0.5 2.5 4.5 1 234.355 313.145 3.73333 
