0 0 0 1 421.242 11.4286 12.9334 
0 0 6.5 1 393.182 285.784 12.9334 
10 0 0 1 147.51 71.9924 12.9334 
10 0 6.5 1 135.777 244.805 12.9334 
10 10 0 1 293.746 128.854 12.9334 
10 10 6.5 1 284.811 248.574 12.9334 
0 10 0 1 502.031 115.073 12.9334 
0 10 6.5 1 479.234 273.906 12.9334 
0 5 10 1 435.212 381.525 12.9334 
10 5 10 1 217.284 318.395 12.9334 
0 6 0 1 480.448 87.8884 12.9334 
0 8 0 1 490.441 103.659 12.9334 
0 8 5 1 474.633 235.487 12.9334 
0 6 5 1 461.477 235.022 12.9334 
0 2 2.5 1 435.04 136.629 12.9334 
0 4 2.5 1 454.228 148.977 12.9334 
0 4 5 1 444.053 231.886 12.9334 
0 2 5 1 426.035 228.179 12.9334 
0.5 0.5 -0.5 1 408.14 2.87257 12.9334 
0.5 0.5 6 1 381.164 264.328 12.9334 
10.5 0.5 -0.5 1 151.632 61.3743 12.9334 
10.5 0.5 6 1 136.992 231.94 12.9334 
10.5 10.5 -0.5 1 292.03 119.25 12.9334 
10.5 10.5 6 1 280.485 237.96 12.9334 
0.5 10.5 -0.5 1 492.457 103.899 12.9334 
0.5 10.5 6 1 472.558 260.349 12.9334 
0.5 5.5 9.5 1 426.319 359.334 12.9334 
10.5 5.5 9.5 1 219.075 307.778 12.9334 
0.5 6.5 -0.5 1 469.018 76.0338 12.9334 
0.5 8.5 -0.5 1 480.09 95.7758 12.9334 
0.5 8.5 4.5 1 464.622 224.012 12.9334 
0.5 6.5 4.5 1 451.035 219.115 12.9334 
0.5 2.5 2 1 423.611 124.378 12.9334 
0.5 4.5 2 1 443.446 136.998 12.9334 
0.5 4.5 4.5 1 436.391 218.808 12.9334 
0.5 2.5 4.5 1 414.403 210.194 12.9334 
