0 0 0 1 388.436 65.9294 19.8667 
0 0 6.5 1 375.408 226.637 19.8667 
10 0 0 1 510.272 -52.2039 19.8667 
10 0 6.5 1 468.223 274.269 19.8667 
10 10 0 1 6.97286 -68.7549 19.8667 
10 10 6.5 1 18.5581 248.064 19.8667 
0 10 0 1 147.586 56.8284 19.8667 
0 10 6.5 1 144.34 215.994 19.8667 
0 5 10 1 256.398 300.362 19.8667 
10 5 10 1 232.835 406.811 19.8667 
0 6 0 1 241.718 63.3311 19.8667 
0 8 0 1 194.315 61.4587 19.8667 
0 8 5 1 190.225 180.94 19.8667 
0 6 5 1 239.093 183.476 19.8667 
0 2 2.5 1 334.892 129.835 19.8667 
0 4 2.5 1 286.086 124.314 19.8667 
0 4 5 1 279.642 186.135 19.8667 
0 2 5 1 329.707 189.546 19.8667 
0.5 0.5 -0.5 1 382.51 52.207 19.8667 
0.5 0.5 6 1 362.851 215.911 19.8667 
10.5 0.5 -0.5 1 498.5 -98.4712 19.8667 
10.5 0.5 6 1 453.682 254.871 19.8667 
10.5 10.5 -0.5 1 -33.8232 -109.49 19.8667 
10.5 10.5 6 1 -19.1674 227.235 19.8667 
0.5 10.5 -0.5 1 128.445 40.0739 19.8667 
0.5 10.5 6 1 128.998 203.384 19.8667 
0.5 5.5 9.5 1 243.519 287.395 19.8667 
10.5 5.5 9.5 1 206.507 396.072 19.8667 
0.5 6.5 -0.5 1 230.064 44.0644 19.8667 
0.5 8.5 -0.5 1 180.147 43.511 19.8667 
0.5 8.5 4.5 1 177.294 169.765 19.8667 
0.5 6.5 4.5 1 221.307 172.312 19.8667 
0.5 2.5 2 1 324.873 113.044 19.8667 
0.5 4.5 2 1 274.287 112.33 19.8667 
0.5 4.5 4.5 1 271.517 172.276 19.8667 
0.5 2.5 4.5 1 319.342 176.411 19.8667 
