0 0 0 1 -57.4625 -12.0705 8.13333 
0 0 6.5 1 -26.1238 207.323 8.13333 
10 0 0 1 171.286 50.7313 8.13333 
10 0 6.5 1 180.109 188.301 8.13333 
10 10 0 1 376.805 10.0783 8.13333 
10 10 6.5 1 374.035 188.565 8.13333 
0 10 0 1 194.775 -134.105 8.13333 
0 10 6.5 1 213.116 216.073 8.13333 
0 5 10 1 76.2373 333.373 8.13333 
10 5 10 1 264.698 267.486 8.13333 
0 6 0 1 63.0253 -69.5008 8.13333 
0 8 0 1 121.567 -97.6418 8.13333 
0 8 5 1 140.828 149.159 8.13333 
0 6 5 1 86.7131 150.86 8.13333 
0 2 2.5 1 -9.83715 70.128 8.13333 
0 4 2.5 1 30.8817 61.18 8.13333 
0 4 5 1 38.1452 155.732 8.13333 
0 2 5 1 -1.28915 158.55 8.13333 
0.5 0.5 -0.5 1 -37.1215 -28.9468 8.13333 
0.5 0.5 6 1 -5.26791 189.274 8.13333 
10.5 0.5 -0.5 1 184.991 39.661 8.13333 
10.5 0.5 6 1 193.988 179.399 8.13333 
10.5 10.5 -0.5 1 394.978 -2.22286 8.13333 
10.5 10.5 6 1 389.904 176.548 8.13333 
0.5 10.5 -0.5 1 233.736 -160.819 8.13333 
0.5 10.5 6 1 244.854 194.144 8.13333 
0.5 5.5 9.5 1 103.218 315.456 8.13333 
10.5 5.5 9.5 1 282.123 253.132 8.13333 
0.5 6.5 -0.5 1 94.0091 -92.7871 8.13333 
0.5 8.5 -0.5 1 154.984 -122.652 8.13333 
0.5 8.5 4.5 1 173.835 128.165 8.13333 
0.5 6.5 4.5 1 114.255 130.6 8.13333 
0.5 2.5 2 1 14.1599 51.4332 8.13333 
0.5 4.5 2 1 55.0419 40.1222 8.13333 
0.5 4.5 4.5 1 66.1366 135.72 8.13333 
0.5 2.5 4.5 1 23.6252 140.862 8.13333 
