0 0 0 1 222.218 236.514 4.03333 
0 0 6.5 1 229.256 355.539 4.03333 
10 0 0 1 405.187 214.058 4.03333 
10 0 6.5 1 421.102 346.453 4.03333 
10 10 0 1 404.616 148.377 4.03333 
10 10 6.5 1 429.009 365.248 4.03333 
0 10 0 1 121.037 195.873 4.03333 
0 10 6.5 1 123.57 379.234 4.03333 
0 5 10 1 191.183 442.667 4.03333 
10 5 10 1 436.58 448.664 4.03333 
0 6 0 1 173.34 216.13 4.03333 
0 8 0 1 148.779 205.707 4.03333 
0 8 5 1 150.006 330.017 4.03333 
0 6 5 1 177.828 328.643 4.03333 
0 2 2.5 1 210.822 278.279 4.03333 
0 4 2.5 1 192.626 276.726 4.03333 
0 4 5 1 194.656 328.42 4.03333 
0 2 5 1 213.731 327.241 4.03333 
0.5 0.5 -0.5 1 228.002 226.563 4.03333 
0.5 0.5 6 1 233.584 345.995 4.03333 
10.5 0.5 -0.5 1 416.3 203.859 4.03333 
10.5 0.5 6 1 429.536 331.476 4.03333 
10.5 10.5 -0.5 1 419.871 119.824 4.03333 
10.5 10.5 6 1 449.549 347.471 4.03333 
0.5 10.5 -0.5 1 120.837 176.657 4.03333 
0.5 10.5 6 1 127.566 362.498 4.03333 
0.5 5.5 9.5 1 195.287 437.051 4.03333 
10.5 5.5 9.5 1 450.574 440.596 4.03333 
0.5 6.5 -0.5 1 175.418 200.945 4.03333 
0.5 8.5 -0.5 1 151.326 188.951 4.03333 
0.5 8.5 4.5 1 157.84 315.209 4.03333 
0.5 6.5 4.5 1 180.586 314.621 4.03333 
0.5 2.5 2 1 216.392 265.464 4.03333 
0.5 4.5 2 1 195.38 262.226 4.03333 
0.5 4.5 4.5 1 203.772 317.045 4.03333 
0.5 2.5 4.5 1 216.579 316.426 4.03333 
