0 0 0 1 -5.58624 44.2974 7.53333 
0 0 6.5 1 7.3598 223.708 7.53333 
10 0 0 1 206.336 87.9963 7.53333 
10 0 6.5 1 210.769 211.152 7.53333 
10 10 0 1 389.245 56.7069 7.53333 
10 10 6.5 1 375.757 233.862 7.53333 
0 10 0 1 149.535 -39.6772 7.53333 
0 10 6.5 1 152.438 273.027 7.53333 
0 5 10 1 67.8371 347.739 7.53333 
10 5 10 1 273.645 294.07 7.53333 
0 6 0 1 66.6949 4.9317 7.53333 
0 8 0 1 103.69 -12.4933 7.53333 
0 8 5 1 107.368 200.881 7.53333 
0 6 5 1 73.8218 197.039 7.53333 
0 2 2.5 1 16.6777 112.348 7.53333 
0 4 2.5 1 40.8913 108.986 7.53333 
0 4 5 1 45.7388 190.526 7.53333 
0 2 5 1 22.5717 188.289 7.53333 
0.5 0.5 -0.5 1 11.3412 29.5147 7.53333 
0.5 0.5 6 1 23.9713 213.889 7.53333 
10.5 0.5 -0.5 1 223.638 71.2799 7.53333 
10.5 0.5 6 1 221.551 202.551 7.53333 
10.5 10.5 -0.5 1 412.114 41.8174 7.53333 
10.5 10.5 6 1 394.194 224.927 7.53333 
0.5 10.5 -0.5 1 184.345 -63.1777 7.53333 
0.5 10.5 6 1 181.888 250.607 7.53333 
0.5 5.5 9.5 1 88.0051 334.747 7.53333 
10.5 5.5 9.5 1 293.005 285.829 7.53333 
0.5 6.5 -0.5 1 94.0206 -13.8929 7.53333 
0.5 8.5 -0.5 1 132.123 -31.3077 7.53333 
0.5 8.5 4.5 1 136.471 181.978 7.53333 
0.5 6.5 4.5 1 98.2223 179.503 7.53333 
0.5 2.5 2 1 40.2971 98.8257 7.53333 
0.5 4.5 2 1 63.1128 96.0048 7.53333 
0.5 4.5 4.5 1 68.6095 175.001 7.53333 
0.5 2.5 4.5 1 43.5838 172.665 7.53333 
