0 0 0 1 -24.2761 122.472 9.53335 
0 0 6.5 1 -4.02913 392.62 9.53335 
10 0 0 1 140.617 189.138 9.53335 
10 0 6.5 1 151.715 330.007 9.53335 
10 10 0 1 362.061 157.016 9.53335 
10 10 6.5 1 380.91 311.994 9.53335 
0 10 0 1 404.872 51.3148 9.53335 
0 10 6.5 1 438.433 367.856 9.53335 
0 5 10 1 219.733 544.199 9.53335 
10 5 10 1 270.957 401.763 9.53335 
0 6 0 1 218.304 84.6653 9.53335 
0 8 0 1 310.147 70.3815 9.53335 
0 8 5 1 334.925 303.586 9.53335 
0 6 5 1 242.115 312.397 9.53335 
0 2 2.5 1 61.6881 217.479 9.53335 
0 4 2.5 1 143.273 209.812 9.53335 
0 4 5 1 157.17 319.616 9.53335 
0 2 5 1 72.4272 325.113 9.53335 
0.5 0.5 -0.5 1 4.24968 104.405 9.53335 
0.5 0.5 6 1 29.0059 366.687 9.53335 
10.5 0.5 -0.5 1 152.278 179.529 9.53335 
10.5 0.5 6 1 168.757 317.596 9.53335 
10.5 10.5 -0.5 1 372.309 146.471 9.53335 
10.5 10.5 6 1 390.722 300.482 9.53335 
0.5 10.5 -0.5 1 419.292 39.5308 9.53335 
0.5 10.5 6 1 453.861 337.092 9.53335 
0.5 5.5 9.5 1 240.694 507.433 9.53335 
10.5 5.5 9.5 1 280.271 385.534 9.53335 
0.5 6.5 -0.5 1 242.276 67.3848 9.53335 
0.5 8.5 -0.5 1 331.615 51.1493 9.53335 
0.5 8.5 4.5 1 350.379 274.507 9.53335 
0.5 6.5 4.5 1 263.1 284.386 9.53335 
0.5 2.5 2 1 93.6297 198.951 9.53335 
0.5 4.5 2 1 169.094 186.162 9.53335 
0.5 4.5 4.5 1 181.12 292.945 9.53335 
0.5 2.5 4.5 1 100.167 300.03 9.53335 
