0 0 0 1 242.961 227.705 3.66666 
0 0 6.5 1 253.88 345.584 3.66666 
10 0 0 1 428.378 198.748 3.66666 
10 0 6.5 1 444.46 335.529 3.66666 
10 10 0 1 400.381 139.143 3.66666 
10 10 6.5 1 430.13 376.546 3.66666 
0 10 0 1 121.975 198.966 3.66666 
0 10 6.5 1 132.87 378.816 3.66666 
0 5 10 1 212.103 434.573 3.66666 
10 5 10 1 452.97 449.729 3.66666 
0 6 0 1 182.538 214.454 3.66666 
0 8 0 1 155.587 208.784 3.66666 
0 8 5 1 165.182 331.605 3.66666 
0 6 5 1 189.529 325.021 3.66666 
0 2 2.5 1 225.678 269.871 3.66666 
0 4 2.5 1 208.342 271.084 3.66666 
0 4 5 1 213.567 320.642 3.66666 
0 2 5 1 229.309 321.031 3.66666 
0.5 0.5 -0.5 1 245.161 216.18 3.66666 
0.5 0.5 6 1 258.306 336.765 3.66666 
10.5 0.5 -0.5 1 434.847 182.936 3.66666 
10.5 0.5 6 1 454.903 322.796 3.66666 
10.5 10.5 -0.5 1 417.972 113.311 3.66666 
10.5 10.5 6 1 447.404 354.837 3.66666 
0.5 10.5 -0.5 1 124.793 178.577 3.66666 
0.5 10.5 6 1 135.244 364.352 3.66666 
0.5 5.5 9.5 1 213.24 432.674 3.66666 
10.5 5.5 9.5 1 466.962 440.508 3.66666 
0.5 6.5 -0.5 1 187.661 197.662 3.66666 
0.5 8.5 -0.5 1 156.815 193.016 3.66666 
0.5 8.5 4.5 1 167.174 316.907 3.66666 
0.5 6.5 4.5 1 193.747 313.665 3.66666 
0.5 2.5 2 1 232.721 262.946 3.66666 
0.5 4.5 2 1 215.595 258.61 3.66666 
0.5 4.5 4.5 1 216.278 313.772 3.66666 
0.5 2.5 4.5 1 236.79 308.269 3.66666 
