0 0 0 1 410.483 3.66498 12.7334 
0 0 6.5 1 380.156 282.961 12.7334 
10 0 0 1 150.853 72.6652 12.7334 
10 0 6.5 1 133.411 246.8 12.7334 
10 10 0 1 304.833 136.006 12.7334 
10 10 6.5 1 293.847 258.929 12.7334 
0 10 0 1 509.624 118.338 12.7334 
0 10 6.5 1 491.895 281.494 12.7334 
0 5 10 1 437.728 389.713 12.7334 
10 5 10 1 220.284 331.04 12.7334 
0 6 0 1 483.868 87.6091 12.7334 
0 8 0 1 494.933 101.916 12.7334 
0 8 5 1 479.691 240.32 12.7334 
0 6 5 1 465.808 236.757 12.7334 
0 2 2.5 1 432.245 132.714 12.7334 
0 4 2.5 1 457.985 150.025 12.7334 
0 4 5 1 446.09 232.691 12.7334 
0 2 5 1 423.636 226.142 12.7334 
0.5 0.5 -0.5 1 399.757 -3.24226 12.7334 
0.5 0.5 6 1 376.604 259.621 12.7334 
10.5 0.5 -0.5 1 153.852 67.0226 12.7334 
10.5 0.5 6 1 140.137 233.464 12.7334 
10.5 10.5 -0.5 1 301.292 129.441 12.7334 
10.5 10.5 6 1 290.451 247.669 12.7334 
0.5 10.5 -0.5 1 502.274 109.064 12.7334 
0.5 10.5 6 1 482.66 267.878 12.7334 
0.5 5.5 9.5 1 431.788 368.803 12.7334 
10.5 5.5 9.5 1 221.611 315.261 12.7334 
0.5 6.5 -0.5 1 475.413 77.8859 12.7334 
0.5 8.5 -0.5 1 490.33 93.9706 12.7334 
0.5 8.5 4.5 1 473.091 228.696 12.7334 
0.5 6.5 4.5 1 458.19 222.65 12.7334 
0.5 2.5 2 1 421.065 121.793 12.7334 
0.5 4.5 2 1 444.843 137.346 12.7334 
0.5 4.5 4.5 1 435.24 217.111 12.7334 
0.5 2.5 4.5 1 414.864 210.084 12.7334 
