0 0 0 1 394.796 82.7875 15.3334 
0 0 6.5 1 404.181 274.776 15.3334 
10 0 0 1 79.1709 102.198 15.3334 
10 0 6.5 1 105.842 308.43 15.3334 
10 10 0 1 130.971 151.234 15.3334 
10 10 6.5 1 143.602 276.773 15.3334 
0 10 0 1 317.194 139.976 15.3334 
0 10 6.5 1 327.534 256.708 15.3334 
0 5 10 1 362.91 338.782 15.3334 
10 5 10 1 136.383 367.929 15.3334 
0 6 0 1 338.737 123.27 15.3334 
0 8 0 1 327.23 128.001 15.3334 
0 8 5 1 335.165 228.361 15.3334 
0 6 5 1 347.797 229.756 15.3334 
0 2 2.5 1 375.08 163.654 15.3334 
0 4 2.5 1 355.508 171.5 15.3334 
0 4 5 1 363.788 233.43 15.3334 
0 2 5 1 375.581 231.35 15.3334 
0.5 0.5 -0.5 1 370.912 70.5264 15.3334 
0.5 0.5 6 1 383.181 263.067 15.3334 
10.5 0.5 -0.5 1 67.5948 91.0999 15.3334 
10.5 0.5 6 1 91.076 293.744 15.3334 
10.5 10.5 -0.5 1 122.723 144.725 15.3334 
10.5 10.5 6 1 134.711 266.233 15.3334 
0.5 10.5 -0.5 1 306.754 131.511 15.3334 
0.5 10.5 6 1 316.762 246.749 15.3334 
0.5 5.5 9.5 1 345.159 329.569 15.3334 
10.5 5.5 9.5 1 127.317 354.574 15.3334 
0.5 6.5 -0.5 1 324.954 111.939 15.3334 
0.5 8.5 -0.5 1 314.605 123.894 15.3334 
0.5 8.5 4.5 1 321.773 220.811 15.3334 
0.5 6.5 4.5 1 333.595 222.667 15.3334 
0.5 2.5 2 1 356.286 154.958 15.3334 
0.5 4.5 2 1 340.602 161.546 15.3334 
0.5 4.5 4.5 1 347.382 219.276 15.3334 
0.5 2.5 4.5 1 360.956 219.997 15.3334 
