0 0 0 1 257.175 192.284 3.26666 
0 0 6.5 1 268.473 302.264 3.26666 
10 0 0 1 450.106 149.266 3.26666 
10 0 6.5 1 467.914 294.603 3.26666 
10 10 0 1 391.291 84.6812 3.26666 
10 10 6.5 1 419.179 337.032 3.26666 
0 10 0 1 121.467 165.334 3.26666 
0 10 6.5 1 136.911 339.518 3.26666 
0 5 10 1 224.918 395.243 3.26666 
10 5 10 1 459.186 412.785 3.26666 
0 6 0 1 186.868 177.161 3.26666 
0 8 0 1 159.915 174.06 3.26666 
0 8 5 1 171.801 292.977 3.26666 
0 6 5 1 203.84 288.203 3.26666 
0 2 2.5 1 243.605 232.056 3.26666 
0 4 2.5 1 220.675 231.704 3.26666 
0 4 5 1 226.576 284.177 3.26666 
0 2 5 1 248.595 281.358 3.26666 
0.5 0.5 -0.5 1 261.682 176.997 3.26666 
0.5 0.5 6 1 273.878 296.446 3.26666 
10.5 0.5 -0.5 1 458.435 132.605 3.26666 
10.5 0.5 6 1 476.13 285.397 3.26666 
10.5 10.5 -0.5 1 405.308 56.0567 3.26666 
10.5 10.5 6 1 432.201 320.568 3.26666 
0.5 10.5 -0.5 1 119.258 145.593 3.26666 
0.5 10.5 6 1 136.651 324.508 3.26666 
0.5 5.5 9.5 1 226.877 386.317 3.26666 
10.5 5.5 9.5 1 472.414 403.051 3.26666 
0.5 6.5 -0.5 1 193.074 159.072 3.26666 
0.5 8.5 -0.5 1 160.086 158.592 3.26666 
0.5 8.5 4.5 1 171.34 280.052 3.26666 
0.5 6.5 4.5 1 201.788 274.905 3.26666 
0.5 2.5 2 1 246.609 219.309 3.26666 
0.5 4.5 2 1 223.097 222.263 3.26666 
0.5 4.5 4.5 1 227.215 273.542 3.26666 
0.5 2.5 4.5 1 251.004 272.193 3.26666 
