0 0 0 1 -60.9352 -12.3056 8.16666 
0 0 6.5 1 -27.1109 206.307 8.16666 
10 0 0 1 172.173 51.9061 8.16666 
10 0 6.5 1 177.348 186.583 8.16666 
10 10 0 1 378.993 9.03014 8.16666 
10 10 6.5 1 373.057 185.78 8.16666 
0 10 0 1 202.49 -140.427 8.16666 
0 10 6.5 1 217.164 216.009 8.16666 
0 5 10 1 82.7518 331.664 8.16666 
10 5 10 1 264.694 267.634 8.16666 
0 6 0 1 64.2515 -73.3414 8.16666 
0 8 0 1 126.159 -105.777 8.16666 
0 8 5 1 140.803 149.06 8.16666 
0 6 5 1 84.8866 149.963 8.16666 
0 2 2.5 1 -10.5031 68.9636 8.16666 
0 4 2.5 1 29.2155 57.4392 8.16666 
0 4 5 1 40.2205 154.079 8.16666 
0 2 5 1 1.07652 156.627 8.16666 
0.5 0.5 -0.5 1 -34.5745 -29.9557 8.16666 
0.5 0.5 6 1 -6.45843 189.438 8.16666 
10.5 0.5 -0.5 1 185.002 43.3185 8.16666 
10.5 0.5 6 1 193.532 178.913 8.16666 
10.5 10.5 -0.5 1 394.074 -7.16034 8.16666 
10.5 10.5 6 1 389.687 174.364 8.16666 
0.5 10.5 -0.5 1 239.98 -166.476 8.16666 
0.5 10.5 6 1 248.911 189.853 8.16666 
0.5 5.5 9.5 1 103.587 313.51 8.16666 
10.5 5.5 9.5 1 279.87 256.095 8.16666 
0.5 6.5 -0.5 1 93.1303 -98.1734 8.16666 
0.5 8.5 -0.5 1 159.366 -129.151 8.16666 
0.5 8.5 4.5 1 172.734 122.223 8.16666 
0.5 6.5 4.5 1 112.731 128.718 8.16666 
0.5 2.5 2 1 13.4757 52.147 8.16666 
0.5 4.5 2 1 56.0974 34.499 8.16666 
0.5 4.5 4.5 1 68.0696 135.443 8.16666 
0.5 2.5 4.5 1 21.1073 139.79 8.16666 
