0 0 0 1 37.6849 53.5982 7.03333 
0 0 6.5 1 34.9674 211.517 7.03333 
10 0 0 1 242.697 99.1699 7.03333 
10 0 6.5 1 231.969 220.198 7.03333 
10 10 0 1 399.843 61.5033 7.03333 
10 10 6.5 1 380.121 244.571 7.03333 
0 10 0 1 128.575 -36.0086 7.03333 
0 10 6.5 1 119.321 245.124 7.03333 
0 5 10 1 65.652 326.159 7.03333 
10 5 10 1 286.116 302.254 7.03333 
0 6 0 1 79.0556 10.5026 7.03333 
0 8 0 1 99.4916 -11.1153 7.03333 
0 8 5 1 96.2197 182.822 7.03333 
0 6 5 1 76.5766 180.277 7.03333 
0 2 2.5 1 46.8287 111.376 7.03333 
0 4 2.5 1 62.5965 106.423 7.03333 
0 4 5 1 59.764 179.47 7.03333 
0 2 5 1 47.342 176.261 7.03333 
0.5 0.5 -0.5 1 54.0173 36.6131 7.03333 
0.5 0.5 6 1 48.2486 205.304 7.03333 
10.5 0.5 -0.5 1 256.536 88.5598 7.03333 
10.5 0.5 6 1 249.05 209.7 7.03333 
10.5 10.5 -0.5 1 424.648 48.7034 7.03333 
10.5 10.5 6 1 399.783 232.06 7.03333 
0.5 10.5 -0.5 1 158.137 -57.2491 7.03333 
0.5 10.5 6 1 147.083 228.855 7.03333 
0.5 5.5 9.5 1 82.9234 313.528 7.03333 
10.5 5.5 9.5 1 299.681 297.348 7.03333 
0.5 6.5 -0.5 1 98.3182 -4.43385 7.03333 
0.5 8.5 -0.5 1 125.729 -30.2652 7.03333 
0.5 8.5 4.5 1 118.741 165.874 7.03333 
0.5 6.5 4.5 1 98.2189 167.003 7.03333 
0.5 2.5 2 1 64.7911 95.6887 7.03333 
0.5 4.5 2 1 78.2351 90.2123 7.03333 
0.5 4.5 4.5 1 82.1157 168.182 7.03333 
0.5 2.5 4.5 1 64.421 167.709 7.03333 
