0 0 0 1 331.609 76.1968 12.0334 
0 0 6.5 1 313.789 374.139 12.0334 
10 0 0 1 144.948 161.329 12.0334 
10 0 6.5 1 131.765 329.796 12.0334 
10 10 0 1 324.293 212.388 12.0334 
10 10 6.5 1 314.876 335.791 12.0334 
0 10 0 1 531.097 178.255 12.0334 
0 10 6.5 1 524.367 366.189 12.0334 
0 5 10 1 435.644 501.666 12.0334 
10 5 10 1 227.741 411.629 12.0334 
0 6 0 1 471.552 149.574 12.0334 
0 8 0 1 502.904 165.531 12.0334 
0 8 5 1 499.794 320.63 12.0334 
0 6 5 1 464.508 317.358 12.0334 
0 2 2.5 1 383.84 204.919 12.0334 
0 4 2.5 1 429.024 218.697 12.0334 
0 4 5 1 425.439 311.613 12.0334 
0 2 5 1 374.087 305.447 12.0334 
0.5 0.5 -0.5 1 332.832 72.8943 12.0334 
0.5 0.5 6 1 314.263 345.002 12.0334 
10.5 0.5 -0.5 1 154.2 156.926 12.0334 
10.5 0.5 6 1 136.29 314.594 12.0334 
10.5 10.5 -0.5 1 326.248 202.237 12.0334 
10.5 10.5 6 1 316.449 326.945 12.0334 
0.5 10.5 -0.5 1 519.846 172.527 12.0334 
0.5 10.5 6 1 516.79 352.013 12.0334 
0.5 5.5 9.5 1 430.488 471.59 12.0334 
10.5 5.5 9.5 1 230.672 398.286 12.0334 
0.5 6.5 -0.5 1 464.998 142.602 12.0334 
0.5 8.5 -0.5 1 494.768 158.471 12.0334 
0.5 8.5 4.5 1 491.44 303.689 12.0334 
0.5 6.5 4.5 1 460.529 299.247 12.0334 
0.5 2.5 2 1 380.21 190.389 12.0334 
0.5 4.5 2 1 425.213 204.8 12.0334 
0.5 4.5 4.5 1 421.581 290.755 12.0334 
0.5 2.5 4.5 1 375.322 284.595 12.0334 
