0 0 0 1 -78.2025 -14.3618 8.6 
0 0 6.5 1 -38.9359 224.305 8.6 
10 0 0 1 150.487 63.0454 8.6 
10 0 6.5 1 163.061 202.687 8.6 
10 10 0 1 367.807 17.3267 8.6 
10 10 6.5 1 371.887 195.62 8.6 
0 10 0 1 256.393 -149.638 8.6 
0 10 6.5 1 275.264 210.689 8.6 
0 5 10 1 105.236 353.117 8.6 
10 5 10 1 263.144 275.071 8.6 
0 6 0 1 86.7577 -78.9204 8.6 
0 8 0 1 165.851 -110.062 8.6 
0 8 5 1 187.226 147.836 8.6 
0 6 5 1 115.945 152.867 8.6 
0 2 2.5 1 -11.7622 69.8194 8.6 
0 4 2.5 1 36.192 56.7346 8.6 
0 4 5 1 53.1077 159.944 8.6 
0 2 5 1 -0.0593686 169.406 8.6 
0.5 0.5 -0.5 1 -47.6195 -30.7765 8.6 
0.5 0.5 6 1 -13.7967 208.749 8.6 
10.5 0.5 -0.5 1 163.43 52.4587 8.6 
10.5 0.5 6 1 180.308 193.305 8.6 
10.5 10.5 -0.5 1 381.961 6.21086 8.6 
10.5 10.5 6 1 386.52 182.318 8.6 
0.5 10.5 -0.5 1 290.019 -170.348 8.6 
0.5 10.5 6 1 309.195 184.018 8.6 
0.5 5.5 9.5 1 134.002 331.904 8.6 
10.5 5.5 9.5 1 275.97 262.459 8.6 
0.5 6.5 -0.5 1 119.024 -101.844 8.6 
0.5 8.5 -0.5 1 198.515 -132.251 8.6 
0.5 8.5 4.5 1 213.534 123.171 8.6 
0.5 6.5 4.5 1 145.273 127.799 8.6 
0.5 2.5 2 1 12.8693 51.4688 8.6 
0.5 4.5 2 1 67.401 36.4181 8.6 
0.5 4.5 4.5 1 79.1332 140.927 8.6 
0.5 2.5 4.5 1 28.0726 147.299 8.6 
