0 0 0 1 187.85 245.934 4.66666 
0 0 6.5 1 183.856 358.833 4.66666 
10 0 0 1 364.182 236.142 4.66666 
10 0 6.5 1 374.274 357.646 4.66666 
10 10 0 1 405.761 168.803 4.66666 
10 10 6.5 1 418.005 364.381 4.66666 
0 10 0 1 116.987 180.083 4.66666 
0 10 6.5 1 105.462 366.369 4.66666 
0 5 10 1 151.754 446.229 4.66666 
10 5 10 1 395.392 452.653 4.66666 
0 6 0 1 151.884 214.136 4.66666 
0 8 0 1 135.981 198.324 4.66666 
0 8 5 1 130.292 324.278 4.66666 
0 6 5 1 146.838 328.2 4.66666 
0 2 2.5 1 175.054 281.405 4.66666 
0 4 2.5 1 165.161 274.497 4.66666 
0 4 5 1 162.917 329.867 4.66666 
0 2 5 1 174.641 330.022 4.66666 
0.5 0.5 -0.5 1 192.247 233.081 4.66666 
0.5 0.5 6 1 191.368 351.319 4.66666 
10.5 0.5 -0.5 1 378.292 225.951 4.66666 
10.5 0.5 6 1 383.482 351.619 4.66666 
10.5 10.5 -0.5 1 424.529 147.582 4.66666 
10.5 10.5 6 1 439.233 351.413 4.66666 
0.5 10.5 -0.5 1 124.801 163.163 4.66666 
0.5 10.5 6 1 113.934 351.891 4.66666 
0.5 5.5 9.5 1 157.535 437.362 4.66666 
10.5 5.5 9.5 1 409.861 442.633 4.66666 
0.5 6.5 -0.5 1 159.017 198.47 4.66666 
0.5 8.5 -0.5 1 144.816 180.785 4.66666 
0.5 8.5 4.5 1 141.038 309.376 4.66666 
0.5 6.5 4.5 1 152.449 311.437 4.66666 
0.5 2.5 2 1 184.144 269.623 4.66666 
0.5 4.5 2 1 171.453 262.19 4.66666 
0.5 4.5 4.5 1 170.3 319.152 4.66666 
0.5 2.5 4.5 1 182.829 321.256 4.66666 
