0 0 0 1 377.837 69.6686 0.766667 
0 0 6.5 1 364.297 215.319 0.766667 
10 0 0 1 585.593 -33.0055 0.766667 
10 0 6.5 1 541.452 245.224 0.766667 
10 10 0 1 147.365 -131.686 0.766667 
10 10 6.5 1 135.573 219.816 0.766667 
0 10 0 1 146.502 35.9582 0.766667 
0 10 6.5 1 141.063 200.372 0.766667 
0 5 10 1 253.624 286.993 0.766667 
10 5 10 1 343.47 377.758 0.766667 
0 6 0 1 246.218 50.7237 0.766667 
0 8 0 1 197.968 44.7855 0.766667 
0 8 5 1 191.136 168.179 0.766667 
0 6 5 1 237.93 176.759 0.766667 
0 2 2.5 1 334.052 123.705 0.766667 
0 4 2.5 1 288.797 117.519 0.766667 
0 4 5 1 283.813 177.752 0.766667 
0 2 5 1 326.082 178.438 0.766667 
0.5 0.5 -0.5 1 374.966 53.1075 0.766667 
0.5 0.5 6 1 358.794 204.741 0.766667 
10.5 0.5 -0.5 1 592.884 -70.3703 0.766667 
10.5 0.5 6 1 547.639 225.48 0.766667 
10.5 10.5 -0.5 1 117.662 -192.747 0.766667 
10.5 10.5 6 1 107.066 197.024 0.766667 
0.5 10.5 -0.5 1 133.935 13.7012 0.766667 
0.5 10.5 6 1 128.594 187.423 0.766667 
0.5 5.5 9.5 1 247.092 279.321 0.766667 
10.5 5.5 9.5 1 338.126 371.982 0.766667 
0.5 6.5 -0.5 1 238.619 32.8795 0.766667 
0.5 8.5 -0.5 1 185.865 25.3252 0.766667 
0.5 8.5 4.5 1 183.732 155.989 0.766667 
0.5 6.5 4.5 1 228.414 161.12 0.766667 
0.5 2.5 2 1 330.578 107.104 0.766667 
0.5 4.5 2 1 282.011 102.984 0.766667 
0.5 4.5 4.5 1 275.164 163.259 0.766667 
0.5 2.5 4.5 1 320.586 166.659 0.766667 
