0 0 0 1 194.177 239.152 4.5 
0 0 6.5 1 194.571 354.344 4.5 
10 0 0 1 376.513 228.836 4.5 
10 0 6.5 1 384.669 352.148 4.5 
10 10 0 1 404.91 153.972 4.5 
10 10 6.5 1 425.136 359.891 4.5 
0 10 0 1 118.165 179.377 4.5 
0 10 6.5 1 108.859 363.752 4.5 
0 5 10 1 162.149 443.865 4.5 
10 5 10 1 407.311 447.06 4.5 
0 6 0 1 157.207 208.209 4.5 
0 8 0 1 139.371 196.336 4.5 
0 8 5 1 136.91 320.928 4.5 
0 6 5 1 154.062 323.58 4.5 
0 2 2.5 1 184.271 276.707 4.5 
0 4 2.5 1 170.789 270.647 4.5 
0 4 5 1 170.541 324.573 4.5 
0 2 5 1 186.513 326.093 4.5 
0.5 0.5 -0.5 1 203.269 228.454 4.5 
0.5 0.5 6 1 201.59 345.904 4.5 
10.5 0.5 -0.5 1 386.242 215.958 4.5 
10.5 0.5 6 1 395.799 341.373 4.5 
10.5 10.5 -0.5 1 421.769 131.68 4.5 
10.5 10.5 6 1 442.11 341.539 4.5 
0.5 10.5 -0.5 1 126.54 158.81 4.5 
0.5 10.5 6 1 118.144 346.696 4.5 
0.5 5.5 9.5 1 171.636 434.189 4.5 
10.5 5.5 9.5 1 423.354 434.896 4.5 
0.5 6.5 -0.5 1 166.078 194.741 4.5 
0.5 8.5 -0.5 1 148.694 177.066 4.5 
0.5 8.5 4.5 1 144.542 307.719 4.5 
0.5 6.5 4.5 1 162.325 312.409 4.5 
0.5 2.5 2 1 191.601 265.439 4.5 
0.5 4.5 2 1 178.452 259.013 4.5 
0.5 4.5 4.5 1 178.975 314.175 4.5 
0.5 2.5 4.5 1 189.463 314.889 4.5 
