0 0 0 1 125.429 220.582 5.63333 
0 0 6.5 1 112.739 344.879 5.63333 
10 0 0 1 307.398 244.012 5.63333 
10 0 6.5 1 299.664 355.835 5.63333 
10 10 0 1 401.683 206.55 5.63333 
10 10 6.5 1 391.357 393.893 5.63333 
0 10 0 1 102.921 167.369 5.63333 
0 10 6.5 1 78.6747 378.845 5.63333 
0 5 10 1 88.3835 447.689 5.63333 
10 5 10 1 331.754 453.897 5.63333 
0 6 0 1 115.449 196.237 5.63333 
0 8 0 1 112.427 181.347 5.63333 
0 8 5 1 94.9683 322.344 5.63333 
0 6 5 1 102.665 322.109 5.63333 
0 2 2.5 1 117.945 266.296 5.63333 
0 4 2.5 1 115.504 262.01 5.63333 
0 4 5 1 104.844 318.52 5.63333 
0 2 5 1 111.977 319.233 5.63333 
0.5 0.5 -0.5 1 137.768 211.513 5.63333 
0.5 0.5 6 1 122.475 336.417 5.63333 
10.5 0.5 -0.5 1 321.517 231.754 5.63333 
10.5 0.5 6 1 312.57 350.631 5.63333 
10.5 10.5 -0.5 1 424.185 189.735 5.63333 
10.5 10.5 6 1 413.529 378.361 5.63333 
0.5 10.5 -0.5 1 125.733 147.518 5.63333 
0.5 10.5 6 1 98.9971 365.623 5.63333 
0.5 5.5 9.5 1 103.976 441.713 5.63333 
10.5 5.5 9.5 1 344.424 443.633 5.63333 
0.5 6.5 -0.5 1 129.896 182.967 5.63333 
0.5 8.5 -0.5 1 127.16 163.428 5.63333 
0.5 8.5 4.5 1 112.878 312.918 5.63333 
0.5 6.5 4.5 1 116.71 310.416 5.63333 
0.5 2.5 2 1 128.166 256.962 5.63333 
0.5 4.5 2 1 128.495 250.046 5.63333 
0.5 4.5 4.5 1 119.924 309.7 5.63333 
0.5 2.5 4.5 1 122.09 309.402 5.63333 
