0 0 0 1 96.9994 122.954 6.23333 
0 0 6.5 1 80.3545 259.985 6.23333 
10 0 0 1 280.537 156.629 6.23333 
10 0 6.5 1 271.67 272.932 6.23333 
10 10 0 1 404.171 116.452 6.23333 
10 10 6.5 1 383.38 293.466 6.23333 
0 10 0 1 114.559 41.1501 6.23333 
0 10 6.5 1 92.6243 275.338 6.23333 
0 5 10 1 75.6673 357.087 6.23333 
10 5 10 1 307.089 356.041 6.23333 
0 6 0 1 104.335 86.4011 6.23333 
0 8 0 1 111.042 67.2514 6.23333 
0 8 5 1 96.0287 222.051 6.23333 
0 6 5 1 90.4147 224.295 6.23333 
0 2 2.5 1 91.3557 171.354 6.23333 
0 4 2.5 1 94.0468 165.113 6.23333 
0 4 5 1 90.5787 224.741 6.23333 
0 2 5 1 85.9651 226.23 6.23333 
0.5 0.5 -0.5 1 109.116 113.069 6.23333 
0.5 0.5 6 1 95.2702 250.231 6.23333 
10.5 0.5 -0.5 1 296.22 150.615 6.23333 
10.5 0.5 6 1 280.133 266.727 6.23333 
10.5 10.5 -0.5 1 425.004 102.909 6.23333 
10.5 10.5 6 1 409.039 284.656 6.23333 
0.5 10.5 -0.5 1 139.364 21.5982 6.23333 
0.5 10.5 6 1 115.267 256.625 6.23333 
0.5 5.5 9.5 1 93.1354 346.116 6.23333 
10.5 5.5 9.5 1 324.289 348.396 6.23333 
0.5 6.5 -0.5 1 126.313 71.4556 6.23333 
0.5 8.5 -0.5 1 127.705 49.5944 6.23333 
0.5 8.5 4.5 1 111.54 205.85 6.23333 
0.5 6.5 4.5 1 111.502 207.379 6.23333 
0.5 2.5 2 1 108.298 159.041 6.23333 
0.5 4.5 2 1 111.265 152.658 6.23333 
0.5 4.5 4.5 1 105.294 213.419 6.23333 
0.5 2.5 4.5 1 100.44 217.235 6.23333 
