0 0 0 1 157.989 250.004 5.1 
0 0 6.5 1 152.023 369.571 5.1 
10 0 0 1 340.067 254.209 5.1 
10 0 6.5 1 339.966 380.844 5.1 
10 10 0 1 400.527 205.246 5.1 
10 10 6.5 1 406.509 403.956 5.1 
0 10 0 1 112.199 191.809 5.1 
0 10 6.5 1 92.279 392.318 5.1 
0 5 10 1 122.689 472.104 5.1 
10 5 10 1 365.155 476.459 5.1 
0 6 0 1 138.924 222.676 5.1 
0 8 0 1 122.821 207.615 5.1 
0 8 5 1 113.315 342.694 5.1 
0 6 5 1 126.465 342.33 5.1 
0 2 2.5 1 149.429 294.286 5.1 
0 4 2.5 1 142.379 285.995 5.1 
0 4 5 1 136.447 343.306 5.1 
0 2 5 1 145.741 345.243 5.1 
0.5 0.5 -0.5 1 167.128 243.261 5.1 
0.5 0.5 6 1 161.738 366.046 5.1 
10.5 0.5 -0.5 1 353.609 250.76 5.1 
10.5 0.5 6 1 349.249 367.013 5.1 
10.5 10.5 -0.5 1 423.24 190.428 5.1 
10.5 10.5 6 1 432.182 388.625 5.1 
0.5 10.5 -0.5 1 125.129 175.921 5.1 
0.5 10.5 6 1 102.075 379.578 5.1 
0.5 5.5 9.5 1 131.815 456.373 5.1 
10.5 5.5 9.5 1 383.193 465.999 5.1 
0.5 6.5 -0.5 1 151.018 209.49 5.1 
0.5 8.5 -0.5 1 135.708 193.017 5.1 
0.5 8.5 4.5 1 123.769 331.92 5.1 
0.5 6.5 4.5 1 136.052 332.761 5.1 
0.5 2.5 2 1 158.234 280.514 5.1 
0.5 4.5 2 1 149.683 275.384 5.1 
0.5 4.5 4.5 1 144.089 328.097 5.1 
0.5 2.5 4.5 1 153.049 336.186 5.1 
