0 0 0 1 382.433 160.949 18.3667 
0 0 6.5 1 370.088 321.684 18.3667 
10 0 0 1 261.692 21.4206 18.3667 
10 0 6.5 1 241.231 322.951 18.3667 
10 10 0 1 -6.77258 89.3865 18.3667 
10 10 6.5 1 -35.5037 287.547 18.3667 
0 10 0 1 181.91 175.273 18.3667 
0 10 6.5 1 169.043 301.241 18.3667 
0 5 10 1 252.597 390.965 18.3667 
10 5 10 1 54.3418 443.048 18.3667 
0 6 0 1 251.558 168.038 18.3667 
0 8 0 1 219.074 171.868 18.3667 
0 8 5 1 203.156 274.512 18.3667 
0 6 5 1 242.413 273.681 18.3667 
0 2 2.5 1 329.107 218.533 18.3667 
0 4 2.5 1 286.33 221.367 18.3667 
0 4 5 1 281.358 277.652 18.3667 
0 2 5 1 325.635 280.818 18.3667 
0.5 0.5 -0.5 1 366.602 144.418 18.3667 
0.5 0.5 6 1 354.071 308.532 18.3667 
10.5 0.5 -0.5 1 236.589 -9.66305 18.3667 
10.5 0.5 6 1 205.622 295.555 18.3667 
10.5 10.5 -0.5 1 -29.9315 70.6512 18.3667 
10.5 10.5 6 1 -60.7558 273.071 18.3667 
0.5 10.5 -0.5 1 170.016 161.438 18.3667 
0.5 10.5 6 1 156.704 290.228 18.3667 
0.5 5.5 9.5 1 240.196 379.137 18.3667 
10.5 5.5 9.5 1 28.0339 422.748 18.3667 
0.5 6.5 -0.5 1 238.347 156.505 18.3667 
0.5 8.5 -0.5 1 203.974 159.62 18.3667 
0.5 8.5 4.5 1 192.13 261.785 18.3667 
0.5 6.5 4.5 1 227.413 264.444 18.3667 
0.5 2.5 2 1 312.187 206.593 18.3667 
0.5 4.5 2 1 271.822 210.973 18.3667 
0.5 4.5 4.5 1 267.712 264.413 18.3667 
0.5 2.5 4.5 1 309.15 266.637 18.3667 
