0 0 0 1 120.841 204.413 5.76666 
0 0 6.5 1 105.351 327.57 5.76666 
10 0 0 1 300.061 225.031 5.76666 
10 0 6.5 1 292.915 341.201 5.76666 
10 10 0 1 396.275 190.011 5.76666 
10 10 6.5 1 387.066 372.695 5.76666 
0 10 0 1 109.369 146.677 5.76666 
0 10 6.5 1 82.1885 358.773 5.76666 
0 5 10 1 82.4746 431.469 5.76666 
10 5 10 1 324.433 437.627 5.76666 
0 6 0 1 114.744 178.738 5.76666 
0 8 0 1 111.934 161.362 5.76666 
0 8 5 1 92.4932 302.951 5.76666 
0 6 5 1 96.3338 303.787 5.76666 
0 2 2.5 1 109.058 245.913 5.76666 
0 4 2.5 1 108.556 242.458 5.76666 
0 4 5 1 102.013 303.471 5.76666 
0 2 5 1 107.416 304.534 5.76666 
0.5 0.5 -0.5 1 129.8 196.124 5.76666 
0.5 0.5 6 1 114.962 320.924 5.76666 
10.5 0.5 -0.5 1 314.36 218.23 5.76666 
10.5 0.5 6 1 306.967 334.892 5.76666 
10.5 10.5 -0.5 1 421.544 174.737 5.76666 
10.5 10.5 6 1 412.782 363.464 5.76666 
0.5 10.5 -0.5 1 127.049 125.085 5.76666 
0.5 10.5 6 1 101.633 344.278 5.76666 
0.5 5.5 9.5 1 99.5414 422.819 5.76666 
10.5 5.5 9.5 1 342.673 425.947 5.76666 
0.5 6.5 -0.5 1 126.451 161.115 5.76666 
0.5 8.5 -0.5 1 128.688 146.409 5.76666 
0.5 8.5 4.5 1 109.217 292.423 5.76666 
0.5 6.5 4.5 1 117.538 290.112 5.76666 
0.5 2.5 2 1 123.636 234.454 5.76666 
0.5 4.5 2 1 122.386 232.033 5.76666 
0.5 4.5 4.5 1 117.214 290.029 5.76666 
0.5 2.5 4.5 1 118.025 290.234 5.76666 
