0 0 0 1 390.903 122.386 19.3667 
0 0 6.5 1 370.883 279.124 19.3667 
10 0 0 1 430.483 9.77781 19.3667 
10 0 6.5 1 392.023 336.342 19.3667 
10 10 0 1 -12.4246 10.2406 19.3667 
10 10 6.5 1 -21.2679 283.513 19.3667 
0 10 0 1 159.785 110.668 19.3667 
0 10 6.5 1 148.804 252.882 19.3667 
0 5 10 1 248.64 340.647 19.3667 
10 5 10 1 155.329 450.206 19.3667 
0 6 0 1 244.682 113.283 19.3667 
0 8 0 1 204.546 111.166 19.3667 
0 8 5 1 195.548 224.678 19.3667 
0 6 5 1 239.067 228.1 19.3667 
0 2 2.5 1 334.598 177.156 19.3667 
0 4 2.5 1 286.674 173.097 19.3667 
0 4 5 1 283.113 231.499 19.3667 
0 2 5 1 328.499 237.128 19.3667 
0.5 0.5 -0.5 1 381.58 101.149 19.3667 
0.5 0.5 6 1 358.254 268.643 19.3667 
10.5 0.5 -0.5 1 409.18 -28.9556 19.3667 
10.5 0.5 6 1 371.901 316.902 19.3667 
10.5 10.5 -0.5 1 -51.3445 -21.74 19.3667 
10.5 10.5 6 1 -54.6338 260.897 19.3667 
0.5 10.5 -0.5 1 146.748 92.2329 19.3667 
0.5 10.5 6 1 135.508 238.135 19.3667 
0.5 5.5 9.5 1 236.167 330.604 19.3667 
10.5 5.5 9.5 1 125.33 439.273 19.3667 
0.5 6.5 -0.5 1 231.528 96.2144 19.3667 
0.5 8.5 -0.5 1 184.735 97.8757 19.3667 
0.5 8.5 4.5 1 177.815 211.052 19.3667 
0.5 6.5 4.5 1 222.721 214.796 19.3667 
0.5 2.5 2 1 323.375 164.24 19.3667 
0.5 4.5 2 1 274.911 159.643 19.3667 
0.5 4.5 4.5 1 269.496 218.446 19.3667 
0.5 2.5 4.5 1 314.738 223.182 19.3667 
