0 0 0 1 331.331 65.9572 1.8 
0 0 6.5 1 331.101 202.359 1.8 
10 0 0 1 554.883 6.2484 1.8 
10 0 6.5 1 533.267 222.198 1.8 
10 10 0 1 289.469 -80.3949 1.8 
10 10 6.5 1 289.688 262.715 1.8 
0 10 0 1 124.116 43.8879 1.8 
0 10 6.5 1 137.174 222.628 1.8 
0 5 10 1 247.216 286.316 1.8 
10 5 10 1 432.057 356.456 1.8 
0 6 0 1 224.959 54.8495 1.8 
0 8 0 1 179.066 49.5597 1.8 
0 8 5 1 181.396 179.675 1.8 
0 6 5 1 225.185 180.047 1.8 
0 2 2.5 1 298.523 122.685 1.8 
0 4 2.5 1 262.421 121.118 1.8 
0 4 5 1 265.773 175.293 1.8 
0 2 5 1 297.626 177.648 1.8 
0.5 0.5 -0.5 1 331.649 55.417 1.8 
0.5 0.5 6 1 327.397 195.368 1.8 
10.5 0.5 -0.5 1 566.997 -19.3084 1.8 
10.5 0.5 6 1 546.098 209.921 1.8 
10.5 10.5 -0.5 1 281.521 -132.725 1.8 
10.5 10.5 6 1 284.718 244.684 1.8 
0.5 10.5 -0.5 1 111.8 22.9332 1.8 
0.5 10.5 6 1 129.2 210.783 1.8 
0.5 5.5 9.5 1 245.568 281.652 1.8 
10.5 5.5 9.5 1 438.474 353.131 1.8 
0.5 6.5 -0.5 1 216.083 40.3535 1.8 
0.5 8.5 -0.5 1 167.77 30.4429 1.8 
0.5 8.5 4.5 1 176.205 167.899 1.8 
0.5 6.5 4.5 1 222.286 166.937 1.8 
0.5 2.5 2 1 294.824 109.561 1.8 
0.5 4.5 2 1 262.143 108.573 1.8 
0.5 4.5 4.5 1 258.101 167.255 1.8 
0.5 2.5 4.5 1 296.952 163.163 1.8 
