0 0 0 1 379.534 186.77 18.1667 
0 0 6.5 1 367.993 346.605 18.1667 
10 0 0 1 234.83 59.4969 18.1667 
10 0 6.5 1 207.552 359.628 18.1667 
10 10 0 1 -5.53034 128.081 18.1667 
10 10 6.5 1 -33.8425 317.901 18.1667 
0 10 0 1 186.744 203.401 18.1667 
0 10 6.5 1 176.031 327.594 18.1667 
0 5 10 1 251.47 417.682 18.1667 
10 5 10 1 41.2041 475.458 18.1667 
0 6 0 1 251.992 194.505 18.1667 
0 8 0 1 218.893 198.797 18.1667 
0 8 5 1 210.136 297.235 18.1667 
0 6 5 1 242.176 301.063 18.1667 
0 2 2.5 1 328.433 246.274 18.1667 
0 4 2.5 1 285.551 245.651 18.1667 
0 4 5 1 284.965 304.308 18.1667 
0 2 5 1 324.981 303.68 18.1667 
0.5 0.5 -0.5 1 359.702 166.782 18.1667 
0.5 0.5 6 1 351.327 333.675 18.1667 
10.5 0.5 -0.5 1 206.211 34.8256 18.1667 
10.5 0.5 6 1 175.242 328.215 18.1667 
10.5 10.5 -0.5 1 -24.1944 111.741 18.1667 
10.5 10.5 6 1 -54.0952 305.645 18.1667 
0.5 10.5 -0.5 1 176.503 188.469 18.1667 
0.5 10.5 6 1 163.862 315.759 18.1667 
0.5 5.5 9.5 1 238.046 405.192 18.1667 
10.5 5.5 9.5 1 14.5601 450.528 18.1667 
0.5 6.5 -0.5 1 238.008 182.853 18.1667 
0.5 8.5 -0.5 1 207.029 187.058 18.1667 
0.5 8.5 4.5 1 195.349 288.907 18.1667 
0.5 6.5 4.5 1 230.532 290.043 18.1667 
0.5 2.5 2 1 313.356 230.861 18.1667 
0.5 4.5 2 1 270.382 230.99 18.1667 
0.5 4.5 4.5 1 266.433 291.02 18.1667 
0.5 2.5 4.5 1 308.111 292.14 18.1667 
