0 0 0 1 79.501 76.0231 10.3667 
0 0 6.5 1 76.591 367.255 10.3667 
10 0 0 1 139.749 201.93 10.3667 
10 0 6.5 1 143.291 351.403 10.3667 
10 10 0 1 358.292 193.218 10.3667 
10 10 6.5 1 373.286 336.525 10.3667 
0 10 0 1 489.659 74.4533 10.3667 
0 10 6.5 1 530.138 335.603 10.3667 
0 5 10 1 331.511 527.586 10.3667 
10 5 10 1 268.405 429.454 10.3667 
0 6 0 1 334.326 75.3529 10.3667 
0 8 0 1 413.257 72.0504 10.3667 
0 8 5 1 441.894 276.623 10.3667 
0 6 5 1 352.93 282.222 10.3667 
0 2 2.5 1 168.654 177.451 10.3667 
0 4 2.5 1 256.785 178.818 10.3667 
0 4 5 1 265.852 284.689 10.3667 
0 2 5 1 174.005 289.823 10.3667 
0.5 0.5 -0.5 1 104.323 64.9248 10.3667 
0.5 0.5 6 1 107.676 340.882 10.3667 
10.5 0.5 -0.5 1 152.18 190.457 10.3667 
10.5 0.5 6 1 157.176 337.633 10.3667 
10.5 10.5 -0.5 1 365.805 189.097 10.3667 
10.5 10.5 6 1 377.914 320.928 10.3667 
0.5 10.5 -0.5 1 494.354 69.197 10.3667 
0.5 10.5 6 1 530.623 316.698 10.3667 
0.5 5.5 9.5 1 344.768 490.431 10.3667 
10.5 5.5 9.5 1 277.154 411.223 10.3667 
0.5 6.5 -0.5 1 345.504 66.7329 10.3667 
0.5 8.5 -0.5 1 420.125 67.7583 10.3667 
0.5 8.5 4.5 1 443.907 258.329 10.3667 
0.5 6.5 4.5 1 362.879 262.065 10.3667 
0.5 2.5 2 1 194.687 162.402 10.3667 
0.5 4.5 2 1 275.778 165.821 10.3667 
0.5 4.5 4.5 1 280.423 265.648 10.3667 
0.5 2.5 4.5 1 195.691 268.002 10.3667 
