0 0 0 1 248.445 222.169 3.56666 
0 0 6.5 1 257.989 337.634 3.56666 
10 0 0 1 432.736 190.168 3.56666 
10 0 6.5 1 450.136 329.251 3.56666 
10 10 0 1 403.815 132.647 3.56666 
10 10 6.5 1 430.244 371.388 3.56666 
0 10 0 1 125.507 193.135 3.56666 
0 10 6.5 1 135.892 372.66 3.56666 
0 5 10 1 212.901 430.671 3.56666 
10 5 10 1 455.09 443.534 3.56666 
0 6 0 1 186.169 209.194 3.56666 
0 8 0 1 155.837 203.423 3.56666 
0 8 5 1 166.628 325.337 3.56666 
0 6 5 1 194.13 319.916 3.56666 
0 2 2.5 1 235.786 265.822 3.56666 
0 4 2.5 1 213.676 264.201 3.56666 
0 4 5 1 218.155 316.084 3.56666 
0 2 5 1 235.635 312.522 3.56666 
0.5 0.5 -0.5 1 249.206 211.943 3.56666 
0.5 0.5 6 1 259.594 329.594 3.56666 
10.5 0.5 -0.5 1 441.726 174.583 3.56666 
10.5 0.5 6 1 460.881 317.348 3.56666 
10.5 10.5 -0.5 1 415.004 103.54 3.56666 
10.5 10.5 6 1 448.544 353.084 3.56666 
0.5 10.5 -0.5 1 121.865 177.517 3.56666 
0.5 10.5 6 1 136.332 362.366 3.56666 
0.5 5.5 9.5 1 214.778 420.51 3.56666 
10.5 5.5 9.5 1 469.03 431.981 3.56666 
0.5 6.5 -0.5 1 189.058 193.184 3.56666 
0.5 8.5 -0.5 1 158.291 189.302 3.56666 
0.5 8.5 4.5 1 166.77 312.978 3.56666 
0.5 6.5 4.5 1 197.148 309.791 3.56666 
0.5 2.5 2 1 237.107 254.465 3.56666 
0.5 4.5 2 1 215.83 253.771 3.56666 
0.5 4.5 4.5 1 221.659 307.771 3.56666 
0.5 2.5 4.5 1 241.021 300.53 3.56666 
