0 0 0 1 19.1495 49.3011 7.23333 
0 0 6.5 1 23.9651 222.158 7.23333 
10 0 0 1 229.164 90.9782 7.23333 
10 0 6.5 1 224.288 216.536 7.23333 
10 10 0 1 396.29 66.3213 7.23333 
10 10 6.5 1 376.335 243.193 7.23333 
0 10 0 1 134.383 -30.8045 7.23333 
0 10 6.5 1 130.174 261.137 7.23333 
0 5 10 1 64.0933 337.742 7.23333 
10 5 10 1 283.858 304.394 7.23333 
0 6 0 1 71.3508 14.8429 7.23333 
0 8 0 1 100.547 -5.422 7.23333 
0 8 5 1 98.6749 192.807 7.23333 
0 6 5 1 74.9173 189.526 7.23333 
0 2 2.5 1 31.8042 114.009 7.23333 
0 4 2.5 1 49.6108 109.805 7.23333 
0 4 5 1 50.9736 184.537 7.23333 
0 2 5 1 34.0943 186.386 7.23333 
0.5 0.5 -0.5 1 36.27 36.4683 7.23333 
0.5 0.5 6 1 40.8237 209.392 7.23333 
10.5 0.5 -0.5 1 241.252 84.1734 7.23333 
10.5 0.5 6 1 236.696 209.255 7.23333 
10.5 10.5 -0.5 1 417.582 48.5597 7.23333 
10.5 10.5 6 1 399.972 232.916 7.23333 
0.5 10.5 -0.5 1 164.701 -54.5161 7.23333 
0.5 10.5 6 1 158.572 244.202 7.23333 
0.5 5.5 9.5 1 82.7255 325.8 7.23333 
10.5 5.5 9.5 1 297.403 291.365 7.23333 
0.5 6.5 -0.5 1 94.306 -6.52835 7.23333 
0.5 8.5 -0.5 1 126.628 -26.167 7.23333 
0.5 8.5 4.5 1 123.401 178.25 7.23333 
0.5 6.5 4.5 1 97.2116 174.762 7.23333 
0.5 2.5 2 1 54.8031 98.661 7.23333 
0.5 4.5 2 1 71.5702 94.2562 7.23333 
0.5 4.5 4.5 1 73.7311 172.913 7.23333 
0.5 2.5 4.5 1 54.0118 171.773 7.23333 
