0 0 0 1 -66.6921 -17.5309 8.3 
0 0 6.5 1 -35.5873 206.612 8.3 
10 0 0 1 164.112 49.5656 8.3 
10 0 6.5 1 173.161 189.499 8.3 
10 10 0 1 372.628 3.7649 8.3 
10 10 6.5 1 372.809 183.619 8.3 
0 10 0 1 218.918 -155.864 8.3 
0 10 6.5 1 234.577 204.26 8.3 
0 5 10 1 89.0126 335.544 8.3 
10 5 10 1 264.38 262.502 8.3 
0 6 0 1 71.5578 -83.8252 8.3 
0 8 0 1 136.145 -117.191 8.3 
0 8 5 1 155.012 139.312 8.3 
0 6 5 1 92.2112 142.729 8.3 
0 2 2.5 1 -18.3422 60.6803 8.3 
0 4 2.5 1 25.5156 47.7775 8.3 
0 4 5 1 40.8259 148.869 8.3 
0 2 5 1 -2.22729 153.282 8.3 
0.5 0.5 -0.5 1 -44.13 -37.8204 8.3 
0.5 0.5 6 1 -10.6925 186.384 8.3 
10.5 0.5 -0.5 1 179.053 37.9249 8.3 
10.5 0.5 6 1 185.629 181.206 8.3 
10.5 10.5 -0.5 1 393.759 -10.2217 8.3 
10.5 10.5 6 1 389.391 169.176 8.3 
0.5 10.5 -0.5 1 249.838 -182.021 8.3 
0.5 10.5 6 1 266.311 180.636 8.3 
0.5 5.5 9.5 1 111.508 312.746 8.3 
10.5 5.5 9.5 1 278.353 250.143 8.3 
0.5 6.5 -0.5 1 100.804 -108.527 8.3 
0.5 8.5 -0.5 1 167.086 -139.204 8.3 
0.5 8.5 4.5 1 183.741 113.629 8.3 
0.5 6.5 4.5 1 121.276 123.524 8.3 
0.5 2.5 2 1 11.3278 40.8009 8.3 
0.5 4.5 2 1 53.0926 27.9949 8.3 
0.5 4.5 4.5 1 67.8244 126.941 8.3 
0.5 2.5 4.5 1 20.2822 134.041 8.3 
