0 0 0 1 301.752 64.342 2.3 
0 0 6.5 1 310.992 194.903 2.3 
10 0 0 1 520.652 -2.65954 2.3 
10 0 6.5 1 517.886 187.511 2.3 
10 10 0 1 333.614 -115.435 2.3 
10 10 6.5 1 347.323 212.402 2.3 
0 10 0 1 113.72 32.0202 2.3 
0 10 6.5 1 135.391 214.097 2.3 
0 5 10 1 238.873 277.889 2.3 
10 5 10 1 452.51 310.719 2.3 
0 6 0 1 202.939 46.762 2.3 
0 8 0 1 160.682 40.7886 2.3 
0 8 5 1 176.071 169.421 2.3 
0 6 5 1 213.905 168.332 2.3 
0 2 2.5 1 274.359 113.784 2.3 
0 4 2.5 1 247.107 112.77 2.3 
0 4 5 1 248.075 166.032 2.3 
0 2 5 1 278.729 167.854 2.3 
0.5 0.5 -0.5 1 302.591 51.804 2.3 
0.5 0.5 6 1 308.649 184.823 2.3 
10.5 0.5 -0.5 1 531.794 -30.605 2.3 
10.5 0.5 6 1 526.261 170.623 2.3 
10.5 10.5 -0.5 1 341.639 -168.968 2.3 
10.5 10.5 6 1 351.522 188.253 2.3 
0.5 10.5 -0.5 1 103.769 7.55797 2.3 
0.5 10.5 6 1 124.21 199.623 2.3 
0.5 5.5 9.5 1 235.898 273.106 2.3 
10.5 5.5 9.5 1 462.988 299.955 2.3 
0.5 6.5 -0.5 1 202.915 30.4009 2.3 
0.5 8.5 -0.5 1 155.19 19.7703 2.3 
0.5 8.5 4.5 1 168.828 157.874 2.3 
0.5 6.5 4.5 1 209.601 157.713 2.3 
0.5 2.5 2 1 273.761 102.403 2.3 
0.5 4.5 2 1 244.468 96.9124 2.3 
0.5 4.5 4.5 1 248.817 155.856 2.3 
0.5 2.5 4.5 1 279.382 157.487 2.3 
