0 0 0 1 107.299 160.044 6.03333 
0 0 6.5 1 89.4695 292.433 6.03333 
10 0 0 1 293.088 186.045 6.03333 
10 0 6.5 1 279.525 304.583 6.03333 
10 10 0 1 398.658 151.122 6.03333 
10 10 6.5 1 388.349 327.162 6.03333 
0 10 0 1 112.142 86.7051 6.03333 
0 10 6.5 1 87.3556 311.453 6.03333 
0 5 10 1 78.5269 388.121 6.03333 
10 5 10 1 311.666 392.397 6.03333 
0 6 0 1 110.19 123.501 6.03333 
0 8 0 1 109.465 111.009 6.03333 
0 8 5 1 94.6012 258.823 6.03333 
0 6 5 1 92.4969 259.075 6.03333 
0 2 2.5 1 100.369 204.725 6.03333 
0 4 2.5 1 104.782 197.979 6.03333 
0 4 5 1 96.8624 259.264 6.03333 
0 2 5 1 96.9524 261.029 6.03333 
0.5 0.5 -0.5 1 120.011 149.952 6.03333 
0.5 0.5 6 1 108.267 278.884 6.03333 
10.5 0.5 -0.5 1 303.505 180.164 6.03333 
10.5 0.5 6 1 291.37 294.603 6.03333 
10.5 10.5 -0.5 1 420.938 133.291 6.03333 
10.5 10.5 6 1 408.789 318.072 6.03333 
0.5 10.5 -0.5 1 135.473 68.0607 6.03333 
0.5 10.5 6 1 109.624 295.15 6.03333 
0.5 5.5 9.5 1 96.184 378.477 6.03333 
10.5 5.5 9.5 1 329.289 383.986 6.03333 
0.5 6.5 -0.5 1 124.689 110.377 6.03333 
0.5 8.5 -0.5 1 129.033 90.6844 6.03333 
0.5 8.5 4.5 1 111.841 242.888 6.03333 
0.5 6.5 4.5 1 111.131 244.141 6.03333 
0.5 2.5 2 1 116.495 193.437 6.03333 
0.5 4.5 2 1 114.514 186.485 6.03333 
0.5 4.5 4.5 1 107.653 247.518 6.03333 
0.5 2.5 4.5 1 107.842 251.152 6.03333 
