0 0 0 1 50.526 57.1212 6.86666 
0 0 6.5 1 44.0844 210.468 6.86666 
10 0 0 1 249.577 103.276 6.86666 
10 0 6.5 1 241.807 223.157 6.86666 
10 10 0 1 403.323 64.5366 6.86666 
10 10 6.5 1 380.713 243.712 6.86666 
0 10 0 1 123.806 -37.2025 6.86666 
0 10 6.5 1 110.757 234.3 6.86666 
0 5 10 1 65.9556 320.131 6.86666 
10 5 10 1 293.17 304.858 6.86666 
0 6 0 1 86.2619 12.1082 6.86666 
0 8 0 1 101.981 -8.83018 6.86666 
0 8 5 1 93.1428 175.163 6.86666 
0 6 5 1 77.6835 178.517 6.86666 
0 2 2.5 1 54.469 110.74 6.86666 
0 4 2.5 1 69.9547 103.813 6.86666 
0 4 5 1 63.035 173.467 6.86666 
0 2 5 1 53.9165 178.281 6.86666 
0.5 0.5 -0.5 1 64.1383 40.57 6.86666 
0.5 0.5 6 1 59.3828 199.745 6.86666 
10.5 0.5 -0.5 1 266.399 97.0774 6.86666 
10.5 0.5 6 1 253.572 213.781 6.86666 
10.5 10.5 -0.5 1 421.799 46.736 6.86666 
10.5 10.5 6 1 402.37 233.282 6.86666 
0.5 10.5 -0.5 1 150.424 -64.0087 6.86666 
0.5 10.5 6 1 140.041 216.745 6.86666 
0.5 5.5 9.5 1 83.517 305.049 6.86666 
10.5 5.5 9.5 1 307.393 295.261 6.86666 
0.5 6.5 -0.5 1 105.364 -6.38556 6.86666 
0.5 8.5 -0.5 1 125.635 -28.9199 6.86666 
0.5 8.5 4.5 1 119.785 161.299 6.86666 
0.5 6.5 4.5 1 100.693 160.557 6.86666 
0.5 2.5 2 1 75.5987 97.7653 6.86666 
0.5 4.5 2 1 87.881 87.8022 6.86666 
0.5 4.5 4.5 1 84.2192 163.194 6.86666 
0.5 2.5 4.5 1 71.8356 165.726 6.86666 
