0 0 0 1 371.187 152.274 16.5334 
0 0 6.5 1 390.12 326.954 16.5334 
10 0 0 1 101.535 115.271 16.5334 
10 0 6.5 1 103.916 352.149 16.5334 
10 10 0 1 67.0045 206.559 16.5334 
10 10 6.5 1 68.5182 342.28 16.5334 
0 10 0 1 252.951 217.346 16.5334 
0 10 6.5 1 261.992 332.74 16.5334 
0 5 10 1 320.844 405.642 16.5334 
10 5 10 1 82.2896 453.323 16.5334 
0 6 0 1 290.642 197.963 16.5334 
0 8 0 1 270.031 210.737 16.5334 
0 8 5 1 277.976 299.424 16.5334 
0 6 5 1 298.803 296.925 16.5334 
0 2 2.5 1 346.765 230.029 16.5334 
0 4 2.5 1 320.814 241.353 16.5334 
0 4 5 1 324.3 296.722 16.5334 
0 2 5 1 348.995 291.858 16.5334 
0.5 0.5 -0.5 1 353.426 146.906 16.5334 
0.5 0.5 6 1 369.101 317.221 16.5334 
10.5 0.5 -0.5 1 77.7609 105.778 16.5334 
10.5 0.5 6 1 81.1128 332.229 16.5334 
10.5 10.5 -0.5 1 53.1722 197.815 16.5334 
10.5 10.5 6 1 54.0319 336.726 16.5334 
0.5 10.5 -0.5 1 242.702 210.838 16.5334 
0.5 10.5 6 1 248.398 323.335 16.5334 
0.5 5.5 9.5 1 303.262 396.867 16.5334 
10.5 5.5 9.5 1 64.1141 436.1 16.5334 
0.5 6.5 -0.5 1 277.574 188.671 16.5334 
0.5 8.5 -0.5 1 256.163 202.507 16.5334 
0.5 8.5 4.5 1 266.325 291.224 16.5334 
0.5 6.5 4.5 1 283.634 287.364 16.5334 
0.5 2.5 2 1 328.522 220.039 16.5334 
0.5 4.5 2 1 302.579 230.131 16.5334 
0.5 4.5 4.5 1 304.713 284.562 16.5334 
0.5 2.5 4.5 1 332.538 279.974 16.5334 
