0 0 0 1 198.173 241.026 4.46666 
0 0 6.5 1 198.508 355.412 4.46666 
10 0 0 1 378.711 228.861 4.46666 
10 0 6.5 1 387.106 350.63 4.46666 
10 10 0 1 405.422 154.801 4.46666 
10 10 6.5 1 421.998 356.929 4.46666 
0 10 0 1 118.263 178.835 4.46666 
0 10 6.5 1 109.156 363.571 4.46666 
0 5 10 1 161.964 442.272 4.46666 
10 5 10 1 408.976 446.152 4.46666 
0 6 0 1 160.263 209.734 4.46666 
0 8 0 1 141.137 198.511 4.46666 
0 8 5 1 138.638 319.323 4.46666 
0 6 5 1 154.679 322.939 4.46666 
0 2 2.5 1 186.839 278.893 4.46666 
0 4 2.5 1 175.256 269.534 4.46666 
0 4 5 1 172.59 324.398 4.46666 
0 2 5 1 187.889 326.259 4.46666 
0.5 0.5 -0.5 1 205.894 228.433 4.46666 
0.5 0.5 6 1 206.888 346.232 4.46666 
10.5 0.5 -0.5 1 388.716 216.548 4.46666 
10.5 0.5 6 1 397.757 343.817 4.46666 
10.5 10.5 -0.5 1 422.005 130.977 4.46666 
10.5 10.5 6 1 442.836 339.501 4.46666 
0.5 10.5 -0.5 1 126.134 157.07 4.46666 
0.5 10.5 6 1 119.248 350.179 4.46666 
0.5 5.5 9.5 1 170.183 432.041 4.46666 
10.5 5.5 9.5 1 422.446 433.156 4.46666 
0.5 6.5 -0.5 1 164.237 195.836 4.46666 
0.5 8.5 -0.5 1 149.077 179.896 4.46666 
0.5 8.5 4.5 1 144.871 308.036 4.46666 
0.5 6.5 4.5 1 162.851 307.514 4.46666 
0.5 2.5 2 1 195.212 265.903 4.46666 
0.5 4.5 2 1 179.376 258.671 4.46666 
0.5 4.5 4.5 1 179.056 315.03 4.46666 
0.5 2.5 4.5 1 192.525 316.148 4.46666 
