0 0 0 1 213.396 236.857 4.2 
0 0 6.5 1 216.727 353.33 4.2 
10 0 0 1 393.825 217.098 4.2 
10 0 6.5 1 407.762 345.703 4.2 
10 10 0 1 406.447 144.565 4.2 
10 10 6.5 1 428.575 358.775 4.2 
0 10 0 1 120.325 186.432 4.2 
0 10 6.5 1 118.993 367.821 4.2 
0 5 10 1 178.641 441.866 4.2 
10 5 10 1 426.692 446.119 4.2 
0 6 0 1 167.28 214.012 4.2 
0 8 0 1 145.731 200.737 4.2 
0 8 5 1 148.685 322.08 4.2 
0 6 5 1 168.475 324.83 4.2 
0 2 2.5 1 202.944 279.132 4.2 
0 4 2.5 1 187.066 274.53 4.2 
0 4 5 1 188.561 325.324 4.2 
0 2 5 1 203.092 326.176 4.2 
0.5 0.5 -0.5 1 216.584 229.646 4.2 
0.5 0.5 6 1 220.274 343.504 4.2 
10.5 0.5 -0.5 1 404.518 205.237 4.2 
10.5 0.5 6 1 418.292 337.261 4.2 
10.5 10.5 -0.5 1 419.766 122.455 4.2 
10.5 10.5 6 1 445.545 338.215 4.2 
0.5 10.5 -0.5 1 125.51 168.163 4.2 
0.5 10.5 6 1 123.079 355.682 4.2 
0.5 5.5 9.5 1 187.373 433.12 4.2 
10.5 5.5 9.5 1 438.355 435.092 4.2 
0.5 6.5 -0.5 1 171.96 198.203 4.2 
0.5 8.5 -0.5 1 151.286 184.576 4.2 
0.5 8.5 4.5 1 153.248 310.906 4.2 
0.5 6.5 4.5 1 174.131 312.241 4.2 
0.5 2.5 2 1 208.56 268.89 4.2 
0.5 4.5 2 1 189.844 261.037 4.2 
0.5 4.5 4.5 1 194.384 314.939 4.2 
0.5 2.5 4.5 1 210.38 315.195 4.2 
