0 0 0 1 -56.9207 -4.9495 8.09999 
0 0 6.5 1 -24.274 204.612 8.09999 
10 0 0 1 175.076 52.1916 8.09999 
10 0 6.5 1 181.868 190.636 8.09999 
10 10 0 1 377.732 11.9889 8.09999 
10 10 6.5 1 373.39 193.289 8.09999 
0 10 0 1 191.628 -129.684 8.09999 
0 10 6.5 1 208.994 221.114 8.09999 
0 5 10 1 81.9555 333.984 8.09999 
10 5 10 1 268.722 268.611 8.09999 
0 6 0 1 61.9662 -64.6995 8.09999 
0 8 0 1 120.496 -92.4358 8.09999 
0 8 5 1 140.571 153.366 8.09999 
0 6 5 1 82.5986 153.931 8.09999 
0 2 2.5 1 -8.7126 72.3393 8.09999 
0 4 2.5 1 29.488 63.0771 8.09999 
0 4 5 1 41.8068 156.076 8.09999 
0 2 5 1 2.18757 159.78 8.09999 
0.5 0.5 -0.5 1 -33.5282 -23.6971 8.09999 
0.5 0.5 6 1 -4.77304 191.229 8.09999 
10.5 0.5 -0.5 1 187.74 42.494 8.09999 
10.5 0.5 6 1 197.905 178.179 8.09999 
10.5 10.5 -0.5 1 396.484 -5.40436 8.09999 
10.5 10.5 6 1 392.71 178.637 8.09999 
0.5 10.5 -0.5 1 230.873 -157.983 8.09999 
0.5 10.5 6 1 240.646 199.855 8.09999 
0.5 5.5 9.5 1 104.981 316.02 8.09999 
10.5 5.5 9.5 1 282.121 255.321 8.09999 
0.5 6.5 -0.5 1 92.3531 -86.1126 8.09999 
0.5 8.5 -0.5 1 154.883 -115.306 8.09999 
0.5 8.5 4.5 1 166.904 130.661 8.09999 
0.5 6.5 4.5 1 112.714 134.347 8.09999 
0.5 2.5 2 1 14.4311 52.2812 8.09999 
0.5 4.5 2 1 55.6012 42.2191 8.09999 
0.5 4.5 4.5 1 64.5418 138.975 8.09999 
0.5 2.5 4.5 1 23.5059 144.414 8.09999 
