0 0 0 1 376.344 210.27 17.0001 
0 0 6.5 1 387.399 382.048 17.0001 
10 0 0 1 121.423 153.953 17.0001 
10 0 6.5 1 117.075 411.634 17.0001 
10 10 0 1 40.6103 232.863 17.0001 
10 10 6.5 1 31.3471 388.911 17.0001 
0 10 0 1 232.526 250.973 17.0001 
0 10 6.5 1 237.917 372.797 17.0001 
0 5 10 1 301.995 460.146 17.0001 
10 5 10 1 54.3375 513.62 17.0001 
0 6 0 1 275.927 235.615 17.0001 
0 8 0 1 253.942 247.39 17.0001 
0 8 5 1 254.954 343.288 17.0001 
0 6 5 1 282.57 342.256 17.0001 
0 2 2.5 1 339.273 278.368 17.0001 
0 4 2.5 1 306.262 286.511 17.0001 
0 4 5 1 306.672 341.776 17.0001 
0 2 5 1 341.999 341.414 17.0001 
0.5 0.5 -0.5 1 353.941 199.247 17.0001 
0.5 0.5 6 1 366.143 368.528 17.0001 
10.5 0.5 -0.5 1 98.5824 137.552 17.0001 
10.5 0.5 6 1 84.8511 389.002 17.0001 
10.5 10.5 -0.5 1 25.5923 222.684 17.0001 
10.5 10.5 6 1 13.7437 375.438 17.0001 
0.5 10.5 -0.5 1 218.444 248.936 17.0001 
0.5 10.5 6 1 222.936 361.475 17.0001 
0.5 5.5 9.5 1 281.846 447.564 17.0001 
10.5 5.5 9.5 1 35.0966 494.701 17.0001 
0.5 6.5 -0.5 1 262.719 230.362 17.0001 
0.5 8.5 -0.5 1 240.888 240.741 17.0001 
0.5 8.5 4.5 1 243.068 333.509 17.0001 
0.5 6.5 4.5 1 265.426 333.25 17.0001 
0.5 2.5 2 1 322.842 268.168 17.0001 
0.5 4.5 2 1 289.912 277.128 17.0001 
0.5 4.5 4.5 1 289.948 332.752 17.0001 
0.5 2.5 4.5 1 322.575 330.166 17.0001 
