0 0 0 1 346.39 78.1827 1.46667 
0 0 6.5 1 343.122 215.703 1.46667 
10 0 0 1 574.825 18.4541 1.46667 
10 0 6.5 1 539.394 247.559 1.46667 
10 10 0 1 247.531 -60.3282 1.46667 
10 10 6.5 1 243.069 279.588 1.46667 
0 10 0 1 133.122 50.5435 1.46667 
0 10 6.5 1 140.471 224.937 1.46667 
0 5 10 1 252.793 292.924 1.46667 
10 5 10 1 409.479 384.936 1.46667 
0 6 0 1 229.888 64.2183 1.46667 
0 8 0 1 182.438 56.9249 1.46667 
0 8 5 1 186.948 183.697 1.46667 
0 6 5 1 230.332 183.11 1.46667 
0 2 2.5 1 311.414 129.397 1.46667 
0 4 2.5 1 271.533 128.01 1.46667 
0 4 5 1 272.823 186.229 1.46667 
0 2 5 1 309.153 184.732 1.46667 
0.5 0.5 -0.5 1 346.947 57.3935 1.46667 
0.5 0.5 6 1 339.757 206.559 1.46667 
10.5 0.5 -0.5 1 582.03 -12.1386 1.46667 
10.5 0.5 6 1 553.27 233.224 1.46667 
10.5 10.5 -0.5 1 229.179 -117.266 1.46667 
10.5 10.5 6 1 230.441 266.867 1.46667 
0.5 10.5 -0.5 1 119.8 32.0015 1.46667 
0.5 10.5 6 1 126.954 213.596 1.46667 
0.5 5.5 9.5 1 245.453 288.284 1.46667 
10.5 5.5 9.5 1 410.058 382.547 1.46667 
0.5 6.5 -0.5 1 222.67 45.2704 1.46667 
0.5 8.5 -0.5 1 170.961 35.8371 1.46667 
0.5 8.5 4.5 1 176.121 174.667 1.46667 
0.5 6.5 4.5 1 224.286 174.22 1.46667 
0.5 2.5 2 1 308.411 115.109 1.46667 
0.5 4.5 2 1 265.44 113.467 1.46667 
0.5 4.5 4.5 1 265.044 173.946 1.46667 
0.5 2.5 4.5 1 306.859 175.432 1.46667 
