0 0 0 1 372.177 136.786 16.2334 
0 0 6.5 1 393.806 313.224 16.2334 
10 0 0 1 90.6952 117.532 16.2334 
10 0 6.5 1 100.938 344.87 16.2334 
10 10 0 1 81.9891 197.907 16.2334 
10 10 6.5 1 85.9824 332.636 16.2334 
0 10 0 1 270.001 200.349 16.2334 
0 10 6.5 1 278.996 313.33 16.2334 
0 5 10 1 330.789 392.995 16.2334 
10 5 10 1 96.215 433.513 16.2334 
0 6 0 1 299.236 177.233 16.2334 
0 8 0 1 282.47 190.396 16.2334 
0 8 5 1 291.597 283.937 16.2334 
0 6 5 1 309.073 281.461 16.2334 
0 2 2.5 1 352.099 215.574 16.2334 
0 4 2.5 1 326.254 224.482 16.2334 
0 4 5 1 333.136 277.47 16.2334 
0 2 5 1 359.256 275.49 16.2334 
0.5 0.5 -0.5 1 354.748 126.872 16.2334 
0.5 0.5 6 1 371.758 300.328 16.2334 
10.5 0.5 -0.5 1 70.7398 106.971 16.2334 
10.5 0.5 6 1 79.6074 329.109 16.2334 
10.5 10.5 -0.5 1 72.5057 192.593 16.2334 
10.5 10.5 6 1 76.4102 325.441 16.2334 
0.5 10.5 -0.5 1 253.994 191.259 16.2334 
0.5 10.5 6 1 266.58 305.483 16.2334 
0.5 5.5 9.5 1 317.144 380.827 16.2334 
10.5 5.5 9.5 1 81.1057 417.481 16.2334 
0.5 6.5 -0.5 1 288.902 172.716 16.2334 
0.5 8.5 -0.5 1 270.678 186.437 16.2334 
0.5 8.5 4.5 1 280.231 277.814 16.2334 
0.5 6.5 4.5 1 295.144 272.341 16.2334 
0.5 2.5 2 1 332.808 204.299 16.2334 
0.5 4.5 2 1 312.634 217.25 16.2334 
0.5 4.5 4.5 1 314.749 267.489 16.2334 
0.5 2.5 4.5 1 339.288 263.857 16.2334 
