0 0 0 1 -39.8876 104.947 9.33334 
0 0 6.5 1 -10.475 367.739 9.33334 
10 0 0 1 139.015 164.428 9.33334 
10 0 6.5 1 157.879 309.421 9.33334 
10 10 0 1 363.395 131.782 9.33334 
10 10 6.5 1 378.44 293.244 9.33334 
0 10 0 1 377.503 26.7246 9.33334 
0 10 6.5 1 404.848 347.296 9.33334 
0 5 10 1 192.562 509.851 9.33334 
10 5 10 1 269.173 380.499 9.33334 
0 6 0 1 188.277 62.6244 9.33334 
0 8 0 1 280.139 47.5806 9.33334 
0 8 5 1 304.037 280.186 9.33334 
0 6 5 1 213.547 288.248 9.33334 
0 2 2.5 1 42.3089 199.217 9.33334 
0 4 2.5 1 117.463 185.559 9.33334 
0 4 5 1 127.464 295.453 9.33334 
0 2 5 1 54.1306 303.811 9.33334 
0.5 0.5 -0.5 1 -8.93595 88.3634 9.33334 
0.5 0.5 6 1 17.5599 342.225 9.33334 
10.5 0.5 -0.5 1 153.382 156.703 9.33334 
10.5 0.5 6 1 170.416 295.083 9.33334 
10.5 10.5 -0.5 1 372.206 124.106 9.33334 
10.5 10.5 6 1 387.576 275.329 9.33334 
0.5 10.5 -0.5 1 399.156 10.2548 9.33334 
0.5 10.5 6 1 425.878 316.034 9.33334 
0.5 5.5 9.5 1 216.548 478.649 9.33334 
10.5 5.5 9.5 1 280.483 364.48 9.33334 
0.5 6.5 -0.5 1 214.843 43.3624 9.33334 
0.5 8.5 -0.5 1 300.866 26.4775 9.33334 
0.5 8.5 4.5 1 319.6 252.311 9.33334 
0.5 6.5 4.5 1 238.548 259.749 9.33334 
0.5 2.5 2 1 71.5014 175.413 9.33334 
0.5 4.5 2 1 142.332 164.824 9.33334 
0.5 4.5 4.5 1 153.686 269.677 9.33334 
0.5 2.5 4.5 1 79.1437 274.279 9.33334 
