0 0 0 1 386.877 132.472 18.8334 
0 0 6.5 1 369.662 293.403 18.8334 
10 0 0 1 343.337 -10.8916 18.8334 
10 0 6.5 1 310.699 311.374 18.8334 
10 10 0 1 -12.6975 29.4566 18.8334 
10 10 6.5 1 -38.2779 262.089 18.8334 
0 10 0 1 176.123 134.001 18.8334 
0 10 6.5 1 158.235 266.601 18.8334 
0 5 10 1 250.423 357.303 18.8334 
10 5 10 1 91.9902 427.851 18.8334 
0 6 0 1 247.842 134.836 18.8334 
0 8 0 1 211.659 134.16 18.8334 
0 8 5 1 202.091 238.362 18.8334 
0 6 5 1 239.781 243.864 18.8334 
0 2 2.5 1 334.029 193.209 18.8334 
0 4 2.5 1 283.663 189.641 18.8334 
0 4 5 1 281.777 246.68 18.8334 
0 2 5 1 325.198 250.809 18.8334 
0.5 0.5 -0.5 1 373.969 112.683 18.8334 
0.5 0.5 6 1 357.907 278.517 18.8334 
10.5 0.5 -0.5 1 316.474 -46.4792 18.8334 
10.5 0.5 6 1 280.166 280.274 18.8334 
10.5 10.5 -0.5 1 -44.2299 6.12422 18.8334 
10.5 10.5 6 1 -65.178 242.902 18.8334 
0.5 10.5 -0.5 1 159.548 120.041 18.8334 
0.5 10.5 6 1 144.583 253.915 18.8334 
0.5 5.5 9.5 1 232.846 347.59 18.8334 
10.5 5.5 9.5 1 62.238 408.95 18.8334 
0.5 6.5 -0.5 1 238.643 117.467 18.8334 
0.5 8.5 -0.5 1 196.181 118.824 18.8334 
0.5 8.5 4.5 1 185.386 227.122 18.8334 
0.5 6.5 4.5 1 225.208 232.209 18.8334 
0.5 2.5 2 1 319.624 176.797 18.8334 
0.5 4.5 2 1 273.967 175.594 18.8334 
0.5 4.5 4.5 1 267.328 232.872 18.8334 
0.5 2.5 4.5 1 313.169 238.752 18.8334 
