0 0 0 1 388.436 128.18 19.0667 
0 0 6.5 1 372.549 288.086 19.0667 
10 0 0 1 381.233 -2.92879 19.0667 
10 0 6.5 1 346.251 328.609 19.0667 
10 10 0 1 -13.0698 22.4721 19.0667 
10 10 6.5 1 -34.3618 271.749 19.0667 
0 10 0 1 168.443 121.856 19.0667 
0 10 6.5 1 156.124 260.913 19.0667 
0 5 10 1 247.795 351.288 19.0667 
10 5 10 1 117.294 441.344 19.0667 
0 6 0 1 245.262 123.452 19.0667 
0 8 0 1 206.22 121.36 19.0667 
0 8 5 1 195.804 232.524 19.0667 
0 6 5 1 236.942 236.671 19.0667 
0 2 2.5 1 334.369 184.918 19.0667 
0 4 2.5 1 285.057 183.097 19.0667 
0 4 5 1 281.404 243.274 19.0667 
0 2 5 1 325.11 245.351 19.0667 
0.5 0.5 -0.5 1 377.945 110.09 19.0667 
0.5 0.5 6 1 360.137 272.887 19.0667 
10.5 0.5 -0.5 1 355.961 -38.1234 19.0667 
10.5 0.5 6 1 321.713 301.891 19.0667 
10.5 10.5 -0.5 1 -48.5423 -9.82479 19.0667 
10.5 10.5 6 1 -62.9621 249.806 19.0667 
0.5 10.5 -0.5 1 154.115 108.251 19.0667 
0.5 10.5 6 1 139.3 248.739 19.0667 
0.5 5.5 9.5 1 234.66 342.2 19.0667 
10.5 5.5 9.5 1 90.0549 422.934 19.0667 
0.5 6.5 -0.5 1 233.897 107.44 19.0667 
0.5 8.5 -0.5 1 191.582 110.137 19.0667 
0.5 8.5 4.5 1 181.077 221.925 19.0667 
0.5 6.5 4.5 1 226.826 225.561 19.0667 
0.5 2.5 2 1 321.517 172.67 19.0667 
0.5 4.5 2 1 273.592 170.962 19.0667 
0.5 4.5 4.5 1 269.452 228.981 19.0667 
0.5 2.5 4.5 1 313.627 231.998 19.0667 
