0 0 0 1 -45.6098 4.33153 7.96666 
0 0 6.5 1 -20.3864 212.961 7.96666 
10 0 0 1 184.405 60.3525 7.96666 
10 0 6.5 1 186.334 195.37 7.96666 
10 10 0 1 381.742 20.6529 7.96666 
10 10 6.5 1 373.494 202.645 7.96666 
0 10 0 1 181.792 -104.026 7.96666 
0 10 6.5 1 194.801 235.366 7.96666 
0 5 10 1 73.508 340.907 7.96666 
10 5 10 1 270.217 272.301 7.96666 
0 6 0 1 63.5907 -44.4171 7.96666 
0 8 0 1 112.97 -70.4126 7.96666 
0 8 5 1 130.32 169.409 7.96666 
0 6 5 1 79.5141 166.262 7.96666 
0 2 2.5 1 -4.19205 83.1019 7.96666 
0 4 2.5 1 31.0317 74.5487 7.96666 
0 4 5 1 39.7263 167.414 7.96666 
0 2 5 1 3.01018 167.316 7.96666 
0.5 0.5 -0.5 1 -21.7488 -9.18197 7.96666 
0.5 0.5 6 1 1.53478 193.948 7.96666 
10.5 0.5 -0.5 1 196.131 50.4015 7.96666 
10.5 0.5 6 1 203.044 187.451 7.96666 
10.5 10.5 -0.5 1 400.568 6.08995 7.96666 
10.5 10.5 6 1 393.359 191.36 7.96666 
0.5 10.5 -0.5 1 219.245 -130.247 7.96666 
0.5 10.5 6 1 225.985 216.616 7.96666 
0.5 5.5 9.5 1 99.9021 321.093 7.96666 
10.5 5.5 9.5 1 283.72 263.733 7.96666 
0.5 6.5 -0.5 1 93.1576 -65.3034 7.96666 
0.5 8.5 -0.5 1 147.871 -94.7887 7.96666 
0.5 8.5 4.5 1 158.531 146.692 7.96666 
0.5 6.5 4.5 1 105.585 146.802 7.96666 
0.5 2.5 2 1 19.7139 65.2679 7.96666 
0.5 4.5 2 1 59.1169 55.7173 7.96666 
0.5 4.5 4.5 1 62.933 148.401 7.96666 
0.5 2.5 4.5 1 27.9189 151.187 7.96666 
