0 0 0 1 384.787 111.346 15.6001 
0 0 6.5 1 403.943 299.96 15.6001 
10 0 0 1 81.2199 124.887 15.6001 
10 0 6.5 1 106.22 341.563 15.6001 
10 10 0 1 117.659 177.98 15.6001 
10 10 6.5 1 133.182 303.259 15.6001 
0 10 0 1 302.962 165.753 15.6001 
0 10 6.5 1 312.596 278.532 15.6001 
0 5 10 1 354.727 364.842 15.6001 
10 5 10 1 129.983 401.792 15.6001 
0 6 0 1 325.736 148.627 15.6001 
0 8 0 1 314.745 159.377 15.6001 
0 8 5 1 320.575 257.264 15.6001 
0 6 5 1 339.701 258.097 15.6001 
0 2 2.5 1 368.515 194.568 15.6001 
0 4 2.5 1 347.865 200.721 15.6001 
0 4 5 1 354.113 256.093 15.6001 
0 2 5 1 373.262 254.859 15.6001 
0.5 0.5 -0.5 1 365.865 104.627 15.6001 
0.5 0.5 6 1 381.997 288.211 15.6001 
10.5 0.5 -0.5 1 63.2848 113.822 15.6001 
10.5 0.5 6 1 88.1394 324.795 15.6001 
10.5 10.5 -0.5 1 106.508 171.399 15.6001 
10.5 10.5 6 1 121.024 294.818 15.6001 
0.5 10.5 -0.5 1 290.078 160.295 15.6001 
0.5 10.5 6 1 303.32 270.155 15.6001 
0.5 5.5 9.5 1 339.058 354.943 15.6001 
10.5 5.5 9.5 1 115.995 387.753 15.6001 
0.5 6.5 -0.5 1 310.123 141.254 15.6001 
0.5 8.5 -0.5 1 302.091 153.629 15.6001 
0.5 8.5 4.5 1 311.458 246.499 15.6001 
0.5 6.5 4.5 1 322.01 246.572 15.6001 
0.5 2.5 2 1 348.896 184.73 15.6001 
0.5 4.5 2 1 332.421 190.162 15.6001 
0.5 4.5 4.5 1 337.937 248.514 15.6001 
0.5 2.5 4.5 1 359.153 246.173 15.6001 
