0 0 0 1 409.78 -20.7759 14.8001 
0 0 6.5 1 410.334 199.025 14.8001 
10 0 0 1 78.1902 8.07143 14.8001 
10 0 6.5 1 103.189 216.383 14.8001 
10 10 0 1 162.117 79.3981 14.8001 
10 10 6.5 1 173.709 202.206 14.8001 
0 10 0 1 356.709 63.4331 14.8001 
0 10 6.5 1 359.294 188.638 14.8001 
0 5 10 1 377.568 277.256 14.8001 
10 5 10 1 153.344 287.297 14.8001 
0 6 0 1 369.737 40.8795 14.8001 
0 8 0 1 358.401 55.45 14.8001 
0 8 5 1 364.147 160.217 14.8001 
0 6 5 1 372.831 158.159 14.8001 
0 2 2.5 1 393.97 81.32 14.8001 
0 4 2.5 1 382.347 95.5937 14.8001 
0 4 5 1 384.146 156.542 14.8001 
0 2 5 1 392.879 156.377 14.8001 
0.5 0.5 -0.5 1 387.906 -28.0857 14.8001 
0.5 0.5 6 1 390.864 182.984 14.8001 
10.5 0.5 -0.5 1 70.3203 -0.341223 14.8001 
10.5 0.5 6 1 94.15 202.29 14.8001 
10.5 10.5 -0.5 1 154.487 73.9514 14.8001 
10.5 10.5 6 1 166.061 193.959 14.8001 
0.5 10.5 -0.5 1 340.94 56.483 14.8001 
0.5 10.5 6 1 347.184 187.437 14.8001 
0.5 5.5 9.5 1 364.509 259.603 14.8001 
10.5 5.5 9.5 1 144.655 274.617 14.8001 
0.5 6.5 -0.5 1 355.969 33.4233 14.8001 
0.5 8.5 -0.5 1 348.041 42.6902 14.8001 
0.5 8.5 4.5 1 352.219 153.967 14.8001 
0.5 6.5 4.5 1 357.954 150.926 14.8001 
0.5 2.5 2 1 377.23 70.5463 14.8001 
0.5 4.5 2 1 364.35 83.3342 14.8001 
0.5 4.5 4.5 1 364.249 147.807 14.8001 
0.5 2.5 4.5 1 377.166 144.848 14.8001 
