0 0 0 1 375.145 133.767 16.1334 
0 0 6.5 1 395.903 311.029 16.1334 
10 0 0 1 87.4838 120.177 16.1334 
10 0 6.5 1 100.428 346.217 16.1334 
10 10 0 1 87.0551 199.483 16.1334 
10 10 6.5 1 95.1837 329.341 16.1334 
0 10 0 1 272.394 195.886 16.1334 
0 10 6.5 1 283.944 308.123 16.1334 
0 5 10 1 334.888 390.871 16.1334 
10 5 10 1 103.083 431.051 16.1334 
0 6 0 1 302.978 176.154 16.1334 
0 8 0 1 288.889 185.345 16.1334 
0 8 5 1 295.957 279.646 16.1334 
0 6 5 1 313.201 281.019 16.1334 
0 2 2.5 1 353.96 209.841 16.1334 
0 4 2.5 1 329.83 218.674 16.1334 
0 4 5 1 333.331 276.727 16.1334 
0 2 5 1 361.768 273.371 16.1334 
0.5 0.5 -0.5 1 352.446 125.474 16.1334 
0.5 0.5 6 1 373.599 300.268 16.1334 
10.5 0.5 -0.5 1 66.0945 109.689 16.1334 
10.5 0.5 6 1 83.5 331.589 16.1334 
10.5 10.5 -0.5 1 74.3124 190.284 16.1334 
10.5 10.5 6 1 84.0784 320.643 16.1334 
0.5 10.5 -0.5 1 261.779 191.426 16.1334 
0.5 10.5 6 1 272.067 304.267 16.1334 
0.5 5.5 9.5 1 318.077 376.113 16.1334 
10.5 5.5 9.5 1 86.4913 416.795 16.1334 
0.5 6.5 -0.5 1 290.408 171.829 16.1334 
0.5 8.5 -0.5 1 274.786 180.121 16.1334 
0.5 8.5 4.5 1 284.217 271.833 16.1334 
0.5 6.5 4.5 1 298.931 268.244 16.1334 
0.5 2.5 2 1 337.264 201.189 16.1334 
0.5 4.5 2 1 311.446 207.603 16.1334 
0.5 4.5 4.5 1 318.039 265.743 16.1334 
0.5 2.5 4.5 1 342.368 261.068 16.1334 
