0 0 0 1 380.644 124.761 15.8001 
0 0 6.5 1 402.478 306.458 15.8001 
10 0 0 1 82.2791 132.418 15.8001 
10 0 6.5 1 99.9476 349.499 15.8001 
10 10 0 1 104.238 190.507 15.8001 
10 10 6.5 1 117.822 318.073 15.8001 
0 10 0 1 290.395 179.215 15.8001 
0 10 6.5 1 301.296 296.403 15.8001 
0 5 10 1 348.638 378.039 15.8001 
10 5 10 1 119.698 416.525 15.8001 
0 6 0 1 319.508 164.935 15.8001 
0 8 0 1 302.684 173.781 15.8001 
0 8 5 1 314.258 266.133 15.8001 
0 6 5 1 328.194 266.029 15.8001 
0 2 2.5 1 363.031 206.342 15.8001 
0 4 2.5 1 343.225 212.392 15.8001 
0 4 5 1 347.45 267.907 15.8001 
0 2 5 1 368.614 267.983 15.8001 
0.5 0.5 -0.5 1 358.555 117 15.8001 
0.5 0.5 6 1 381.243 293.427 15.8001 
10.5 0.5 -0.5 1 65.5097 121.031 15.8001 
10.5 0.5 6 1 85.1081 331.298 15.8001 
10.5 10.5 -0.5 1 95.3429 184.39 15.8001 
10.5 10.5 6 1 107.035 309.763 15.8001 
0.5 10.5 -0.5 1 276.626 171.233 15.8001 
0.5 10.5 6 1 290.248 287.65 15.8001 
0.5 5.5 9.5 1 332.063 365.467 15.8001 
10.5 5.5 9.5 1 106.145 401.925 15.8001 
0.5 6.5 -0.5 1 303.984 158.763 15.8001 
0.5 8.5 -0.5 1 291.82 166.48 15.8001 
0.5 8.5 4.5 1 298.541 261.049 15.8001 
0.5 6.5 4.5 1 313.803 258.554 15.8001 
0.5 2.5 2 1 343.397 195.005 15.8001 
0.5 4.5 2 1 329.457 202.262 15.8001 
0.5 4.5 4.5 1 332.419 258.216 15.8001 
0.5 2.5 4.5 1 349.873 256.439 15.8001 
