0 0 0 1 345.491 57.4604 12.1334 
0 0 6.5 1 324.389 349.296 12.1334 
10 0 0 1 150.992 145.745 12.1334 
10 0 6.5 1 129.414 309.195 12.1334 
10 10 0 1 323.303 193.834 12.1334 
10 10 6.5 1 315.866 321.902 12.1334 
0 10 0 1 527.027 170.286 12.1334 
0 10 6.5 1 521.39 347.552 12.1334 
0 5 10 1 437.816 476.808 12.1334 
10 5 10 1 227.358 392.883 12.1334 
0 6 0 1 473.589 135.391 12.1334 
0 8 0 1 503.586 150.278 12.1334 
0 8 5 1 496.26 301.967 12.1334 
0 6 5 1 465.222 297.318 12.1334 
0 2 2.5 1 390.845 185.306 12.1334 
0 4 2.5 1 434.774 202.913 12.1334 
0 4 5 1 428.644 291.686 12.1334 
0 2 5 1 383.416 283.925 12.1334 
0.5 0.5 -0.5 1 345.204 54.8807 12.1334 
0.5 0.5 6 1 326.942 324.588 12.1334 
10.5 0.5 -0.5 1 155.53 138.839 12.1334 
10.5 0.5 6 1 141.088 297.845 12.1334 
10.5 10.5 -0.5 1 325.817 190.693 12.1334 
10.5 10.5 6 1 313.272 310.08 12.1334 
0.5 10.5 -0.5 1 519.413 158.148 12.1334 
0.5 10.5 6 1 511.68 331.908 12.1334 
0.5 5.5 9.5 1 431.959 451.303 12.1334 
10.5 5.5 9.5 1 230.141 383.437 12.1334 
0.5 6.5 -0.5 1 468.348 124.919 12.1334 
0.5 8.5 -0.5 1 496.031 145.957 12.1334 
0.5 8.5 4.5 1 488.553 289.145 12.1334 
0.5 6.5 4.5 1 460.308 281.539 12.1334 
0.5 2.5 2 1 386.866 175.719 12.1334 
0.5 4.5 2 1 428.176 191.166 12.1334 
0.5 4.5 4.5 1 425.273 274.263 12.1334 
0.5 2.5 4.5 1 380.995 271.089 12.1334 
