0 0 0 1 108.511 171.385 5.96666 
0 0 6.5 1 92.9772 300.332 5.96666 
10 0 0 1 292.965 200.942 5.96666 
10 0 6.5 1 283.06 315.824 5.96666 
10 10 0 1 398.667 160.19 5.96666 
10 10 6.5 1 386.156 339.302 5.96666 
0 10 0 1 111.31 103.071 5.96666 
0 10 6.5 1 84.0384 320.199 5.96666 
0 5 10 1 79.4894 398.978 5.96666 
10 5 10 1 314.787 402.912 5.96666 
0 6 0 1 113.25 138.562 5.96666 
0 8 0 1 108.808 122.893 5.96666 
0 8 5 1 92.5045 268.08 5.96666 
0 6 5 1 96.5239 272.615 5.96666 
0 2 2.5 1 102.344 213.989 5.96666 
0 4 2.5 1 102.996 208.32 5.96666 
0 4 5 1 96.3439 270.753 5.96666 
0 2 5 1 97.9949 274.075 5.96666 
0.5 0.5 -0.5 1 123.796 159.513 5.96666 
0.5 0.5 6 1 107.301 291.137 5.96666 
10.5 0.5 -0.5 1 303.59 191.57 5.96666 
10.5 0.5 6 1 296.595 308.029 5.96666 
10.5 10.5 -0.5 1 422.199 143.234 5.96666 
10.5 10.5 6 1 408.431 328.12 5.96666 
0.5 10.5 -0.5 1 130.408 85.906 5.96666 
0.5 10.5 6 1 106.17 308.081 5.96666 
0.5 5.5 9.5 1 95.756 388.24 5.96666 
10.5 5.5 9.5 1 330.326 395.465 5.96666 
0.5 6.5 -0.5 1 127.27 125.037 5.96666 
0.5 8.5 -0.5 1 127.626 107.278 5.96666 
0.5 8.5 4.5 1 111.661 255.159 5.96666 
0.5 6.5 4.5 1 109.679 256.981 5.96666 
0.5 2.5 2 1 115.642 202.4 5.96666 
0.5 4.5 2 1 119.659 198.382 5.96666 
0.5 4.5 4.5 1 109.102 259.089 5.96666 
0.5 2.5 4.5 1 110.831 261.094 5.96666 
