0 0 0 1 443.929 -0.55231 13.7667 
0 0 6.5 1 413.672 252.529 13.7667 
10 0 0 1 121.935 32.3386 13.7667 
10 0 6.5 1 123.99 224.683 13.7667 
10 10 0 1 243.272 83.4919 13.7667 
10 10 6.5 1 236.741 206.726 13.7667 
0 10 0 1 442.093 74.0668 13.7667 
0 10 6.5 1 429.716 221.131 13.7667 
0 5 10 1 415.251 319.119 13.7667 
10 5 10 1 193.022 284.554 13.7667 
0 6 0 1 443.309 54.9103 13.7667 
0 8 0 1 442.133 69.1495 13.7667 
0 8 5 1 434.568 188.971 13.7667 
0 6 5 1 428.3 192.887 13.7667 
0 2 2.5 1 434.824 111.411 13.7667 
0 4 2.5 1 436.318 120.554 13.7667 
0 4 5 1 427.781 192.191 13.7667 
0 2 5 1 426.524 194.818 13.7667 
0.5 0.5 -0.5 1 425.164 -9.75579 13.7667 
0.5 0.5 6 1 396.392 226.969 13.7667 
10.5 0.5 -0.5 1 118.768 22.0902 13.7667 
10.5 0.5 6 1 125.247 208.56 13.7667 
10.5 10.5 -0.5 1 239.669 78.4024 13.7667 
10.5 10.5 6 1 237.38 194.751 13.7667 
0.5 10.5 -0.5 1 437.445 69.8032 13.7667 
0.5 10.5 6 1 419.086 208.645 13.7667 
0.5 5.5 9.5 1 406.028 303.775 13.7667 
10.5 5.5 9.5 1 189.14 272.157 13.7667 
0.5 6.5 -0.5 1 430.44 47.1037 13.7667 
0.5 8.5 -0.5 1 432.78 55.9902 13.7667 
0.5 8.5 4.5 1 420.29 180.416 13.7667 
0.5 6.5 4.5 1 417.448 179.53 13.7667 
0.5 2.5 2 1 416.235 97.5576 13.7667 
0.5 4.5 2 1 420.485 107.154 13.7667 
0.5 4.5 4.5 1 416.108 177.27 13.7667 
0.5 2.5 4.5 1 410.781 181.678 13.7667 
