0 0 0 1 -0.31667 46.7512 7.46666 
0 0 6.5 1 10.3664 223.452 7.46666 
10 0 0 1 214.788 84.1095 7.46666 
10 0 6.5 1 213.964 215.451 7.46666 
10 10 0 1 390.853 59.6883 7.46666 
10 10 6.5 1 375.501 237.058 7.46666 
0 10 0 1 142.801 -31.8682 7.46666 
0 10 6.5 1 147.087 268.523 7.46666 
0 5 10 1 68.0982 349.923 7.46666 
10 5 10 1 276.53 297.936 7.46666 
0 6 0 1 68.2673 11.032 7.46666 
0 8 0 1 100.217 -8.7843 7.46666 
0 8 5 1 104.163 201.451 7.46666 
0 6 5 1 72.3269 195.571 7.46666 
0 2 2.5 1 21.2762 114.385 7.46666 
0 4 2.5 1 42.1247 111.691 7.46666 
0 4 5 1 48.6797 188.756 7.46666 
0 2 5 1 25.4501 185.897 7.46666 
0.5 0.5 -0.5 1 16.6405 31.0573 7.46666 
0.5 0.5 6 1 27.2772 213.032 7.46666 
10.5 0.5 -0.5 1 227.517 77.6828 7.46666 
10.5 0.5 6 1 226.134 204.307 7.46666 
10.5 10.5 -0.5 1 413.117 46.4884 7.46666 
10.5 10.5 6 1 397.64 226.397 7.46666 
0.5 10.5 -0.5 1 179.244 -54.7384 7.46666 
0.5 10.5 6 1 177.489 250.994 7.46666 
0.5 5.5 9.5 1 86.244 331.518 7.46666 
10.5 5.5 9.5 1 288.672 288.433 7.46666 
0.5 6.5 -0.5 1 91.6604 -9.83639 7.46666 
0.5 8.5 -0.5 1 128.746 -30.915 7.46666 
0.5 8.5 4.5 1 131.708 181.502 7.46666 
0.5 6.5 4.5 1 98.1236 176.133 7.46666 
0.5 2.5 2 1 40.7871 98.1536 7.46666 
0.5 4.5 2 1 66.7932 95.2334 7.46666 
0.5 4.5 4.5 1 68.2562 175.973 7.46666 
0.5 2.5 4.5 1 43.9343 174.188 7.46666 
