0 0 0 1 436.969 -51.2892 14.1334 
0 0 6.5 1 421.354 198.265 14.1334 
10 0 0 1 108.174 -11.1387 14.1334 
10 0 6.5 1 113.918 194.239 14.1334 
10 10 0 1 214.188 56.6368 14.1334 
10 10 6.5 1 216.197 184.452 14.1334 
0 10 0 1 414.644 46.0487 14.1334 
0 10 6.5 1 407.571 181.231 14.1334 
0 5 10 1 403.581 275.288 14.1334 
10 5 10 1 178.809 260.949 14.1334 
0 6 0 1 419.578 19.8298 14.1334 
0 8 0 1 417.31 34.4955 14.1334 
0 8 5 1 410.975 149.445 14.1334 
0 6 5 1 409.748 151.869 14.1334 
0 2 2.5 1 421.847 65.1671 14.1334 
0 4 2.5 1 418.88 76.8067 14.1334 
0 4 5 1 414.34 151.83 14.1334 
0 2 5 1 420.305 150.481 14.1334 
0.5 0.5 -0.5 1 416.391 -59.0772 14.1334 
0.5 0.5 6 1 401.782 180.609 14.1334 
10.5 0.5 -0.5 1 100.773 -19.5613 14.1334 
10.5 0.5 6 1 110.297 178.606 14.1334 
10.5 10.5 -0.5 1 208.894 49.6523 14.1334 
10.5 10.5 6 1 209.206 169.658 14.1334 
0.5 10.5 -0.5 1 404.283 36.3708 14.1334 
0.5 10.5 6 1 395.815 168.773 14.1334 
0.5 5.5 9.5 1 391.855 259.139 14.1334 
10.5 5.5 9.5 1 177.625 246.955 14.1334 
0.5 6.5 -0.5 1 407.69 8.65543 14.1334 
0.5 8.5 -0.5 1 402.856 26.8426 14.1334 
0.5 8.5 4.5 1 397.226 142.862 14.1334 
0.5 6.5 4.5 1 398.759 139.708 14.1334 
0.5 2.5 2 1 408.3 55.5261 14.1334 
0.5 4.5 2 1 404.297 66.9063 14.1334 
0.5 4.5 4.5 1 403.17 134.726 14.1334 
0.5 2.5 4.5 1 403.301 135.388 14.1334 
