0 0 0 1 383.236 153.567 18.4334 
0 0 6.5 1 369.782 314.142 18.4334 
10 0 0 1 277.74 11.9019 18.4334 
10 0 6.5 1 248.876 314.014 18.4334 
10 10 0 1 -9.25996 76.4872 18.4334 
10 10 6.5 1 -38.537 282.735 18.4334 
0 10 0 1 184.009 167.001 18.4334 
0 10 6.5 1 169.16 292.69 18.4334 
0 5 10 1 250.139 382.948 18.4334 
10 5 10 1 57.4833 437.849 18.4334 
0 6 0 1 251.138 163.018 18.4334 
0 8 0 1 214.53 166.775 18.4334 
0 8 5 1 205.181 266.324 18.4334 
0 6 5 1 240.981 268.593 18.4334 
0 2 2.5 1 330.211 214.156 18.4334 
0 4 2.5 1 288.242 215.13 18.4334 
0 4 5 1 280.805 271.998 18.4334 
0 2 5 1 323.004 274.892 18.4334 
0.5 0.5 -0.5 1 368.167 137.508 18.4334 
0.5 0.5 6 1 355.325 302.827 18.4334 
10.5 0.5 -0.5 1 247.102 -20.2932 18.4334 
10.5 0.5 6 1 218.782 288.547 18.4334 
10.5 10.5 -0.5 1 -33.2076 55.2698 18.4334 
10.5 10.5 6 1 -64.7592 262.721 18.4334 
0.5 10.5 -0.5 1 169.931 153.776 18.4334 
0.5 10.5 6 1 154.928 284.464 18.4334 
0.5 5.5 9.5 1 235.701 368.705 18.4334 
10.5 5.5 9.5 1 32.9993 416.834 18.4334 
0.5 6.5 -0.5 1 239.35 148.957 18.4334 
0.5 8.5 -0.5 1 201.554 149.588 18.4334 
0.5 8.5 4.5 1 191.297 253.512 18.4334 
0.5 6.5 4.5 1 227.071 258.141 18.4334 
0.5 2.5 2 1 314.271 200.076 18.4334 
0.5 4.5 2 1 271.261 201.884 18.4334 
0.5 4.5 4.5 1 267.261 257.053 18.4334 
0.5 2.5 4.5 1 310.833 261.917 18.4334 
