0 0 0 1 73.7702 71.8346 6.6 
0 0 6.5 1 63.4465 221.56 6.6 
10 0 0 1 265.6 118.938 6.6 
10 0 6.5 1 253.228 236.727 6.6 
10 10 0 1 403.476 71.7264 6.6 
10 10 6.5 1 382.551 252.108 6.6 
0 10 0 1 121.443 -23.1448 6.6 
0 10 6.5 1 102.812 229.305 6.6 
0 5 10 1 72.2688 322.424 6.6 
10 5 10 1 298.442 318.303 6.6 
0 6 0 1 94.8736 30.447 6.6 
0 8 0 1 105.385 6.50824 6.6 
0 8 5 1 94.1129 176.286 6.6 
0 6 5 1 82.2105 177.559 6.6 
0 2 2.5 1 73.2589 122 6.6 
0 4 2.5 1 80.9581 115.584 6.6 
0 4 5 1 74.3327 185.026 6.6 
0 2 5 1 72.0557 186.156 6.6 
0.5 0.5 -0.5 1 89.1094 58.8213 6.6 
0.5 0.5 6 1 76.3644 210.791 6.6 
10.5 0.5 -0.5 1 277.33 109.465 6.6 
10.5 0.5 6 1 267.327 224.186 6.6 
10.5 10.5 -0.5 1 427 58.2162 6.6 
10.5 10.5 6 1 406.722 239.654 6.6 
0.5 10.5 -0.5 1 144.355 -44.4233 6.6 
0.5 10.5 6 1 127.961 215.959 6.6 
0.5 5.5 9.5 1 88.1851 308.611 6.6 
10.5 5.5 9.5 1 314.274 307.013 6.6 
0.5 6.5 -0.5 1 117.284 10.2903 6.6 
0.5 8.5 -0.5 1 130.817 -13.2881 6.6 
0.5 8.5 4.5 1 118.96 163.077 6.6 
0.5 6.5 4.5 1 103.234 163.209 6.6 
0.5 2.5 2 1 92.2923 111.319 6.6 
0.5 4.5 2 1 100.913 102.551 6.6 
0.5 4.5 4.5 1 94.3159 168.097 6.6 
0.5 2.5 4.5 1 83.7104 171.768 6.6 
