0 0 0 1 271.317 139.444 2.93333 
0 0 6.5 1 279.134 255.308 2.93333 
10 0 0 1 465.388 87.7191 2.93333 
10 0 6.5 1 478.748 246.02 2.93333 
10 10 0 1 375.224 5.51477 2.93333 
10 10 6.5 1 398.667 274.804 2.93333 
0 10 0 1 116.614 109.135 2.93333 
0 10 6.5 1 133.973 281.544 2.93333 
0 5 10 1 230.006 338.528 2.93333 
10 5 10 1 455.94 359.689 2.93333 
0 6 0 1 192.483 121.618 2.93333 
0 8 0 1 158.395 115.026 2.93333 
0 8 5 1 171.338 237.648 2.93333 
0 6 5 1 206.018 233.949 2.93333 
0 2 2.5 1 254.856 182.082 2.93333 
0 4 2.5 1 228.063 180.363 2.93333 
0 4 5 1 236.551 233.261 2.93333 
0 2 5 1 259.292 231.066 2.93333 
0.5 0.5 -0.5 1 271.79 124.364 2.93333 
0.5 0.5 6 1 282.8 248.227 2.93333 
10.5 0.5 -0.5 1 479.021 65.5359 2.93333 
10.5 0.5 6 1 491.034 230.266 2.93333 
10.5 10.5 -0.5 1 383.162 -33.1384 2.93333 
10.5 10.5 6 1 408.08 257.601 2.93333 
0.5 10.5 -0.5 1 111.468 85.8601 2.93333 
0.5 10.5 6 1 133.422 268.506 2.93333 
0.5 5.5 9.5 1 229.773 334.583 2.93333 
10.5 5.5 9.5 1 468.1 351.09 2.93333 
0.5 6.5 -0.5 1 187.37 103.422 2.93333 
0.5 8.5 -0.5 1 154.627 97.6292 2.93333 
0.5 8.5 4.5 1 169.858 225.208 2.93333 
0.5 6.5 4.5 1 205.795 225.86 2.93333 
0.5 2.5 2 1 254.721 171.008 2.93333 
0.5 4.5 2 1 228.655 168.495 2.93333 
0.5 4.5 4.5 1 232.619 224.093 2.93333 
0.5 2.5 4.5 1 258.479 219.701 2.93333 
