0 0 0 1 372.252 68.7122 0.9 
0 0 6.5 1 363.598 214.539 0.9 
10 0 0 1 587.099 -23.0594 0.9 
10 0 6.5 1 542.37 241.464 0.9 
10 10 0 1 165.228 -123.231 0.9 
10 10 6.5 1 156.516 233.437 0.9 
0 10 0 1 143.465 35.2648 0.9 
0 10 6.5 1 140.212 202.593 0.9 
0 5 10 1 254.054 289.786 0.9 
10 5 10 1 356.873 380.425 0.9 
0 6 0 1 247.298 49.9578 0.9 
0 8 0 1 194.485 39.1527 0.9 
0 8 5 1 190.412 168.781 0.9 
0 6 5 1 238.126 172.929 0.9 
0 2 2.5 1 328.655 120.625 0.9 
0 4 2.5 1 285.086 118.545 0.9 
0 4 5 1 283.723 176.074 0.9 
0 2 5 1 321.562 179.043 0.9 
0.5 0.5 -0.5 1 371.472 54.0764 0.9 
0.5 0.5 6 1 358.67 204.615 0.9 
10.5 0.5 -0.5 1 595.828 -57.6774 0.9 
10.5 0.5 6 1 551.363 230.48 0.9 
10.5 10.5 -0.5 1 140.404 -183.659 0.9 
10.5 10.5 6 1 129.196 208.733 0.9 
0.5 10.5 -0.5 1 132.171 16.1324 0.9 
0.5 10.5 6 1 128.621 193 0.9 
0.5 5.5 9.5 1 243.792 280.132 0.9 
10.5 5.5 9.5 1 352.771 373.871 0.9 
0.5 6.5 -0.5 1 234.455 29.9009 0.9 
0.5 8.5 -0.5 1 182.721 23.4073 0.9 
0.5 8.5 4.5 1 181.545 154.536 0.9 
0.5 6.5 4.5 1 230.702 159.798 0.9 
0.5 2.5 2 1 323.813 106.053 0.9 
0.5 4.5 2 1 279.946 103.426 0.9 
0.5 4.5 4.5 1 273.319 167.094 0.9 
0.5 2.5 4.5 1 317.225 164.642 0.9 
