0 0 0 1 372.102 243.143 17.5001 
0 0 6.5 1 377.166 418.644 17.5001 
10 0 0 1 152.616 169.523 17.5001 
10 0 6.5 1 134.643 458.275 17.5001 
10 10 0 1 12.0391 235.406 17.5001 
10 10 6.5 1 -12.0976 409.713 17.5001 
0 10 0 1 211.218 265.58 17.5001 
0 10 6.5 1 202.298 392.16 17.5001 
0 5 10 1 275.827 489.384 17.5001 
10 5 10 1 32.8863 563.274 17.5001 
0 6 0 1 261.876 259.113 17.5001 
0 8 0 1 234.634 263.887 17.5001 
0 8 5 1 231.112 366.792 17.5001 
0 6 5 1 259.704 366.572 17.5001 
0 2 2.5 1 330.157 308.894 17.5001 
0 4 2.5 1 293.236 312.403 17.5001 
0 4 5 1 292.759 369.616 17.5001 
0 2 5 1 331.463 373.095 17.5001 
0.5 0.5 -0.5 1 355.568 229.609 17.5001 
0.5 0.5 6 1 358.832 402.597 17.5001 
10.5 0.5 -0.5 1 127.941 153.579 17.5001 
10.5 0.5 6 1 100.057 437.058 17.5001 
10.5 10.5 -0.5 1 -6.17733 223.271 17.5001 
10.5 10.5 6 1 -25.9896 396.422 17.5001 
0.5 10.5 -0.5 1 194.045 259.688 17.5001 
0.5 10.5 6 1 193.409 381.385 17.5001 
0.5 5.5 9.5 1 257.858 478.169 17.5001 
10.5 5.5 9.5 1 3.87602 544.21 17.5001 
0.5 6.5 -0.5 1 247.278 251.251 17.5001 
0.5 8.5 -0.5 1 220.255 254.494 17.5001 
0.5 8.5 4.5 1 216.418 354.987 17.5001 
0.5 6.5 4.5 1 246.199 354.563 17.5001 
0.5 2.5 2 1 314.205 297.78 17.5001 
0.5 4.5 2 1 279.869 301.492 17.5001 
0.5 4.5 4.5 1 279.562 357.663 17.5001 
0.5 2.5 4.5 1 316.117 358.251 17.5001 
