0 0 0 1 390.414 100.003 19.6334 
0 0 6.5 1 371.987 252.735 19.6334 
10 0 0 1 474.542 -7.99796 19.6334 
10 0 6.5 1 431.262 314.48 19.6334 
10 10 0 1 -4.30165 -19.9412 19.6334 
10 10 6.5 1 -3.80461 271.425 19.6334 
0 10 0 1 152.551 84.9897 19.6334 
0 10 6.5 1 146.099 235.944 19.6334 
0 5 10 1 251.008 324.339 19.6334 
10 5 10 1 195.442 435.826 19.6334 
0 6 0 1 243.845 92.9721 19.6334 
0 8 0 1 195.543 86.5768 19.6334 
0 8 5 1 192.394 204.767 19.6334 
0 6 5 1 236.203 209.82 19.6334 
0 2 2.5 1 333.235 156.659 19.6334 
0 4 2.5 1 283.858 154.014 19.6334 
0 4 5 1 283.707 210.221 19.6334 
0 2 5 1 330.459 215.315 19.6334 
0.5 0.5 -0.5 1 383.325 79.9712 19.6334 
0.5 0.5 6 1 366.241 239.76 19.6334 
10.5 0.5 -0.5 1 459.199 -51.7415 19.6334 
10.5 0.5 6 1 414.595 295.148 19.6334 
10.5 10.5 -0.5 1 -45.7516 -54.9857 19.6334 
10.5 10.5 6 1 -35.1025 251.214 19.6334 
0.5 10.5 -0.5 1 134.238 67.5215 19.6334 
0.5 10.5 6 1 131.936 225.375 19.6334 
0.5 5.5 9.5 1 237.733 311.545 19.6334 
10.5 5.5 9.5 1 169.302 424.509 19.6334 
0.5 6.5 -0.5 1 233.206 71.9575 19.6334 
0.5 8.5 -0.5 1 184.673 71.4888 19.6334 
0.5 8.5 4.5 1 178.572 192.898 19.6334 
0.5 6.5 4.5 1 222.911 198.902 19.6334 
0.5 2.5 2 1 327.343 142.292 19.6334 
0.5 4.5 2 1 273.223 139.652 19.6334 
0.5 4.5 4.5 1 267.564 197.706 19.6334 
0.5 2.5 4.5 1 317.267 204.822 19.6334 
