0 0 0 1 371.967 244.467 17.4001 
0 0 6.5 1 382.834 416.197 17.4001 
10 0 0 1 146.309 174.024 17.4001 
10 0 6.5 1 130.219 459.174 17.4001 
10 10 0 1 17.8077 240.553 17.4001 
10 10 6.5 1 -4.63265 412.792 17.4001 
0 10 0 1 212.695 272.224 17.4001 
0 10 6.5 1 209.139 395.693 17.4001 
0 5 10 1 283.93 489.788 17.4001 
10 5 10 1 30.1186 564.063 17.4001 
0 6 0 1 267.991 262.607 17.4001 
0 8 0 1 238.666 266.248 17.4001 
0 8 5 1 235.776 368.241 17.4001 
0 6 5 1 263.893 367.71 17.4001 
0 2 2.5 1 333.643 308.849 17.4001 
0 4 2.5 1 297.093 312.923 17.4001 
0 4 5 1 296.242 367.474 17.4001 
0 2 5 1 334.173 370.661 17.4001 
0.5 0.5 -0.5 1 352.252 229.922 17.4001 
0.5 0.5 6 1 362.308 403.341 17.4001 
10.5 0.5 -0.5 1 118.073 159.56 17.4001 
10.5 0.5 6 1 101.48 436.256 17.4001 
10.5 10.5 -0.5 1 0.186249 228.639 17.4001 
10.5 10.5 6 1 -21.3254 396.56 17.4001 
0.5 10.5 -0.5 1 200.327 261.139 17.4001 
0.5 10.5 6 1 197.028 384.442 17.4001 
0.5 5.5 9.5 1 264.313 476.906 17.4001 
10.5 5.5 9.5 1 8.87937 540.703 17.4001 
0.5 6.5 -0.5 1 248.985 250.401 17.4001 
0.5 8.5 -0.5 1 225.066 258.479 17.4001 
0.5 8.5 4.5 1 223.943 354.925 17.4001 
0.5 6.5 4.5 1 250.144 356.8 17.4001 
0.5 2.5 2 1 317.835 295.909 17.4001 
0.5 4.5 2 1 278.415 301.385 17.4001 
0.5 4.5 4.5 1 281.226 357.939 17.4001 
0.5 2.5 4.5 1 315.517 358.735 17.4001 
