0 0 0 1 33.9162 98.2032 10.0667 
0 0 6.5 1 38.9064 389.819 10.0667 
10 0 0 1 138.868 198.046 10.0667 
10 0 6.5 1 146.013 351.088 10.0667 
10 10 0 1 363.385 182.414 10.0667 
10 10 6.5 1 379.76 330.48 10.0667 
0 10 0 1 464.932 65.4344 10.0667 
0 10 6.5 1 506.744 348.714 10.0667 
0 5 10 1 292.539 540.968 10.0667 
10 5 10 1 270.841 424.222 10.0667 
0 6 0 1 294.268 78.3811 10.0667 
0 8 0 1 379.025 72.6527 10.0667 
0 8 5 1 406.385 286.72 10.0667 
0 6 5 1 313.008 292.498 10.0667 
0 2 2.5 1 126.619 196.09 10.0667 
0 4 2.5 1 215.601 186.528 10.0667 
0 4 5 1 223.07 300.844 10.0667 
0 2 5 1 131.456 306.607 10.0667 
0.5 0.5 -0.5 1 63.0057 85.911 10.0667 
0.5 0.5 6 1 72.4799 360.005 10.0667 
10.5 0.5 -0.5 1 150.813 191.923 10.0667 
10.5 0.5 6 1 159.518 333.654 10.0667 
10.5 10.5 -0.5 1 370.43 173.331 10.0667 
10.5 10.5 6 1 385.613 317.43 10.0667 
0.5 10.5 -0.5 1 475.976 57.3042 10.0667 
0.5 10.5 6 1 513.304 325.557 10.0667 
0.5 5.5 9.5 1 308.813 506.389 10.0667 
10.5 5.5 9.5 1 281.72 409.389 10.0667 
0.5 6.5 -0.5 1 311.94 68.8991 10.0667 
0.5 8.5 -0.5 1 392.484 60.1411 10.0667 
0.5 8.5 4.5 1 419.549 265.551 10.0667 
0.5 6.5 4.5 1 331.401 272.49 10.0667 
0.5 2.5 2 1 150.723 178.189 10.0667 
0.5 4.5 2 1 236.966 174.126 10.0667 
0.5 4.5 4.5 1 242.162 280.493 10.0667 
0.5 2.5 4.5 1 157.901 284.832 10.0667 
