0 0 0 1 399.597 4.4621 14.9334 
0 0 6.5 1 408.723 214.523 14.9334 
10 0 0 1 78.6152 34.1828 14.9334 
10 0 6.5 1 102.829 239.342 14.9334 
10 10 0 1 151.777 97.223 14.9334 
10 10 6.5 1 164.696 222.501 14.9334 
0 10 0 1 345.198 83.0552 14.9334 
0 10 6.5 1 347.465 207.01 14.9334 
0 5 10 1 375.342 291.506 14.9334 
10 5 10 1 150.154 304.406 14.9334 
0 6 0 1 359.643 59.5742 14.9334 
0 8 0 1 350.283 70.6278 14.9334 
0 8 5 1 354.458 177.345 14.9334 
0 6 5 1 368.366 177.771 14.9334 
0 2 2.5 1 386.419 103.096 14.9334 
0 4 2.5 1 372.119 112.643 14.9334 
0 4 5 1 376.404 175.332 14.9334 
0 2 5 1 388.879 176.902 14.9334 
0.5 0.5 -0.5 1 379.897 -4.8917 14.9334 
0.5 0.5 6 1 389.11 204.269 14.9334 
10.5 0.5 -0.5 1 69.3086 23.9316 14.9334 
10.5 0.5 6 1 92.169 223.464 14.9334 
10.5 10.5 -0.5 1 144.629 92.183 14.9334 
10.5 10.5 6 1 157.22 212.758 14.9334 
0.5 10.5 -0.5 1 332.531 75.3089 14.9334 
0.5 10.5 6 1 336.113 198.383 14.9334 
0.5 5.5 9.5 1 361.182 276.157 14.9334 
10.5 5.5 9.5 1 139.442 293.318 14.9334 
0.5 6.5 -0.5 1 345.844 51.3148 14.9334 
0.5 8.5 -0.5 1 339.405 65.0849 14.9334 
0.5 8.5 4.5 1 346.749 172.044 14.9334 
0.5 6.5 4.5 1 352.418 169.705 14.9334 
0.5 2.5 2 1 368.671 91.6537 14.9334 
0.5 4.5 2 1 357.861 104.657 14.9334 
0.5 4.5 4.5 1 361.624 165.395 14.9334 
0.5 2.5 4.5 1 369.832 163.693 14.9334 
