0 0 0 1 419.811 12.5265 12.9001 
0 0 6.5 1 390.382 285.055 12.9001 
10 0 0 1 150.634 68.7519 12.9001 
10 0 6.5 1 136.785 241.358 12.9001 
10 10 0 1 295.632 129.041 12.9001 
10 10 6.5 1 284.963 248.026 12.9001 
0 10 0 1 503.015 116.92 12.9001 
0 10 6.5 1 482.033 275.018 12.9001 
0 5 10 1 436.161 380.832 12.9001 
10 5 10 1 216.909 319.768 12.9001 
0 6 0 1 479.61 88.2148 12.9001 
0 8 0 1 493.778 102.527 12.9001 
0 8 5 1 478.221 236.237 12.9001 
0 6 5 1 464.776 234.175 12.9001 
0 2 2.5 1 434.356 140.364 12.9001 
0 4 2.5 1 453.523 150.104 12.9001 
0 4 5 1 445.563 229.524 12.9001 
0 2 5 1 427.694 229.201 12.9001 
0.5 0.5 -0.5 1 411.395 0.482698 12.9001 
0.5 0.5 6 1 380.659 262.512 12.9001 
10.5 0.5 -0.5 1 150.2 63.8744 12.9001 
10.5 0.5 6 1 137.458 231.785 12.9001 
10.5 10.5 -0.5 1 293.236 123.863 12.9001 
10.5 10.5 6 1 280.743 238.901 12.9001 
0.5 10.5 -0.5 1 494.241 107.42 12.9001 
0.5 10.5 6 1 474.846 261.901 12.9001 
0.5 5.5 9.5 1 424.36 361.813 12.9001 
10.5 5.5 9.5 1 219.361 308.562 12.9001 
0.5 6.5 -0.5 1 471.732 77.1528 12.9001 
0.5 8.5 -0.5 1 485.088 97.4979 12.9001 
0.5 8.5 4.5 1 466.887 220.198 12.9001 
0.5 6.5 4.5 1 451.547 219.777 12.9001 
0.5 2.5 2 1 425.752 124.57 12.9001 
0.5 4.5 2 1 444.842 137.719 12.9001 
0.5 4.5 4.5 1 433.396 215.169 12.9001 
0.5 2.5 4.5 1 414.334 213.236 12.9001 
