0 0 0 1 441.486 4.8998 13.7334 
0 0 6.5 1 412.653 253.913 13.7334 
10 0 0 1 123.251 33.4948 13.7334 
10 0 6.5 1 127.68 226.712 13.7334 
10 10 0 1 246.548 85.5731 13.7334 
10 10 6.5 1 241.497 210.947 13.7334 
0 10 0 1 446.884 81.8003 13.7334 
0 10 6.5 1 432.081 223.01 13.7334 
0 5 10 1 415.699 323.976 13.7334 
10 5 10 1 193.787 290.237 13.7334 
0 6 0 1 446.142 59.952 13.7334 
0 8 0 1 448.386 72.3542 13.7334 
0 8 5 1 432.138 192.069 13.7334 
0 6 5 1 427.621 196.534 13.7334 
0 2 2.5 1 434.356 118.833 13.7334 
0 4 2.5 1 437.75 122.701 13.7334 
0 4 5 1 429.893 196.919 13.7334 
0 2 5 1 424.168 199.502 13.7334 
0.5 0.5 -0.5 1 422.522 -2.90277 13.7334 
0.5 0.5 6 1 404.044 233.364 13.7334 
10.5 0.5 -0.5 1 123.986 25.5892 13.7334 
10.5 0.5 6 1 125.803 208.366 13.7334 
10.5 10.5 -0.5 1 242.04 80.4493 13.7334 
10.5 10.5 6 1 238.586 196.906 13.7334 
0.5 10.5 -0.5 1 435.833 74.5002 13.7334 
0.5 10.5 6 1 419.368 211.701 13.7334 
0.5 5.5 9.5 1 405.164 305.76 13.7334 
10.5 5.5 9.5 1 191.937 275.259 13.7334 
0.5 6.5 -0.5 1 434.509 47.4865 13.7334 
0.5 8.5 -0.5 1 436.152 64.5771 13.7334 
0.5 8.5 4.5 1 425.867 181.089 13.7334 
0.5 6.5 4.5 1 418.914 180.74 13.7334 
0.5 2.5 2 1 418.57 103.025 13.7334 
0.5 4.5 2 1 422.038 111.705 13.7334 
0.5 4.5 4.5 1 415.052 181.146 13.7334 
0.5 2.5 4.5 1 411.8 182.681 13.7334 
