0 0 0 1 13.1723 112.658 9.90002 
0 0 6.5 1 24.0915 399.824 9.90002 
10 0 0 1 136.96 199.958 9.90002 
10 0 6.5 1 150.86 346.474 9.90002 
10 10 0 1 363.446 180.671 9.90002 
10 10 6.5 1 377.491 329.045 9.90002 
0 10 0 1 449.937 69.0857 9.90002 
0 10 6.5 1 489.432 363.476 9.90002 
0 5 10 1 268.219 549.773 9.90002 
10 5 10 1 267.862 421.488 9.90002 
0 6 0 1 273.056 86.2206 9.90002 
0 8 0 1 361.038 76.169 9.90002 
0 8 5 1 383.659 300.134 9.90002 
0 6 5 1 293.212 307.222 9.90002 
0 2 2.5 1 106.286 210.885 9.90002 
0 4 2.5 1 193.985 201.053 9.90002 
0 4 5 1 202.427 312.147 9.90002 
0 2 5 1 112.866 320.039 9.90002 
0.5 0.5 -0.5 1 42.3099 97.3092 9.90002 
0.5 0.5 6 1 59.802 373.216 9.90002 
10.5 0.5 -0.5 1 148.798 193.323 9.90002 
10.5 0.5 6 1 159.838 335.94 9.90002 
10.5 10.5 -0.5 1 369.636 170.579 9.90002 
10.5 10.5 6 1 385.437 314.074 9.90002 
0.5 10.5 -0.5 1 458.889 57.3792 9.90002 
0.5 10.5 6 1 497.439 331.886 9.90002 
0.5 5.5 9.5 1 292.11 515.062 9.90002 
10.5 5.5 9.5 1 280.008 406.7 9.90002 
0.5 6.5 -0.5 1 289.939 71.8831 9.90002 
0.5 8.5 -0.5 1 374.072 62.1177 9.90002 
0.5 8.5 4.5 1 402.891 274.256 9.90002 
0.5 6.5 4.5 1 312.111 280.965 9.90002 
0.5 2.5 2 1 130.873 191.867 9.90002 
0.5 4.5 2 1 215.993 183.991 9.90002 
0.5 4.5 4.5 1 224.732 289.875 9.90002 
0.5 2.5 4.5 1 138.187 297.991 9.90002 
