0 0 0 1 154.108 250.488 5.2 
0 0 6.5 1 142.772 370.846 5.2 
10 0 0 1 335.274 258.875 5.2 
10 0 6.5 1 332.058 380.451 5.2 
10 10 0 1 401.777 211.71 5.2 
10 10 6.5 1 405.496 409.708 5.2 
0 10 0 1 110.709 193.83 5.2 
0 10 6.5 1 87.4547 396.759 5.2 
0 5 10 1 114.52 472.182 5.2 
10 5 10 1 357.768 477.694 5.2 
0 6 0 1 133.301 223.749 5.2 
0 8 0 1 119.629 210.701 5.2 
0 8 5 1 109.951 344.912 5.2 
0 6 5 1 118.496 343.469 5.2 
0 2 2.5 1 141.268 292.582 5.2 
0 4 2.5 1 133.299 287.522 5.2 
0 4 5 1 130.72 342.986 5.2 
0 2 5 1 135.455 345.969 5.2 
0.5 0.5 -0.5 1 160.774 239.716 5.2 
0.5 0.5 6 1 153.012 361.669 5.2 
10.5 0.5 -0.5 1 345.103 251.088 5.2 
10.5 0.5 6 1 343.715 372.11 5.2 
10.5 10.5 -0.5 1 421.082 197.376 5.2 
10.5 10.5 6 1 425.769 397.743 5.2 
0.5 10.5 -0.5 1 120.334 175.846 5.2 
0.5 10.5 6 1 104.141 384.613 5.2 
0.5 5.5 9.5 1 124.535 462.839 5.2 
10.5 5.5 9.5 1 372.385 471.655 5.2 
0.5 6.5 -0.5 1 145.215 210.582 5.2 
0.5 8.5 -0.5 1 135.384 196.578 5.2 
0.5 8.5 4.5 1 121.419 331.751 5.2 
0.5 6.5 4.5 1 133.151 330.48 5.2 
0.5 2.5 2 1 152.873 281.334 5.2 
0.5 4.5 2 1 144.821 273.823 5.2 
0.5 4.5 4.5 1 140.746 334.072 5.2 
0.5 2.5 4.5 1 146.883 334.137 5.2 
