0 0 0 1 425.012 -61.7928 14.4001 
0 0 6.5 1 416.406 180.762 14.4001 
10 0 0 1 94.2057 -24.0085 14.4001 
10 0 6.5 1 107.8 182.731 14.4001 
10 10 0 1 192.519 51.2529 14.4001 
10 10 6.5 1 198.045 175.165 14.4001 
0 10 0 1 388.831 35.8803 14.4001 
0 10 6.5 1 386.533 170.313 14.4001 
0 5 10 1 393.207 263.321 14.4001 
10 5 10 1 168.693 253.216 14.4001 
0 6 0 1 398.523 9.58575 14.4001 
0 8 0 1 393.716 23.035 14.4001 
0 8 5 1 389.819 139.067 14.4001 
0 6 5 1 395.555 138.442 14.4001 
0 2 2.5 1 411.101 54.1963 14.4001 
0 4 2.5 1 406.276 65.9186 14.4001 
0 4 5 1 402.105 134.762 14.4001 
0 2 5 1 406.836 131.031 14.4001 
0.5 0.5 -0.5 1 406.529 -70.4063 14.4001 
0.5 0.5 6 1 397.688 162.048 14.4001 
10.5 0.5 -0.5 1 86.5952 -33.5118 14.4001 
10.5 0.5 6 1 102.644 174.444 14.4001 
10.5 10.5 -0.5 1 185.971 43.341 14.4001 
10.5 10.5 6 1 190.148 167.866 14.4001 
0.5 10.5 -0.5 1 376.23 28.8808 14.4001 
0.5 10.5 6 1 374.302 164.744 14.4001 
0.5 5.5 9.5 1 381.393 242.555 14.4001 
10.5 5.5 9.5 1 159.347 242.709 14.4001 
0.5 6.5 -0.5 1 388.319 0.347554 14.4001 
0.5 8.5 -0.5 1 381.755 15.5662 14.4001 
0.5 8.5 4.5 1 381.192 131.105 14.4001 
0.5 6.5 4.5 1 381.756 126.718 14.4001 
0.5 2.5 2 1 395.324 43.1389 14.4001 
0.5 4.5 2 1 387.379 54.2935 14.4001 
0.5 4.5 4.5 1 386.747 124.824 14.4001 
0.5 2.5 4.5 1 391.441 117.118 14.4001 
