0 0 0 1 60.5306 63.1462 6.73333 
0 0 6.5 1 55.0262 211.659 6.73333 
10 0 0 1 259.503 111.037 6.73333 
10 0 6.5 1 249.604 227.923 6.73333 
10 10 0 1 402.253 65.5983 6.73333 
10 10 6.5 1 381.596 246.195 6.73333 
0 10 0 1 121.777 -33.6182 6.73333 
0 10 6.5 1 104.947 229.261 6.73333 
0 5 10 1 67.1472 315.759 6.73333 
10 5 10 1 294.756 308.055 6.73333 
0 6 0 1 88.5023 17.0827 6.73333 
0 8 0 1 104.418 -5.27292 6.73333 
0 8 5 1 94.1052 170.965 6.73333 
0 6 5 1 79.404 175.233 6.73333 
0 2 2.5 1 67.3849 115.897 6.73333 
0 4 2.5 1 72.5107 106.513 6.73333 
0 4 5 1 72.9218 178.352 6.73333 
0 2 5 1 63.7472 180.079 6.73333 
0.5 0.5 -0.5 1 76.7409 51.745 6.73333 
0.5 0.5 6 1 68.6799 203.47 6.73333 
10.5 0.5 -0.5 1 273.645 98.2976 6.73333 
10.5 0.5 6 1 260.818 218.564 6.73333 
10.5 10.5 -0.5 1 425.676 49.6777 6.73333 
10.5 10.5 6 1 404.36 236.137 6.73333 
0.5 10.5 -0.5 1 152.859 -57.413 6.73333 
0.5 10.5 6 1 132.717 211.572 6.73333 
0.5 5.5 9.5 1 85.5857 304.639 6.73333 
10.5 5.5 9.5 1 311.427 300.377 6.73333 
0.5 6.5 -0.5 1 108.766 -0.139823 6.73333 
0.5 8.5 -0.5 1 129.09 -21.8292 6.73333 
0.5 8.5 4.5 1 117.252 156.597 6.73333 
0.5 6.5 4.5 1 99.5038 159.14 6.73333 
0.5 2.5 2 1 84.4134 101.631 6.73333 
0.5 4.5 2 1 93.916 93.7129 6.73333 
0.5 4.5 4.5 1 89.4053 165.319 6.73333 
0.5 2.5 4.5 1 78.1406 162.665 6.73333 
