0 0 0 1 391.4 87.9142 15.3668 
0 0 6.5 1 403.054 283.168 15.3668 
10 0 0 1 80.8533 105.541 15.3668 
10 0 6.5 1 105.253 312.752 15.3668 
10 10 0 1 130.479 154.085 15.3668 
10 10 6.5 1 143.933 283.873 15.3668 
0 10 0 1 313.613 142.37 15.3668 
0 10 6.5 1 324.992 260.554 15.3668 
0 5 10 1 360.251 344.033 15.3668 
10 5 10 1 135.283 375.449 15.3668 
0 6 0 1 337.462 127.45 15.3668 
0 8 0 1 325.975 134.233 15.3668 
0 8 5 1 333.819 236.902 15.3668 
0 6 5 1 345.804 233.245 15.3668 
0 2 2.5 1 372.991 169.36 15.3668 
0 4 2.5 1 354.137 178.652 15.3668 
0 4 5 1 360.374 234.172 15.3668 
0 2 5 1 380.968 233.696 15.3668 
0.5 0.5 -0.5 1 367.519 77.2019 15.3668 
0.5 0.5 6 1 384.904 264.599 15.3668 
10.5 0.5 -0.5 1 68.6874 97.4788 15.3668 
10.5 0.5 6 1 90.6816 298.011 15.3668 
10.5 10.5 -0.5 1 118.988 149.19 15.3668 
10.5 10.5 6 1 134.851 268.287 15.3668 
0.5 10.5 -0.5 1 304.839 135.168 15.3668 
0.5 10.5 6 1 311.509 251.671 15.3668 
0.5 5.5 9.5 1 347.547 331.936 15.3668 
10.5 5.5 9.5 1 127.412 360.18 15.3668 
0.5 6.5 -0.5 1 321.862 116.426 15.3668 
0.5 8.5 -0.5 1 311.049 127.506 15.3668 
0.5 8.5 4.5 1 320.636 222.828 15.3668 
0.5 6.5 4.5 1 331.599 226.95 15.3668 
0.5 2.5 2 1 355.734 161.036 15.3668 
0.5 4.5 2 1 340.467 167.414 15.3668 
0.5 4.5 4.5 1 342.937 223.547 15.3668 
0.5 2.5 4.5 1 363.601 224.818 15.3668 
