0 0 0 1 105.482 71.7836 10.5667 
0 0 6.5 1 104.809 370.672 10.5667 
10 0 0 1 142.243 203.112 10.5667 
10 0 6.5 1 140.386 354.937 10.5667 
10 10 0 1 356.787 206.472 10.5667 
10 10 6.5 1 367.398 346.187 10.5667 
0 10 0 1 502.614 95.6531 10.5667 
0 10 6.5 1 541.726 347.777 10.5667 
0 5 10 1 355.147 535.304 10.5667 
10 5 10 1 259.992 438.186 10.5667 
0 6 0 1 358.762 86.1089 10.5667 
0 8 0 1 432.422 91.3015 10.5667 
0 8 5 1 459.735 289.185 10.5667 
0 6 5 1 380.64 288.82 10.5667 
0 2 2.5 1 199.639 183.407 10.5667 
0 4 2.5 1 287.846 181.555 10.5667 
0 4 5 1 293.068 289.705 10.5667 
0 2 5 1 200.338 292.446 10.5667 
0.5 0.5 -0.5 1 133.339 66.9183 10.5667 
0.5 0.5 6 1 129.329 346.181 10.5667 
10.5 0.5 -0.5 1 149.779 195.774 10.5667 
10.5 0.5 6 1 153.084 343.136 10.5667 
10.5 10.5 -0.5 1 364.074 200.394 10.5667 
10.5 10.5 6 1 374.282 333.851 10.5667 
0.5 10.5 -0.5 1 504.794 87.6167 10.5667 
0.5 10.5 6 1 543.008 330.974 10.5667 
0.5 5.5 9.5 1 364.985 496.402 10.5667 
10.5 5.5 9.5 1 272.211 423.369 10.5667 
0.5 6.5 -0.5 1 370.659 83.654 10.5667 
0.5 8.5 -0.5 1 437.645 84.5721 10.5667 
0.5 8.5 4.5 1 464.364 266.635 10.5667 
0.5 6.5 4.5 1 387.246 270.575 10.5667 
0.5 2.5 2 1 220.424 168.604 10.5667 
0.5 4.5 2 1 300.54 173.573 10.5667 
0.5 4.5 4.5 1 306.464 270.264 10.5667 
0.5 2.5 4.5 1 220.837 272.08 10.5667 
