0 0 0 1 43.0001 53.682 6.96666 
0 0 6.5 1 38.8611 212.718 6.96666 
10 0 0 1 244.68 96.382 6.96666 
10 0 6.5 1 239.286 218.831 6.96666 
10 10 0 1 400.742 64.2515 6.96666 
10 10 6.5 1 378.466 243.748 6.96666 
0 10 0 1 126.2 -40.6505 6.96666 
0 10 6.5 1 114.088 244.096 6.96666 
0 5 10 1 64.9416 323.845 6.96666 
10 5 10 1 286.388 301.117 6.96666 
0 6 0 1 79.6293 10.1043 6.96666 
0 8 0 1 97.546 -11.5365 6.96666 
0 8 5 1 93.4843 178.602 6.96666 
0 6 5 1 75.5704 178.552 6.96666 
0 2 2.5 1 51.5145 109.954 6.96666 
0 4 2.5 1 64.5721 102.688 6.96666 
0 4 5 1 62.7916 175.615 6.96666 
0 2 5 1 48.7475 176.464 6.96666 
0.5 0.5 -0.5 1 58.4646 39.6056 6.96666 
0.5 0.5 6 1 52.9627 202.757 6.96666 
10.5 0.5 -0.5 1 261.148 87.9259 6.96666 
10.5 0.5 6 1 250.392 212.827 6.96666 
10.5 10.5 -0.5 1 422.37 48.7207 6.96666 
10.5 10.5 6 1 402.454 230.901 6.96666 
0.5 10.5 -0.5 1 156.117 -60.4746 6.96666 
0.5 10.5 6 1 140.611 222.634 6.96666 
0.5 5.5 9.5 1 84.5915 313.246 6.96666 
10.5 5.5 9.5 1 302.966 295.332 6.96666 
0.5 6.5 -0.5 1 103.68 -5.01525 6.96666 
0.5 8.5 -0.5 1 125.348 -31.4016 6.96666 
0.5 8.5 4.5 1 120.073 163.445 6.96666 
0.5 6.5 4.5 1 97.5528 161.671 6.96666 
0.5 2.5 2 1 66.8145 98.252 6.96666 
0.5 4.5 2 1 83.3462 89.7152 6.96666 
0.5 4.5 4.5 1 78.1908 164.766 6.96666 
0.5 2.5 4.5 1 66.5224 165.571 6.96666 
