0 0 0 1 383.871 149.264 0.0333333 
0 0 6.5 1 368.842 295.341 0.0333333 
10 0 0 1 512.284 40.7838 0.0333333 
10 0 6.5 1 482.968 337.663 0.0333333 
10 10 0 1 57.1619 -8.84409 0.0333333 
10 10 6.5 1 27.8537 292.924 0.0333333 
0 10 0 1 152.323 121.626 0.0333333 
0 10 6.5 1 139.374 272.326 0.0333333 
0 5 10 1 246.628 363.879 0.0333333 
10 5 10 1 239.973 474.325 0.0333333 
0 6 0 1 243.96 131.872 0.0333333 
0 8 0 1 200.276 126.191 0.0333333 
0 8 5 1 188.311 242.917 0.0333333 
0 6 5 1 235.072 247.986 0.0333333 
0 2 2.5 1 329.444 199.322 0.0333333 
0 4 2.5 1 284.719 193.73 0.0333333 
0 4 5 1 280.749 250.881 0.0333333 
0 2 5 1 326.219 256.882 0.0333333 
0.5 0.5 -0.5 1 375.096 132.106 0.0333333 
0.5 0.5 6 1 358.968 282.606 0.0333333 
10.5 0.5 -0.5 1 504.048 8.92952 0.0333333 
10.5 0.5 6 1 472.004 315.391 0.0333333 
10.5 10.5 -0.5 1 24.8091 -48.5499 0.0333333 
10.5 10.5 6 1 -9.18091 268.496 0.0333333 
0.5 10.5 -0.5 1 141.578 105.133 0.0333333 
0.5 10.5 6 1 126.444 258.341 0.0333333 
0.5 5.5 9.5 1 233.928 353.011 0.0333333 
10.5 5.5 9.5 1 219.786 458.875 0.0333333 
0.5 6.5 -0.5 1 233.983 116.796 0.0333333 
0.5 8.5 -0.5 1 186.295 112.39 0.0333333 
0.5 8.5 4.5 1 174.335 230.654 0.0333333 
0.5 6.5 4.5 1 220.25 234.538 0.0333333 
0.5 2.5 2 1 321.589 186.166 0.0333333 
0.5 4.5 2 1 276.613 180.246 0.0333333 
0.5 4.5 4.5 1 269.519 236.069 0.0333333 
0.5 2.5 4.5 1 315.182 244.155 0.0333333 
