0 0 0 1 372.461 202.353 16.9334 
0 0 6.5 1 388.893 372.152 16.9334 
10 0 0 1 118.479 148.035 16.9334 
10 0 6.5 1 112.008 401.211 16.9334 
10 10 0 1 44.6008 229.31 16.9334 
10 10 6.5 1 35.5235 379.22 16.9334 
0 10 0 1 236.017 248.929 16.9334 
0 10 6.5 1 235.88 367.352 16.9334 
0 5 10 1 302.722 451.067 16.9334 
10 5 10 1 59.5347 503.981 16.9334 
0 6 0 1 281.584 233.132 16.9334 
0 8 0 1 256.182 242.122 16.9334 
0 8 5 1 261.81 337.604 16.9334 
0 6 5 1 284.887 339.061 16.9334 
0 2 2.5 1 338.549 272.155 16.9334 
0 4 2.5 1 306.97 278.64 16.9334 
0 4 5 1 311 334.677 16.9334 
0 2 5 1 344.153 331.89 16.9334 
0.5 0.5 -0.5 1 352.344 191.074 16.9334 
0.5 0.5 6 1 364.32 360.906 16.9334 
10.5 0.5 -0.5 1 91.8147 132.603 16.9334 
10.5 0.5 6 1 84.2114 381.477 16.9334 
10.5 10.5 -0.5 1 29.8033 220.137 16.9334 
10.5 10.5 6 1 21.8483 369.279 16.9334 
0.5 10.5 -0.5 1 222.779 242.685 16.9334 
0.5 10.5 6 1 224.095 357.206 16.9334 
0.5 5.5 9.5 1 289.427 437.117 16.9334 
10.5 5.5 9.5 1 43.8381 486.958 16.9334 
0.5 6.5 -0.5 1 264.79 225.666 16.9334 
0.5 8.5 -0.5 1 242.994 232.004 16.9334 
0.5 8.5 4.5 1 245.706 327.307 16.9334 
0.5 6.5 4.5 1 269.601 326.458 16.9334 
0.5 2.5 2 1 323.057 260.103 16.9334 
0.5 4.5 2 1 293.112 265.54 16.9334 
0.5 4.5 4.5 1 294.578 323.001 16.9334 
0.5 2.5 4.5 1 325.619 321.3 16.9334 
