0 0 0 1 63.9526 69.0762 6.66666 
0 0 6.5 1 58.4563 215.159 6.66666 
10 0 0 1 259.728 115.041 6.66666 
10 0 6.5 1 253.909 232.633 6.66666 
10 10 0 1 401.577 68.1327 6.66666 
10 10 6.5 1 383.998 248.183 6.66666 
0 10 0 1 123.591 -29.7856 6.66666 
0 10 6.5 1 105.536 228.506 6.66666 
0 5 10 1 65.7842 319.471 6.66666 
10 5 10 1 295.132 311.685 6.66666 
0 6 0 1 94.0553 23.7474 6.66666 
0 8 0 1 105.722 -0.404691 6.66666 
0 8 5 1 96.6672 174.722 6.66666 
0 6 5 1 84.3583 176.171 6.66666 
0 2 2.5 1 68.7283 122.52 6.66666 
0 4 2.5 1 81.315 109.599 6.66666 
0 4 5 1 72.5646 177.094 6.66666 
0 2 5 1 64.7683 179.657 6.66666 
0.5 0.5 -0.5 1 81.6274 54.1454 6.66666 
0.5 0.5 6 1 72.6299 204.986 6.66666 
10.5 0.5 -0.5 1 275.817 104.869 6.66666 
10.5 0.5 6 1 263.412 221.289 6.66666 
10.5 10.5 -0.5 1 427.022 55.3795 6.66666 
10.5 10.5 6 1 405.447 238.214 6.66666 
0.5 10.5 -0.5 1 148.242 -51.4329 6.66666 
0.5 10.5 6 1 131.765 212.158 6.66666 
0.5 5.5 9.5 1 87.8186 305.986 6.66666 
10.5 5.5 9.5 1 314.241 303.852 6.66666 
0.5 6.5 -0.5 1 112.89 5.17137 6.66666 
0.5 8.5 -0.5 1 131.624 -17.3097 6.66666 
0.5 8.5 4.5 1 112.887 157.889 6.66666 
0.5 6.5 4.5 1 99.9943 161.424 6.66666 
0.5 2.5 2 1 86.5518 109.57 6.66666 
0.5 4.5 2 1 95.2152 97.9638 6.66666 
0.5 4.5 4.5 1 89.2928 164.545 6.66666 
0.5 2.5 4.5 1 81.0938 167.694 6.66666 
