0 0 0 1 254.283 201.042 3.33333 
0 0 6.5 1 267.573 314.117 3.33333 
10 0 0 1 445.921 160.917 3.33333 
10 0 6.5 1 460.57 303.097 3.33333 
10 10 0 1 392.997 99.8132 3.33333 
10 10 6.5 1 424.073 346.554 3.33333 
0 10 0 1 120.496 173.881 3.33333 
0 10 6.5 1 139.97 348.034 3.33333 
0 5 10 1 223.376 404.619 3.33333 
10 5 10 1 458.838 421.185 3.33333 
0 6 0 1 190.52 183.654 3.33333 
0 8 0 1 159.684 181.608 3.33333 
0 8 5 1 168.909 301.743 3.33333 
0 6 5 1 201.513 296.315 3.33333 
0 2 2.5 1 240.869 243.197 3.33333 
0 4 2.5 1 222.269 243.229 3.33333 
0 4 5 1 225.884 295.217 3.33333 
0 2 5 1 247.857 290.781 3.33333 
0.5 0.5 -0.5 1 255.613 188.302 3.33333 
0.5 0.5 6 1 273.794 303.956 3.33333 
10.5 0.5 -0.5 1 455.224 146.862 3.33333 
10.5 0.5 6 1 472.219 292.267 3.33333 
10.5 10.5 -0.5 1 404.747 69.8105 3.33333 
10.5 10.5 6 1 434.71 329.134 3.33333 
0.5 10.5 -0.5 1 123.617 156.199 3.33333 
0.5 10.5 6 1 137.373 338.835 3.33333 
0.5 5.5 9.5 1 225.372 397.196 3.33333 
10.5 5.5 9.5 1 472.08 410.126 3.33333 
0.5 6.5 -0.5 1 189.53 168.718 3.33333 
0.5 8.5 -0.5 1 158.874 165.074 3.33333 
0.5 8.5 4.5 1 170.397 291.988 3.33333 
0.5 6.5 4.5 1 200.144 285.753 3.33333 
0.5 2.5 2 1 244.824 229.778 3.33333 
0.5 4.5 2 1 222.528 230.691 3.33333 
0.5 4.5 4.5 1 227.804 283.324 3.33333 
0.5 2.5 4.5 1 247.824 281.876 3.33333 
