0 0 0 1 423.919 15.345 12.9667 
0 0 6.5 1 393.224 285.357 12.9667 
10 0 0 1 146.869 68.5223 12.9667 
10 0 6.5 1 135.424 243.347 12.9667 
10 10 0 1 291.563 126.985 12.9667 
10 10 6.5 1 281.651 245.186 12.9667 
0 10 0 1 498.595 115.236 12.9667 
0 10 6.5 1 477.265 272.512 12.9667 
0 5 10 1 431.949 380.616 12.9667 
10 5 10 1 215.381 321.148 12.9667 
0 6 0 1 478.231 88.4722 12.9667 
0 8 0 1 492.758 101.346 12.9667 
0 8 5 1 469.73 233.939 12.9667 
0 6 5 1 460.671 234.813 12.9667 
0 2 2.5 1 437.458 142.382 12.9667 
0 4 2.5 1 453.151 152.329 12.9667 
0 4 5 1 445.682 232.345 12.9667 
0 2 5 1 426.44 228.408 12.9667 
0.5 0.5 -0.5 1 411.027 8.4445 12.9667 
0.5 0.5 6 1 386.937 265.638 12.9667 
10.5 0.5 -0.5 1 148.49 57.9026 12.9667 
10.5 0.5 6 1 135.181 228.533 12.9667 
10.5 10.5 -0.5 1 292.039 119.365 12.9667 
10.5 10.5 6 1 281.876 236.527 12.9667 
0.5 10.5 -0.5 1 486.399 106.039 12.9667 
0.5 10.5 6 1 470.039 260.257 12.9667 
0.5 5.5 9.5 1 425.448 358.303 12.9667 
10.5 5.5 9.5 1 214.179 304.757 12.9667 
0.5 6.5 -0.5 1 470.369 79.4361 12.9667 
0.5 8.5 -0.5 1 479.704 94.3589 12.9667 
0.5 8.5 4.5 1 464.012 221.41 12.9667 
0.5 6.5 4.5 1 449.299 221.575 12.9667 
0.5 2.5 2 1 423.866 126.835 12.9667 
0.5 4.5 2 1 445.537 142.063 12.9667 
0.5 4.5 4.5 1 435.4 215.525 12.9667 
0.5 2.5 4.5 1 415.628 211.093 12.9667 
