0 0 0 1 253.147 204.994 3.4 
0 0 6.5 1 263.601 319.179 3.4 
10 0 0 1 442.148 170.743 3.4 
10 0 6.5 1 459.804 311.677 3.4 
10 10 0 1 394.497 108.66 3.4 
10 10 6.5 1 425.4 355.529 3.4 
0 10 0 1 120.637 179.849 3.4 
0 10 6.5 1 137.503 357.626 3.4 
0 5 10 1 220.046 412.658 3.4 
10 5 10 1 458.157 428.726 3.4 
0 6 0 1 186.92 191.444 3.4 
0 8 0 1 156.967 190.183 3.4 
0 8 5 1 168.378 311.235 3.4 
0 6 5 1 196.1 302.22 3.4 
0 2 2.5 1 239.164 248.564 3.4 
0 4 2.5 1 217.597 248.661 3.4 
0 4 5 1 220.342 300.406 3.4 
0 2 5 1 242.063 295.874 3.4 
0.5 0.5 -0.5 1 257.081 195.675 3.4 
0.5 0.5 6 1 267.171 314.156 3.4 
10.5 0.5 -0.5 1 454.781 157.057 3.4 
10.5 0.5 6 1 469.649 302.445 3.4 
10.5 10.5 -0.5 1 412.036 81.5654 3.4 
10.5 10.5 6 1 439.665 340.598 3.4 
0.5 10.5 -0.5 1 121.983 163.978 3.4 
0.5 10.5 6 1 136.264 345.014 3.4 
0.5 5.5 9.5 1 220.247 404.263 3.4 
10.5 5.5 9.5 1 473.907 417.886 3.4 
0.5 6.5 -0.5 1 192.062 176.608 3.4 
0.5 8.5 -0.5 1 157.895 171.855 3.4 
0.5 8.5 4.5 1 168.75 298.683 3.4 
0.5 6.5 4.5 1 197.116 295.97 3.4 
0.5 2.5 2 1 242.338 238.632 3.4 
0.5 4.5 2 1 220.185 237.854 3.4 
0.5 4.5 4.5 1 227.513 291.191 3.4 
0.5 2.5 4.5 1 245.839 285.866 3.4 
