0 0 0 1 309.182 63.1071 2.16667 
0 0 6.5 1 312.818 195.417 2.16667 
10 0 0 1 527.774 -7.73617 2.16667 
10 0 6.5 1 520.916 191.484 2.16667 
10 10 0 1 322.81 -116.237 2.16667 
10 10 6.5 1 331.594 219.528 2.16667 
0 10 0 1 119.12 30.3565 2.16667 
0 10 6.5 1 134.135 209.737 2.16667 
0 5 10 1 242.71 278.957 2.16667 
10 5 10 1 450.56 320.575 2.16667 
0 6 0 1 209.272 46.1949 2.16667 
0 8 0 1 164.834 39.8079 2.16667 
0 8 5 1 177.947 170.218 2.16667 
0 6 5 1 218.814 164.894 2.16667 
0 2 2.5 1 282.689 115.508 2.16667 
0 4 2.5 1 250.85 109.739 2.16667 
0 4 5 1 251.943 167.761 2.16667 
0 2 5 1 285.058 166.073 2.16667 
0.5 0.5 -0.5 1 311.822 51.3541 2.16667 
0.5 0.5 6 1 314.114 185.206 2.16667 
10.5 0.5 -0.5 1 542.42 -33.0339 2.16667 
10.5 0.5 6 1 531.411 175.938 2.16667 
10.5 10.5 -0.5 1 326.512 -170.612 2.16667 
10.5 10.5 6 1 336.112 195.698 2.16667 
0.5 10.5 -0.5 1 105.145 8.8837 2.16667 
0.5 10.5 6 1 126.564 199.771 2.16667 
0.5 5.5 9.5 1 240.471 269.643 2.16667 
10.5 5.5 9.5 1 455.036 308.85 2.16667 
0.5 6.5 -0.5 1 202.257 25.6055 2.16667 
0.5 8.5 -0.5 1 160.63 17.4013 2.16667 
0.5 8.5 4.5 1 171.574 157.349 2.16667 
0.5 6.5 4.5 1 212.295 155.542 2.16667 
0.5 2.5 2 1 278.506 97.2805 2.16667 
0.5 4.5 2 1 246.836 98.2753 2.16667 
0.5 4.5 4.5 1 249.031 155.911 2.16667 
0.5 2.5 4.5 1 283.787 154.157 2.16667 
