0 0 0 1 84.2452 98.0201 6.4 
0 0 6.5 1 73.3885 238.412 6.4 
10 0 0 1 274.463 138.608 6.4 
10 0 6.5 1 264.479 255.938 6.4 
10 10 0 1 404.457 92.5448 6.4 
10 10 6.5 1 384.175 270.483 6.4 
0 10 0 1 118.086 7.57911 6.4 
0 10 6.5 1 97.3715 248.348 6.4 
0 5 10 1 72.884 335.688 6.4 
10 5 10 1 302.7 336.664 6.4 
0 6 0 1 101.784 57.7927 6.4 
0 8 0 1 109.018 33.1387 6.4 
0 8 5 1 90.8648 196.75 6.4 
0 6 5 1 87.2606 198.21 6.4 
0 2 2.5 1 85.4661 142.903 6.4 
0 4 2.5 1 90.2407 138.183 6.4 
0 4 5 1 84.5426 201.608 6.4 
0 2 5 1 78.0238 203.642 6.4 
0.5 0.5 -0.5 1 98.7444 87.2442 6.4 
0.5 0.5 6 1 86.8697 223.803 6.4 
10.5 0.5 -0.5 1 289.695 127.74 6.4 
10.5 0.5 6 1 279.103 246.493 6.4 
10.5 10.5 -0.5 1 424.046 79.0342 6.4 
10.5 10.5 6 1 407.295 259.461 6.4 
0.5 10.5 -0.5 1 142.749 -15.5526 6.4 
0.5 10.5 6 1 120.034 229.665 6.4 
0.5 5.5 9.5 1 89.7996 322.497 6.4 
10.5 5.5 9.5 1 318.206 328.118 6.4 
0.5 6.5 -0.5 1 120.092 40.7329 6.4 
0.5 8.5 -0.5 1 129.935 13.8432 6.4 
0.5 8.5 4.5 1 113.398 179.627 6.4 
0.5 6.5 4.5 1 106.908 186.531 6.4 
0.5 2.5 2 1 100.418 129.576 6.4 
0.5 4.5 2 1 104.64 125.849 6.4 
0.5 4.5 4.5 1 98.1752 189.892 6.4 
0.5 2.5 4.5 1 93.4078 191.987 6.4 
