0 0 0 1 389.783 9.6615 12.5001 
0 0 6.5 1 361.622 292.095 12.5001 
10 0 0 1 154.721 90.8561 12.5001 
10 0 6.5 1 135.636 261.786 12.5001 
10 10 0 1 312.743 152.852 12.5001 
10 10 6.5 1 301.698 274.125 12.5001 
0 10 0 1 521.304 130.651 12.5001 
0 10 6.5 1 504.039 301.889 12.5001 
0 5 10 1 440.324 409.729 12.5001 
10 5 10 1 224.619 343.57 12.5001 
0 6 0 1 483.643 97.9611 12.5001 
0 8 0 1 501.56 112.757 12.5001 
0 8 5 1 489.777 257.378 12.5001 
0 6 5 1 469.23 251.831 12.5001 
0 2 2.5 1 418.084 140.217 12.5001 
0 4 2.5 1 452.103 158.365 12.5001 
0 4 5 1 444.416 245.02 12.5001 
0 2 5 1 410.74 235.619 12.5001 
0.5 0.5 -0.5 1 384.096 8.56191 12.5001 
0.5 0.5 6 1 358.67 273.232 12.5001 
10.5 0.5 -0.5 1 158.708 85.6477 12.5001 
10.5 0.5 6 1 141.097 250.045 12.5001 
10.5 10.5 -0.5 1 313.113 149.828 12.5001 
10.5 10.5 6 1 297.636 266.403 12.5001 
0.5 10.5 -0.5 1 510.861 120.813 12.5001 
0.5 10.5 6 1 495.521 284.642 12.5001 
0.5 5.5 9.5 1 433.579 388.478 12.5001 
10.5 5.5 9.5 1 226.88 334.027 12.5001 
0.5 6.5 -0.5 1 473.857 86.7326 12.5001 
0.5 8.5 -0.5 1 488.747 104.667 12.5001 
0.5 8.5 4.5 1 482.886 239.442 12.5001 
0.5 6.5 4.5 1 459.188 236.206 12.5001 
0.5 2.5 2 1 411.282 128.57 12.5001 
0.5 4.5 2 1 442.706 146.938 12.5001 
0.5 4.5 4.5 1 435.427 226.683 12.5001 
0.5 2.5 4.5 1 402.045 220.284 12.5001 
