0 0 0 1 383.514 146.833 18.5334 
0 0 6.5 1 367.894 305.332 18.5334 
10 0 0 1 296.739 -1.27673 18.5334 
10 0 6.5 1 265.085 307.977 18.5334 
10 10 0 1 -11.3887 60.9058 18.5334 
10 10 6.5 1 -40.0155 270.624 18.5334 
0 10 0 1 178.3 156.25 18.5334 
0 10 6.5 1 167.592 286.419 18.5334 
0 5 10 1 249.705 371.908 18.5334 
10 5 10 1 69.3312 426.631 18.5334 
0 6 0 1 250.142 152.972 18.5334 
0 8 0 1 212.228 151.275 18.5334 
0 8 5 1 204.014 258.566 18.5334 
0 6 5 1 243.364 262.614 18.5334 
0 2 2.5 1 332.61 208.278 18.5334 
0 4 2.5 1 284.337 206.982 18.5334 
0 4 5 1 278.381 264.469 18.5334 
0 2 5 1 326.455 265.227 18.5334 
0.5 0.5 -0.5 1 368.874 132.931 18.5334 
0.5 0.5 6 1 357.557 290.955 18.5334 
10.5 0.5 -0.5 1 265.821 -32.2509 18.5334 
10.5 0.5 6 1 236.571 280.066 18.5334 
10.5 10.5 -0.5 1 -34.0563 40.4896 18.5334 
10.5 10.5 6 1 -64.5021 250.388 18.5334 
0.5 10.5 -0.5 1 169.74 140.326 18.5334 
0.5 10.5 6 1 153.1 274.667 18.5334 
0.5 5.5 9.5 1 233.169 360.368 18.5334 
10.5 5.5 9.5 1 36.5796 408.416 18.5334 
0.5 6.5 -0.5 1 238.95 142.673 18.5334 
0.5 8.5 -0.5 1 200.605 139.645 18.5334 
0.5 8.5 4.5 1 191.564 246.907 18.5334 
0.5 6.5 4.5 1 227.487 249.479 18.5334 
0.5 2.5 2 1 316.192 193.236 18.5334 
0.5 4.5 2 1 273.73 192.713 18.5334 
0.5 4.5 4.5 1 269.165 252.225 18.5334 
0.5 2.5 4.5 1 309.771 250.91 18.5334 
