0 0 0 1 383.665 121.621 15.7668 
0 0 6.5 1 399.083 306.968 15.7668 
10 0 0 1 81.3345 130.803 15.7668 
10 0 6.5 1 104.612 347.785 15.7668 
10 10 0 1 108.748 187.38 15.7668 
10 10 6.5 1 117.492 317.088 15.7668 
0 10 0 1 293.008 178.222 15.7668 
0 10 6.5 1 306.135 296.753 15.7668 
0 5 10 1 348.591 376.612 15.7668 
10 5 10 1 120.212 413.845 15.7668 
0 6 0 1 318.487 163.312 15.7668 
0 8 0 1 306.665 168.497 15.7668 
0 8 5 1 314.466 267.325 15.7668 
0 6 5 1 331.41 268.352 15.7668 
0 2 2.5 1 363.842 201.203 15.7668 
0 4 2.5 1 339.638 206.67 15.7668 
0 4 5 1 348.393 266.009 15.7668 
0 2 5 1 368.89 265.739 15.7668 
0.5 0.5 -0.5 1 360.8 115.018 15.7668 
0.5 0.5 6 1 379.641 294.335 15.7668 
10.5 0.5 -0.5 1 65.5621 121.423 15.7668 
10.5 0.5 6 1 86.5742 331.256 15.7668 
10.5 10.5 -0.5 1 96.5783 182.004 15.7668 
10.5 10.5 6 1 108.149 306.349 15.7668 
0.5 10.5 -0.5 1 280.408 172.978 15.7668 
0.5 10.5 6 1 292.643 284.965 15.7668 
0.5 5.5 9.5 1 331.887 362.894 15.7668 
10.5 5.5 9.5 1 110.055 402.761 15.7668 
0.5 6.5 -0.5 1 303.269 156.087 15.7668 
0.5 8.5 -0.5 1 292.613 164.489 15.7668 
0.5 8.5 4.5 1 299.301 259.138 15.7668 
0.5 6.5 4.5 1 316.116 257.264 15.7668 
0.5 2.5 2 1 347.351 190.401 15.7668 
0.5 4.5 2 1 325.029 199.167 15.7668 
0.5 4.5 4.5 1 334.555 255.575 15.7668 
0.5 2.5 4.5 1 352.87 255.416 15.7668 
