0 0 0 1 243.316 144.466 11.4334 
0 0 6.5 1 226.792 470.211 11.4334 
10 0 0 1 142.083 233.402 11.4334 
10 0 6.5 1 126.497 399.033 11.4334 
10 10 0 1 340.863 259.54 11.4334 
10 10 6.5 1 338.054 395.059 11.4334 
0 10 0 1 537.479 216.805 11.4334 
0 10 6.5 1 554.721 440.874 11.4334 
0 5 10 1 429.816 618.248 11.4334 
10 5 10 1 240.376 483.987 11.4334 
0 6 0 1 444.914 196.497 11.4334 
0 8 0 1 496.556 206.622 11.4334 
0 8 5 1 505.202 386.283 11.4334 
0 6 5 1 451.253 385.789 11.4334 
0 2 2.5 1 319.064 270.122 11.4334 
0 4 2.5 1 386.94 281.793 11.4334 
0 4 5 1 393.146 384.967 11.4334 
0 2 5 1 318.341 385.487 11.4334 
0.5 0.5 -0.5 1 256.402 138.333 11.4334 
0.5 0.5 6 1 241.253 435.057 11.4334 
10.5 0.5 -0.5 1 150.242 223.9 11.4334 
10.5 0.5 6 1 139.507 383.297 11.4334 
10.5 10.5 -0.5 1 341.124 253.378 11.4334 
10.5 10.5 6 1 341.317 382.484 11.4334 
0.5 10.5 -0.5 1 532.177 206.247 11.4334 
0.5 10.5 6 1 547.552 419.305 11.4334 
0.5 5.5 9.5 1 427.241 577.744 11.4334 
10.5 5.5 9.5 1 246.444 469.849 11.4334 
0.5 6.5 -0.5 1 441.549 183.822 11.4334 
0.5 8.5 -0.5 1 490.174 194.556 11.4334 
0.5 8.5 4.5 1 497.161 363.715 11.4334 
0.5 6.5 4.5 1 450.96 364.362 11.4334 
0.5 2.5 2 1 325.429 255.108 11.4334 
0.5 4.5 2 1 390.749 263.368 11.4334 
0.5 4.5 4.5 1 391.279 363.795 11.4334 
0.5 2.5 4.5 1 321.958 361.669 11.4334 
