0 0 0 1 371.669 215.58 17.0334 
0 0 6.5 1 386.854 385.409 17.0334 
10 0 0 1 121.412 153.023 17.0334 
10 0 6.5 1 116.229 416.049 17.0334 
10 10 0 1 40.488 234.051 17.0334 
10 10 6.5 1 29.1807 391.034 17.0334 
0 10 0 1 230.521 253.578 17.0334 
0 10 6.5 1 233.572 372.238 17.0334 
0 5 10 1 299.675 463.246 17.0334 
10 5 10 1 51.5999 517.748 17.0334 
0 6 0 1 277.647 242.261 17.0334 
0 8 0 1 253.095 251.738 17.0334 
0 8 5 1 257.141 343.979 17.0334 
0 6 5 1 276.864 345.962 17.0334 
0 2 2.5 1 341.861 281.485 17.0334 
0 4 2.5 1 306.226 288.222 17.0334 
0 4 5 1 307.98 345.128 17.0334 
0 2 5 1 343.823 346.619 17.0334 
0.5 0.5 -0.5 1 355.506 202.886 17.0334 
0.5 0.5 6 1 366.593 374.242 17.0334 
10.5 0.5 -0.5 1 100.117 142.384 17.0334 
10.5 0.5 6 1 85.4153 396.211 17.0334 
10.5 10.5 -0.5 1 23.7225 224.546 17.0334 
10.5 10.5 6 1 13.0355 377.119 17.0334 
0.5 10.5 -0.5 1 217.708 250.142 17.0334 
0.5 10.5 6 1 220.518 366.943 17.0334 
0.5 5.5 9.5 1 283.146 451.053 17.0334 
10.5 5.5 9.5 1 30.71 499.917 17.0334 
0.5 6.5 -0.5 1 260.601 235.391 17.0334 
0.5 8.5 -0.5 1 238.104 241.732 17.0334 
0.5 8.5 4.5 1 240.691 336.923 17.0334 
0.5 6.5 4.5 1 265.688 334.053 17.0334 
0.5 2.5 2 1 321.718 271.16 17.0334 
0.5 4.5 2 1 288.299 278.533 17.0334 
0.5 4.5 4.5 1 293.795 336.316 17.0334 
0.5 2.5 4.5 1 325.474 334.864 17.0334 
