0 0 0 1 -61.0015 -15.1411 8.2 
0 0 6.5 1 -28.6776 202.179 8.2 
10 0 0 1 169.312 53.2506 8.2 
10 0 6.5 1 177.458 189.492 8.2 
10 10 0 1 374.922 4.50671 8.2 
10 10 6.5 1 374.67 188.713 8.2 
0 10 0 1 205.024 -144.017 8.2 
0 10 6.5 1 220.792 212.465 8.2 
0 5 10 1 81.1406 331.201 8.2 
10 5 10 1 265.073 264.563 8.2 
0 6 0 1 67.1319 -77.4955 8.2 
0 8 0 1 129.256 -107.76 8.2 
0 8 5 1 147.651 143.251 8.2 
0 6 5 1 84.7036 149.423 8.2 
0 2 2.5 1 -14.124 66.886 8.2 
0 4 2.5 1 28.3449 53.8759 8.2 
0 4 5 1 40.4998 151.773 8.2 
0 2 5 1 -2.15746 152.93 8.2 
0.5 0.5 -0.5 1 -37.4538 -31.1083 8.2 
0.5 0.5 6 1 -11.8671 188.809 8.2 
10.5 0.5 -0.5 1 183.876 39.9806 8.2 
10.5 0.5 6 1 190.097 176.933 8.2 
10.5 10.5 -0.5 1 392.069 -6.52961 8.2 
10.5 10.5 6 1 389.431 174.138 8.2 
0.5 10.5 -0.5 1 241.522 -171.012 8.2 
0.5 10.5 6 1 253.481 186.24 8.2 
0.5 5.5 9.5 1 108.974 312.075 8.2 
10.5 5.5 9.5 1 281.067 252.251 8.2 
0.5 6.5 -0.5 1 94.5698 -100.49 8.2 
0.5 8.5 -0.5 1 161.769 -132.255 8.2 
0.5 8.5 4.5 1 175.449 123.657 8.2 
0.5 6.5 4.5 1 115.997 128.131 8.2 
0.5 2.5 2 1 9.10554 46.1505 8.2 
0.5 4.5 2 1 53.223 32.4871 8.2 
0.5 4.5 4.5 1 62.9807 132.883 8.2 
0.5 2.5 4.5 1 24.223 138.575 8.2 
