0 0 0 1 231.221 237.048 3.86666 
0 0 6.5 1 239.81 351.452 3.86666 
10 0 0 1 414.808 208.909 3.86666 
10 0 6.5 1 433.059 342.032 3.86666 
10 10 0 1 405.611 148.971 3.86666 
10 10 6.5 1 434.122 371.849 3.86666 
0 10 0 1 120.658 202.193 3.86666 
0 10 6.5 1 128.104 381.205 3.86666 
0 5 10 1 201.299 443.28 3.86666 
10 5 10 1 443.464 451.312 3.86666 
0 6 0 1 176.348 218.119 3.86666 
0 8 0 1 152.595 212.982 3.86666 
0 8 5 1 156.62 332.577 3.86666 
0 6 5 1 183.156 333.977 3.86666 
0 2 2.5 1 218.61 278.771 3.86666 
0 4 2.5 1 200.635 275.427 3.86666 
0 4 5 1 205.919 328.721 3.86666 
0 2 5 1 225.008 326.274 3.86666 
0.5 0.5 -0.5 1 234.53 225.499 3.86666 
0.5 0.5 6 1 242.133 343.334 3.86666 
10.5 0.5 -0.5 1 423.706 197.176 3.86666 
10.5 0.5 6 1 441.285 332.425 3.86666 
10.5 10.5 -0.5 1 418.359 121.815 3.86666 
10.5 10.5 6 1 448.441 354.248 3.86666 
0.5 10.5 -0.5 1 123.276 177.876 3.86666 
0.5 10.5 6 1 133.308 371.432 3.86666 
0.5 5.5 9.5 1 206.283 435.293 3.86666 
10.5 5.5 9.5 1 457.906 442.609 3.86666 
0.5 6.5 -0.5 1 180.394 205.086 3.86666 
0.5 8.5 -0.5 1 157.359 194.812 3.86666 
0.5 8.5 4.5 1 160.136 322.691 3.86666 
0.5 6.5 4.5 1 187.765 317.372 3.86666 
0.5 2.5 2 1 222.043 266.981 3.86666 
0.5 4.5 2 1 206.064 264.18 3.86666 
0.5 4.5 4.5 1 206.604 316.176 3.86666 
0.5 2.5 4.5 1 229.052 317.577 3.86666 
