0 0 0 1 411.916 -35.7781 14.7001 
0 0 6.5 1 412.292 189.744 14.7001 
10 0 0 1 79.2317 -3.28128 14.7001 
10 0 6.5 1 105.346 204.512 14.7001 
10 10 0 1 167.006 70.9399 14.7001 
10 10 6.5 1 180.348 191.61 14.7001 
0 10 0 1 358.967 51.6299 14.7001 
0 10 6.5 1 365.845 183.045 14.7001 
0 5 10 1 381.927 267.635 14.7001 
10 5 10 1 157.679 275.924 14.7001 
0 6 0 1 374.403 29.3608 14.7001 
0 8 0 1 367.937 40.3584 14.7001 
0 8 5 1 369.662 152.552 14.7001 
0 6 5 1 379.142 150.534 14.7001 
0 2 2.5 1 395.955 70.0963 14.7001 
0 4 2.5 1 387.459 81.5702 14.7001 
0 4 5 1 385.645 146.423 14.7001 
0 2 5 1 397.876 145.963 14.7001 
0.5 0.5 -0.5 1 389.567 -43.4454 14.7001 
0.5 0.5 6 1 394.514 176.804 14.7001 
10.5 0.5 -0.5 1 72.9009 -16.7006 14.7001 
10.5 0.5 6 1 95.5075 189.642 14.7001 
10.5 10.5 -0.5 1 160.31 60.0379 14.7001 
10.5 10.5 6 1 171.431 182.267 14.7001 
0.5 10.5 -0.5 1 348.497 49.4764 14.7001 
0.5 10.5 6 1 352.628 177.733 14.7001 
0.5 5.5 9.5 1 367.951 256.44 14.7001 
10.5 5.5 9.5 1 147.37 261.899 14.7001 
0.5 6.5 -0.5 1 363.781 20.1043 14.7001 
0.5 8.5 -0.5 1 357.331 34.3148 14.7001 
0.5 8.5 4.5 1 356.851 138.928 14.7001 
0.5 6.5 4.5 1 361.974 141.254 14.7001 
0.5 2.5 2 1 381.201 57.8598 14.7001 
0.5 4.5 2 1 371.884 69.798 14.7001 
0.5 4.5 4.5 1 369.775 134.637 14.7001 
0.5 2.5 4.5 1 377.907 133.742 14.7001 
