0 0 0 1 375.829 147.773 16.4001 
0 0 6.5 1 390.064 319.972 16.4001 
10 0 0 1 92.0569 116.295 16.4001 
10 0 6.5 1 104.785 348.107 16.4001 
10 10 0 1 71.6122 201.074 16.4001 
10 10 6.5 1 76.1856 341.073 16.4001 
0 10 0 1 258.688 206.799 16.4001 
0 10 6.5 1 267.688 321.623 16.4001 
0 5 10 1 322.957 403.776 16.4001 
10 5 10 1 87.9117 444.706 16.4001 
0 6 0 1 295.112 188.521 16.4001 
0 8 0 1 273.564 197.825 16.4001 
0 8 5 1 284.363 294.714 16.4001 
0 6 5 1 305.844 289.348 16.4001 
0 2 2.5 1 347.863 218.152 16.4001 
0 4 2.5 1 320.678 230.657 16.4001 
0 4 5 1 327.53 285.885 16.4001 
0 2 5 1 354.275 281.734 16.4001 
0.5 0.5 -0.5 1 350.548 134.89 16.4001 
0.5 0.5 6 1 373.305 306.653 16.4001 
10.5 0.5 -0.5 1 75.4306 104.262 16.4001 
10.5 0.5 6 1 78.7971 328.807 16.4001 
10.5 10.5 -0.5 1 61.0672 193.69 16.4001 
10.5 10.5 6 1 63.0168 329.935 16.4001 
0.5 10.5 -0.5 1 246.976 203.055 16.4001 
0.5 10.5 6 1 257.022 311.993 16.4001 
0.5 5.5 9.5 1 311.862 389.021 16.4001 
10.5 5.5 9.5 1 73.1003 425.86 16.4001 
0.5 6.5 -0.5 1 280.249 180.545 16.4001 
0.5 8.5 -0.5 1 267.014 191.559 16.4001 
0.5 8.5 4.5 1 269.074 282.596 16.4001 
0.5 6.5 4.5 1 290.418 280.323 16.4001 
0.5 2.5 2 1 332.208 211.512 16.4001 
0.5 4.5 2 1 305.666 221.883 16.4001 
0.5 4.5 4.5 1 310.378 277.617 16.4001 
0.5 2.5 4.5 1 335.787 270.241 16.4001 
