0 0 0 1 71.1344 76.6837 10.3334 
0 0 6.5 1 72.3312 368.068 10.3334 
10 0 0 1 138.33 197.503 10.3334 
10 0 6.5 1 141.782 348.022 10.3334 
10 10 0 1 359.064 190.852 10.3334 
10 10 6.5 1 371.284 334.792 10.3334 
0 10 0 1 488.879 71.8655 10.3334 
0 10 6.5 1 528.227 335.056 10.3334 
0 5 10 1 324.668 528.169 10.3334 
10 5 10 1 266.796 428.901 10.3334 
0 6 0 1 331.96 73.4319 10.3334 
0 8 0 1 410.725 74.7433 10.3334 
0 8 5 1 436.695 274.714 10.3334 
0 6 5 1 349.741 280.63 10.3334 
0 2 2.5 1 166.09 180.376 10.3334 
0 4 2.5 1 253.718 176.36 10.3334 
0 4 5 1 258.909 287.532 10.3334 
0 2 5 1 169.522 290.608 10.3334 
0.5 0.5 -0.5 1 97.7983 65.9066 10.3334 
0.5 0.5 6 1 101.402 343.035 10.3334 
10.5 0.5 -0.5 1 153.322 189.874 10.3334 
10.5 0.5 6 1 156.639 336.964 10.3334 
10.5 10.5 -0.5 1 364.546 184.291 10.3334 
10.5 10.5 6 1 379.729 321.125 10.3334 
0.5 10.5 -0.5 1 492.796 68.719 10.3334 
0.5 10.5 6 1 527.633 315.004 10.3334 
0.5 5.5 9.5 1 341.718 489.883 10.3334 
10.5 5.5 9.5 1 276.85 413.499 10.3334 
0.5 6.5 -0.5 1 340.531 67.1364 10.3334 
0.5 8.5 -0.5 1 419.277 67.1802 10.3334 
0.5 8.5 4.5 1 444.501 256.556 10.3334 
0.5 6.5 4.5 1 362.967 261.354 10.3334 
0.5 2.5 2 1 188.134 164.79 10.3334 
0.5 4.5 2 1 271.889 164.6 10.3334 
0.5 4.5 4.5 1 278.269 262.933 10.3334 
0.5 2.5 4.5 1 192.825 268.348 10.3334 
