0 0 0 1 421.872 -59.3443 14.4667 
0 0 6.5 1 412.375 177.6 14.4667 
10 0 0 1 91.8066 -24.341 14.4667 
10 0 6.5 1 108.729 186.486 14.4667 
10 10 0 1 183.945 50.5906 14.4667 
10 10 6.5 1 191.788 180.062 14.4667 
0 10 0 1 386.154 37.091 14.4667 
0 10 6.5 1 380.986 173.099 14.4667 
0 5 10 1 392.329 259.361 14.4667 
10 5 10 1 165.066 258.195 14.4667 
0 6 0 1 395.862 11.1984 14.4667 
0 8 0 1 386.643 26.7027 14.4667 
0 8 5 1 385.379 141.23 14.4667 
0 6 5 1 390.829 138.511 14.4667 
0 2 2.5 1 410.662 55.0741 14.4667 
0 4 2.5 1 401.548 67.1791 14.4667 
0 4 5 1 397.71 135.783 14.4667 
0 2 5 1 406.087 131.202 14.4667 
0.5 0.5 -0.5 1 403.48 -68.1099 14.4667 
0.5 0.5 6 1 396.633 157.363 14.4667 
10.5 0.5 -0.5 1 80.4606 -32.0467 14.4667 
10.5 0.5 6 1 100.307 172.752 14.4667 
10.5 10.5 -0.5 1 183.676 44.3713 14.4667 
10.5 10.5 6 1 186.784 169.518 14.4667 
0.5 10.5 -0.5 1 374.777 30.6571 14.4667 
0.5 10.5 6 1 368.271 162.363 14.4667 
0.5 5.5 9.5 1 379.85 244.842 14.4667 
10.5 5.5 9.5 1 159.299 244.276 14.4667 
0.5 6.5 -0.5 1 382.161 2.58661 14.4667 
0.5 8.5 -0.5 1 376.9 18.821 14.4667 
0.5 8.5 4.5 1 375.879 130.521 14.4667 
0.5 6.5 4.5 1 376.532 124.602 14.4667 
0.5 2.5 2 1 390.595 42.6539 14.4667 
0.5 4.5 2 1 385.212 53.4392 14.4667 
0.5 4.5 4.5 1 381.785 123.217 14.4667 
0.5 2.5 4.5 1 389.871 119.377 14.4667 
