0 0 0 1 381.4 126.099 15.8668 
0 0 6.5 1 402.407 308.098 15.8668 
10 0 0 1 85.18 132.001 15.8668 
10 0 6.5 1 103.041 350.344 15.8668 
10 10 0 1 101.226 192.824 15.8668 
10 10 6.5 1 112.627 321.964 15.8668 
0 10 0 1 288.167 182.407 15.8668 
0 10 6.5 1 299.238 296.313 15.8668 
0 5 10 1 345.958 378.854 15.8668 
10 5 10 1 118.238 417.796 15.8668 
0 6 0 1 313.409 167.024 15.8668 
0 8 0 1 298.057 171.762 15.8668 
0 8 5 1 308.799 268.984 15.8668 
0 6 5 1 324.892 268.367 15.8668 
0 2 2.5 1 365.1 205.486 15.8668 
0 4 2.5 1 336.9 213.316 15.8668 
0 4 5 1 344.841 267.26 15.8668 
0 2 5 1 367.508 269.289 15.8668 
0.5 0.5 -0.5 1 359.193 120.293 15.8668 
0.5 0.5 6 1 379.412 298.065 15.8668 
10.5 0.5 -0.5 1 65.8221 118.256 15.8668 
10.5 0.5 6 1 84.3825 333.011 15.8668 
10.5 10.5 -0.5 1 91.8367 183.436 15.8668 
10.5 10.5 6 1 103.169 314.772 15.8668 
0.5 10.5 -0.5 1 275.425 181.969 15.8668 
0.5 10.5 6 1 286.784 291.332 15.8668 
0.5 5.5 9.5 1 327.708 370.444 15.8668 
10.5 5.5 9.5 1 105.893 407.532 15.8668 
0.5 6.5 -0.5 1 300.897 162.55 15.8668 
0.5 8.5 -0.5 1 289.552 168.487 15.8668 
0.5 8.5 4.5 1 296.037 262.506 15.8668 
0.5 6.5 4.5 1 311.337 259.29 15.8668 
0.5 2.5 2 1 345.427 195.175 15.8668 
0.5 4.5 2 1 321.327 205.866 15.8668 
0.5 4.5 4.5 1 327.711 260.271 15.8668 
0.5 2.5 4.5 1 347.533 256.636 15.8668 
