0 0 0 1 363.812 37.5317 12.2667 
0 0 6.5 1 342.125 323.383 12.2667 
10 0 0 1 149.127 124.476 12.2667 
10 0 6.5 1 130.921 288.898 12.2667 
10 10 0 1 318.742 180.448 12.2667 
10 10 6.5 1 309.686 299.532 12.2667 
0 10 0 1 523.912 149.741 12.2667 
0 10 6.5 1 514.793 329.352 12.2667 
0 5 10 1 440.097 452.112 12.2667 
10 5 10 1 226.211 374.128 12.2667 
0 6 0 1 478.003 115.546 12.2667 
0 8 0 1 501.229 135.985 12.2667 
0 8 5 1 495.856 281.827 12.2667 
0 6 5 1 466.613 277.638 12.2667 
0 2 2.5 1 405.385 162.641 12.2667 
0 4 2.5 1 439.557 183.515 12.2667 
0 4 5 1 435.2 273.169 12.2667 
0 2 5 1 396.096 266.13 12.2667 
0.5 0.5 -0.5 1 360.346 29.5127 12.2667 
0.5 0.5 6 1 337.067 298.836 12.2667 
10.5 0.5 -0.5 1 156.675 115.679 12.2667 
10.5 0.5 6 1 142.802 278.416 12.2667 
10.5 10.5 -0.5 1 318.666 174.678 12.2667 
10.5 10.5 6 1 308.381 293.034 12.2667 
0.5 10.5 -0.5 1 514.526 145.028 12.2667 
0.5 10.5 6 1 505.138 312.728 12.2667 
0.5 5.5 9.5 1 432.877 423.999 12.2667 
10.5 5.5 9.5 1 229.938 360.646 12.2667 
0.5 6.5 -0.5 1 469.901 109.918 12.2667 
0.5 8.5 -0.5 1 496.089 125.931 12.2667 
0.5 8.5 4.5 1 490.124 265.294 12.2667 
0.5 6.5 4.5 1 459.835 262.187 12.2667 
0.5 2.5 2 1 396.214 155.78 12.2667 
0.5 4.5 2 1 434.834 169.946 12.2667 
0.5 4.5 4.5 1 428.499 253.778 12.2667 
0.5 2.5 4.5 1 391.447 248.321 12.2667 
