0 0 0 1 239.254 144.686 11.4 
0 0 6.5 1 224.505 469.613 11.4 
10 0 0 1 140.038 234.526 11.4 
10 0 6.5 1 129.107 399.669 11.4 
10 10 0 1 340.753 258.109 11.4 
10 10 6.5 1 340.781 394.897 11.4 
0 10 0 1 538.514 216.513 11.4 
0 10 6.5 1 553.908 441.064 11.4 
0 5 10 1 424.695 619.685 11.4 
10 5 10 1 241.709 486.716 11.4 
0 6 0 1 444.103 192.895 11.4 
0 8 0 1 492.311 203.381 11.4 
0 8 5 1 502.824 385.015 11.4 
0 6 5 1 451.36 383.979 11.4 
0 2 2.5 1 313.019 273.162 11.4 
0 4 2.5 1 387.425 278.404 11.4 
0 4 5 1 387.872 385.515 11.4 
0 2 5 1 312.006 387.212 11.4 
0.5 0.5 -0.5 1 251.254 140.132 11.4 
0.5 0.5 6 1 239.755 436.003 11.4 
10.5 0.5 -0.5 1 148.897 226.049 11.4 
10.5 0.5 6 1 137.424 383.683 11.4 
10.5 10.5 -0.5 1 342.799 253.503 11.4 
10.5 10.5 6 1 345.377 379.629 11.4 
0.5 10.5 -0.5 1 534.681 206.3 11.4 
0.5 10.5 6 1 548.372 416.262 11.4 
0.5 5.5 9.5 1 425.756 579.657 11.4 
10.5 5.5 9.5 1 245.809 465.922 11.4 
0.5 6.5 -0.5 1 440.232 184.07 11.4 
0.5 8.5 -0.5 1 488.073 194.536 11.4 
0.5 8.5 4.5 1 499.382 366.846 11.4 
0.5 6.5 4.5 1 446.887 360.951 11.4 
0.5 2.5 2 1 322.517 256.06 11.4 
0.5 4.5 2 1 385.843 262.537 11.4 
0.5 4.5 4.5 1 387.674 362.253 11.4 
0.5 2.5 4.5 1 318.839 363.102 11.4 
