0 0 0 1 53.0191 83.155 10.2 
0 0 6.5 1 54.0735 378.763 10.2 
10 0 0 1 137.514 201.132 10.2 
10 0 6.5 1 141.214 349.191 10.2 
10 10 0 1 360.278 187.565 10.2 
10 10 6.5 1 377.937 333.575 10.2 
0 10 0 1 476.445 67.7885 10.2 
0 10 6.5 1 518.868 341.564 10.2 
0 5 10 1 310.15 530.652 10.2 
10 5 10 1 268.131 426.42 10.2 
0 6 0 1 315.852 74.2227 10.2 
0 8 0 1 396.968 69.095 10.2 
0 8 5 1 422.731 277.67 10.2 
0 6 5 1 332.691 285.296 10.2 
0 2 2.5 1 145.117 184.165 10.2 
0 4 2.5 1 235.843 179.685 10.2 
0 4 5 1 245.756 292.531 10.2 
0 2 5 1 150.063 297.212 10.2 
0.5 0.5 -0.5 1 81.6645 74.2759 10.2 
0.5 0.5 6 1 83.9326 349.899 10.2 
10.5 0.5 -0.5 1 151.523 190.782 10.2 
10.5 0.5 6 1 154.118 335.513 10.2 
10.5 10.5 -0.5 1 368.798 180.848 10.2 
10.5 10.5 6 1 382.777 319.919 10.2 
0.5 10.5 -0.5 1 483.631 59.1699 10.2 
0.5 10.5 6 1 521.487 321.012 10.2 
0.5 5.5 9.5 1 325.649 497.785 10.2 
10.5 5.5 9.5 1 277.415 407.5 10.2 
0.5 6.5 -0.5 1 326.51 63.7779 10.2 
0.5 8.5 -0.5 1 403.93 61.32 10.2 
0.5 8.5 4.5 1 432.472 262.943 10.2 
0.5 6.5 4.5 1 347.998 265.611 10.2 
0.5 2.5 2 1 169.295 171.463 10.2 
0.5 4.5 2 1 252.871 166.491 10.2 
0.5 4.5 4.5 1 261.925 270.443 10.2 
0.5 2.5 4.5 1 175.826 275.373 10.2 
