0 0 0 1 75.2487 74.7433 6.56666 
0 0 6.5 1 63.608 221.719 6.56666 
10 0 0 1 269.141 118.941 6.56666 
10 0 6.5 1 254.649 237.59 6.56666 
10 10 0 1 402.599 76.3969 6.56666 
10 10 6.5 1 383.674 257.306 6.56666 
0 10 0 1 120.884 -18.4996 6.56666 
0 10 6.5 1 99.6432 233.102 6.56666 
0 5 10 1 70.8425 321.674 6.56666 
10 5 10 1 301.86 320.261 6.56666 
0 6 0 1 97.8223 32.5804 6.56666 
0 8 0 1 104.939 9.36046 6.56666 
0 8 5 1 93.4649 180.46 6.56666 
0 6 5 1 84.9484 185.313 6.56666 
0 2 2.5 1 78.4299 123.842 6.56666 
0 4 2.5 1 82.9282 117.03 6.56666 
0 4 5 1 76.3473 184.79 6.56666 
0 2 5 1 69.9776 187.475 6.56666 
0.5 0.5 -0.5 1 89.1942 68.3392 6.56666 
0.5 0.5 6 1 74.5075 210.439 6.56666 
10.5 0.5 -0.5 1 280.992 113.179 6.56666 
10.5 0.5 6 1 268.456 232.141 6.56666 
10.5 10.5 -0.5 1 425.524 61.9124 6.56666 
10.5 10.5 6 1 404.705 245.083 6.56666 
0.5 10.5 -0.5 1 147.446 -40.7429 6.56666 
0.5 10.5 6 1 124.194 214.751 6.56666 
0.5 5.5 9.5 1 90.4129 309.775 6.56666 
10.5 5.5 9.5 1 314.888 309.604 6.56666 
0.5 6.5 -0.5 1 116.575 15.5971 6.56666 
0.5 8.5 -0.5 1 129.846 -7.90287 6.56666 
0.5 8.5 4.5 1 113.483 163.598 6.56666 
0.5 6.5 4.5 1 106.128 169.862 6.56666 
0.5 2.5 2 1 92.2683 116.235 6.56666 
0.5 4.5 2 1 102.024 108.244 6.56666 
0.5 4.5 4.5 1 96.4273 172.218 6.56666 
0.5 2.5 4.5 1 84.727 176.545 6.56666 
