0 0 0 1 376.982 19.7014 12.4001 
0 0 6.5 1 353.636 301.995 12.4001 
10 0 0 1 150.543 106.04 12.4001 
10 0 6.5 1 134.955 272.235 12.4001 
10 10 0 1 316.24 162.099 12.4001 
10 10 6.5 1 303.194 286.471 12.4001 
0 10 0 1 523.067 136.83 12.4001 
0 10 6.5 1 509.908 308.913 12.4001 
0 5 10 1 438.464 423.018 12.4001 
10 5 10 1 223.803 356.738 12.4001 
0 6 0 1 480.387 103.251 12.4001 
0 8 0 1 506.69 122.016 12.4001 
0 8 5 1 491.518 263.272 12.4001 
0 6 5 1 466.52 260.014 12.4001 
0 2 2.5 1 412.415 150.979 12.4001 
0 4 2.5 1 448.287 165.686 12.4001 
0 4 5 1 440.309 252.593 12.4001 
0 2 5 1 403.73 247.446 12.4001 
0.5 0.5 -0.5 1 374.473 14.7758 12.4001 
0.5 0.5 6 1 351.136 276.946 12.4001 
10.5 0.5 -0.5 1 157.126 98.3971 12.4001 
10.5 0.5 6 1 138.831 260.438 12.4001 
10.5 10.5 -0.5 1 316.904 159.513 12.4001 
10.5 10.5 6 1 305.831 275.647 12.4001 
0.5 10.5 -0.5 1 512.381 131.875 12.4001 
0.5 10.5 6 1 501.81 294.114 12.4001 
0.5 5.5 9.5 1 433.659 402.011 12.4001 
10.5 5.5 9.5 1 229.147 342.246 12.4001 
0.5 6.5 -0.5 1 472.262 98.3007 12.4001 
0.5 8.5 -0.5 1 492.519 113.958 12.4001 
0.5 8.5 4.5 1 483.624 251.826 12.4001 
0.5 6.5 4.5 1 459.844 243.692 12.4001 
0.5 2.5 2 1 406.891 136.889 12.4001 
0.5 4.5 2 1 440.293 155.998 12.4001 
0.5 4.5 4.5 1 433.828 236.939 12.4001 
0.5 2.5 4.5 1 400.064 229.477 12.4001 
