0 0 0 1 202.078 240.942 4.4 
0 0 6.5 1 202.802 353.324 4.4 
10 0 0 1 381.452 223.926 4.4 
10 0 6.5 1 392.631 349.385 4.4 
10 10 0 1 401.437 150.226 4.4 
10 10 6.5 1 424.43 357.442 4.4 
0 10 0 1 116.508 181.725 4.4 
0 10 6.5 1 114.613 362.588 4.4 
0 5 10 1 167.019 442.684 4.4 
10 5 10 1 415.311 445.587 4.4 
0 6 0 1 163.966 211.918 4.4 
0 8 0 1 142.723 198.213 4.4 
0 8 5 1 141.162 321.742 4.4 
0 6 5 1 162.713 321.457 4.4 
0 2 2.5 1 191.658 276.243 4.4 
0 4 2.5 1 174.304 272.096 4.4 
0 4 5 1 178.749 324.041 4.4 
0 2 5 1 190.23 324.164 4.4 
0.5 0.5 -0.5 1 209.131 226.852 4.4 
0.5 0.5 6 1 209.668 346.223 4.4 
10.5 0.5 -0.5 1 390.583 212.532 4.4 
10.5 0.5 6 1 403.826 337.485 4.4 
10.5 10.5 -0.5 1 422.633 128.344 4.4 
10.5 10.5 6 1 443.329 339.057 4.4 
0.5 10.5 -0.5 1 124.926 163.143 4.4 
0.5 10.5 6 1 121.1 347.883 4.4 
0.5 5.5 9.5 1 172.789 429.971 4.4 
10.5 5.5 9.5 1 426.817 431.963 4.4 
0.5 6.5 -0.5 1 167.421 196.948 4.4 
0.5 8.5 -0.5 1 149.816 181.935 4.4 
0.5 8.5 4.5 1 148.057 306.55 4.4 
0.5 6.5 4.5 1 167.46 308.41 4.4 
0.5 2.5 2 1 196.625 266.019 4.4 
0.5 4.5 2 1 182.524 259.899 4.4 
0.5 4.5 4.5 1 185.152 312.12 4.4 
0.5 2.5 4.5 1 198.919 317.273 4.4 
