0 0 0 1 162.385 101.143 10.9 
0 0 6.5 1 154.887 406.774 10.9 
10 0 0 1 139.496 221.626 10.9 
10 0 6.5 1 132.773 379.647 10.9 
10 10 0 1 350.326 234.488 10.9 
10 10 6.5 1 361.058 372.734 10.9 
0 10 0 1 525.351 149.718 10.9 
0 10 6.5 1 557.499 394.505 10.9 
0 5 10 1 392.404 571.465 10.9 
10 5 10 1 255.116 463.082 10.9 
0 6 0 1 399.659 132.857 10.9 
0 8 0 1 467.539 141.259 10.9 
0 8 5 1 484.708 330.634 10.9 
0 6 5 1 413.681 331.416 10.9 
0 2 2.5 1 251.819 219.595 10.9 
0 4 2.5 1 329.619 223.932 10.9 
0 4 5 1 339.813 328.343 10.9 
0 2 5 1 250.227 330.344 10.9 
0.5 0.5 -0.5 1 179.818 96.044 10.9 
0.5 0.5 6 1 173.63 380.488 10.9 
10.5 0.5 -0.5 1 151.854 215.209 10.9 
10.5 0.5 6 1 145.692 363.784 10.9 
10.5 10.5 -0.5 1 357.943 225.686 10.9 
10.5 10.5 6 1 365.717 361.229 10.9 
0.5 10.5 -0.5 1 521.732 142.243 10.9 
0.5 10.5 6 1 553.154 372.836 10.9 
0.5 5.5 9.5 1 397.781 534.81 10.9 
10.5 5.5 9.5 1 264.186 446.509 10.9 
0.5 6.5 -0.5 1 406.33 125.319 10.9 
0.5 8.5 -0.5 1 466.385 137.033 10.9 
0.5 8.5 4.5 1 484.376 313.898 10.9 
0.5 6.5 4.5 1 417.987 312.611 10.9 
0.5 2.5 2 1 265.781 205.049 10.9 
0.5 4.5 2 1 342.361 204.732 10.9 
0.5 4.5 4.5 1 345.898 309.918 10.9 
0.5 2.5 4.5 1 269.76 308.074 10.9 
