0 0 0 1 207.241 239.79 4.33333 
0 0 6.5 1 206.327 355.149 4.33333 
10 0 0 1 382.769 226.932 4.33333 
10 0 6.5 1 395.643 349.515 4.33333 
10 10 0 1 402.791 149.857 4.33333 
10 10 6.5 1 425.281 356.855 4.33333 
0 10 0 1 118.941 179.963 4.33333 
0 10 6.5 1 115.34 366.087 4.33333 
0 5 10 1 173.376 443.548 4.33333 
10 5 10 1 415.992 445.647 4.33333 
0 6 0 1 164.28 211.721 4.33333 
0 8 0 1 145.511 197.041 4.33333 
0 8 5 1 141.129 322.929 4.33333 
0 6 5 1 165.657 324.765 4.33333 
0 2 2.5 1 194.769 278.406 4.33333 
0 4 2.5 1 181.279 275.779 4.33333 
0 4 5 1 177.946 324.326 4.33333 
0 2 5 1 196.97 328.437 4.33333 
0.5 0.5 -0.5 1 212.291 227.673 4.33333 
0.5 0.5 6 1 212.558 346.213 4.33333 
10.5 0.5 -0.5 1 396.356 210.2 4.33333 
10.5 0.5 6 1 408.544 339.874 4.33333 
10.5 10.5 -0.5 1 420.863 126.676 4.33333 
10.5 10.5 6 1 445.677 337.367 4.33333 
0.5 10.5 -0.5 1 125.589 161.757 4.33333 
0.5 10.5 6 1 119.071 348.991 4.33333 
0.5 5.5 9.5 1 178.209 433.06 4.33333 
10.5 5.5 9.5 1 433.27 434.292 4.33333 
0.5 6.5 -0.5 1 168.6 194.736 4.33333 
0.5 8.5 -0.5 1 150.67 180.454 4.33333 
0.5 8.5 4.5 1 149.269 306.196 4.33333 
0.5 6.5 4.5 1 171.357 308.512 4.33333 
0.5 2.5 2 1 199.196 263.185 4.33333 
0.5 4.5 2 1 183.838 260.014 4.33333 
0.5 4.5 4.5 1 185.581 309.446 4.33333 
0.5 2.5 4.5 1 199.565 314.743 4.33333 
