0 0 0 1 67.1044 69.8255 6.63333 
0 0 6.5 1 59.3425 216.909 6.63333 
10 0 0 1 266.825 117.432 6.63333 
10 0 6.5 1 252.977 234.088 6.63333 
10 10 0 1 405.474 69.2415 6.63333 
10 10 6.5 1 383.836 251.344 6.63333 
0 10 0 1 121.751 -25.9356 6.63333 
0 10 6.5 1 102.596 231.038 6.63333 
0 5 10 1 71.9625 317.793 6.63333 
10 5 10 1 297.512 316.445 6.63333 
0 6 0 1 95.1554 27.407 6.63333 
0 8 0 1 105.032 2.87305 6.63333 
0 8 5 1 95.6399 172.249 6.63333 
0 6 5 1 84.4043 177.29 6.63333 
0 2 2.5 1 71.5294 120.948 6.63333 
0 4 2.5 1 78.5697 112.924 6.63333 
0 4 5 1 74.4261 179.359 6.63333 
0 2 5 1 65.2789 182.875 6.63333 
0.5 0.5 -0.5 1 84.5751 59.4732 6.63333 
0.5 0.5 6 1 71.4322 207.576 6.63333 
10.5 0.5 -0.5 1 280.357 106.82 6.63333 
10.5 0.5 6 1 268.178 225.67 6.63333 
10.5 10.5 -0.5 1 428.625 54.1718 6.63333 
10.5 10.5 6 1 404.356 239.005 6.63333 
0.5 10.5 -0.5 1 148.001 -48.1577 6.63333 
0.5 10.5 6 1 131.509 213.679 6.63333 
0.5 5.5 9.5 1 87.0255 306.684 6.63333 
10.5 5.5 9.5 1 314.349 305.337 6.63333 
0.5 6.5 -0.5 1 113.053 8.20221 6.63333 
0.5 8.5 -0.5 1 130.226 -15.4452 6.63333 
0.5 8.5 4.5 1 118.805 160.045 6.63333 
0.5 6.5 4.5 1 102.876 163.773 6.63333 
0.5 2.5 2 1 88.4424 108.474 6.63333 
0.5 4.5 2 1 97.5745 101.034 6.63333 
0.5 4.5 4.5 1 90.9233 165.349 6.63333 
0.5 2.5 4.5 1 84.3747 170.024 6.63333 
