0 0 0 1 381.493 126.982 15.8334 
0 0 6.5 1 403.074 310.484 15.8334 
10 0 0 1 81.4672 131.824 15.8334 
10 0 6.5 1 103.641 347.619 15.8334 
10 10 0 1 101.578 193.829 15.8334 
10 10 6.5 1 114.833 319.786 15.8334 
0 10 0 1 290.002 182.697 15.8334 
0 10 6.5 1 298.732 295.098 15.8334 
0 5 10 1 349.326 380.91 15.8334 
10 5 10 1 118.405 419.882 15.8334 
0 6 0 1 315.639 162.709 15.8334 
0 8 0 1 302.698 174.002 15.8334 
0 8 5 1 308.286 270.926 15.8334 
0 6 5 1 326.671 268.074 15.8334 
0 2 2.5 1 362.928 202.706 15.8334 
0 4 2.5 1 339.649 210.902 15.8334 
0 4 5 1 348.798 269.767 15.8334 
0 2 5 1 369.323 265.84 15.8334 
0.5 0.5 -0.5 1 362.608 117.373 15.8334 
0.5 0.5 6 1 378.37 296.095 15.8334 
10.5 0.5 -0.5 1 66.8383 119.537 15.8334 
10.5 0.5 6 1 86.2146 333.319 15.8334 
10.5 10.5 -0.5 1 91.4245 187.162 15.8334 
10.5 10.5 6 1 105.657 310.885 15.8334 
0.5 10.5 -0.5 1 276.583 177.546 15.8334 
0.5 10.5 6 1 289.721 290.735 15.8334 
0.5 5.5 9.5 1 333.582 366.569 15.8334 
10.5 5.5 9.5 1 104.464 404.969 15.8334 
0.5 6.5 -0.5 1 300.178 155.111 15.8334 
0.5 8.5 -0.5 1 288.607 166.233 15.8334 
0.5 8.5 4.5 1 296.002 260.611 15.8334 
0.5 6.5 4.5 1 311.986 260.037 15.8334 
0.5 2.5 2 1 344.423 194.734 15.8334 
0.5 4.5 2 1 323.684 205.687 15.8334 
0.5 4.5 4.5 1 328.847 259.241 15.8334 
0.5 2.5 4.5 1 348.324 255.023 15.8334 
