0 0 0 1 19.7353 106.906 9.96669 
0 0 6.5 1 31.9017 395.073 9.96669 
10 0 0 1 138.66 201.005 9.96669 
10 0 6.5 1 145.618 351.374 9.96669 
10 10 0 1 364.757 183.084 9.96669 
10 10 6.5 1 380.383 328.215 9.96669 
0 10 0 1 455.288 68.262 9.96669 
0 10 6.5 1 500.566 358.21 9.96669 
0 5 10 1 276.375 548.004 9.96669 
10 5 10 1 270.117 421.615 9.96669 
0 6 0 1 281.382 80.5673 9.96669 
0 8 0 1 370.034 73.802 9.96669 
0 8 5 1 393.15 292.334 9.96669 
0 6 5 1 301.349 301.474 9.96669 
0 2 2.5 1 112.697 208.717 9.96669 
0 4 2.5 1 202.482 196.981 9.96669 
0 4 5 1 213.207 308.598 9.96669 
0 2 5 1 120.443 318.268 9.96669 
0.5 0.5 -0.5 1 51.6872 94.8005 9.96669 
0.5 0.5 6 1 61.7972 366.153 9.96669 
10.5 0.5 -0.5 1 150.713 191.485 9.96669 
10.5 0.5 6 1 159.977 333.04 9.96669 
10.5 10.5 -0.5 1 372.049 172.864 9.96669 
10.5 10.5 6 1 387.205 317.406 9.96669 
0.5 10.5 -0.5 1 466.994 57.0661 9.96669 
0.5 10.5 6 1 505.712 329.811 9.96669 
0.5 5.5 9.5 1 298.579 510.224 9.96669 
10.5 5.5 9.5 1 280.007 408.041 9.96669 
0.5 6.5 -0.5 1 297.634 70.5687 9.96669 
0.5 8.5 -0.5 1 383.583 62.7346 9.96669 
0.5 8.5 4.5 1 406.663 268.541 9.96669 
0.5 6.5 4.5 1 319.984 278.495 9.96669 
0.5 2.5 2 1 140.922 186.82 9.96669 
0.5 4.5 2 1 225.643 178.822 9.96669 
0.5 4.5 4.5 1 231.277 284.667 9.96669 
0.5 2.5 4.5 1 146.57 293.169 9.96669 
