0 0 0 1 124.221 213.514 5.7 
0 0 6.5 1 108.316 337.502 5.7 
10 0 0 1 305.5 237.233 5.7 
10 0 6.5 1 297.813 351.009 5.7 
10 10 0 1 399.792 198.039 5.7 
10 10 6.5 1 389.382 385.855 5.7 
0 10 0 1 107.392 154.47 5.7 
0 10 6.5 1 81.1178 370.291 5.7 
0 5 10 1 86.5011 438.832 5.7 
10 5 10 1 324.292 445.185 5.7 
0 6 0 1 113.903 184.914 5.7 
0 8 0 1 111.994 170.062 5.7 
0 8 5 1 93.9281 314.24 5.7 
0 6 5 1 98.116 314.203 5.7 
0 2 2.5 1 116.502 257.149 5.7 
0 4 2.5 1 109.833 252.647 5.7 
0 4 5 1 105.043 311.342 5.7 
0 2 5 1 109.31 308.493 5.7 
0.5 0.5 -0.5 1 132.675 202.409 5.7 
0.5 0.5 6 1 118.772 330.439 5.7 
10.5 0.5 -0.5 1 319.781 227.274 5.7 
10.5 0.5 6 1 308.635 344.795 5.7 
10.5 10.5 -0.5 1 420.596 182.792 5.7 
10.5 10.5 6 1 410.775 371.13 5.7 
0.5 10.5 -0.5 1 124.462 138.557 5.7 
0.5 10.5 6 1 97.6281 354.168 5.7 
0.5 5.5 9.5 1 103.209 431.424 5.7 
10.5 5.5 9.5 1 345.088 437.867 5.7 
0.5 6.5 -0.5 1 127.627 172.122 5.7 
0.5 8.5 -0.5 1 130.628 156.226 5.7 
0.5 8.5 4.5 1 111.403 301.109 5.7 
0.5 6.5 4.5 1 113.949 297.891 5.7 
0.5 2.5 2 1 129.348 246.455 5.7 
0.5 4.5 2 1 125.616 239.625 5.7 
0.5 4.5 4.5 1 118.096 300.67 5.7 
0.5 2.5 4.5 1 120.723 300.31 5.7 
