0 0 0 1 327.792 66.7607 1.86667 
0 0 6.5 1 327.607 200.421 1.86667 
10 0 0 1 548.648 2.30596 1.86667 
10 0 6.5 1 532.845 213.963 1.86667 
10 10 0 1 297.228 -88.2483 1.86667 
10 10 6.5 1 300.17 252.895 1.86667 
0 10 0 1 123.219 39.4055 1.86667 
0 10 6.5 1 138.684 218.424 1.86667 
0 5 10 1 245.768 282.825 1.86667 
10 5 10 1 435.758 350.55 1.86667 
0 6 0 1 216.752 54.0479 1.86667 
0 8 0 1 175.972 47.1185 1.86667 
0 8 5 1 182.465 179.337 1.86667 
0 6 5 1 224.285 179.519 1.86667 
0 2 2.5 1 296.451 117.192 1.86667 
0 4 2.5 1 263.067 116.275 1.86667 
0 4 5 1 260.444 173.849 1.86667 
0 2 5 1 296.916 175.674 1.86667 
0.5 0.5 -0.5 1 326.573 55.1478 1.86667 
0.5 0.5 6 1 324.805 193.089 1.86667 
10.5 0.5 -0.5 1 563.225 -26.6573 1.86667 
10.5 0.5 6 1 544.057 201.903 1.86667 
10.5 10.5 -0.5 1 291.004 -143.391 1.86667 
10.5 10.5 6 1 297.161 234.969 1.86667 
0.5 10.5 -0.5 1 110.439 20.4173 1.86667 
0.5 10.5 6 1 127.768 207.453 1.86667 
0.5 5.5 9.5 1 241.878 278.758 1.86667 
10.5 5.5 9.5 1 441.745 345.866 1.86667 
0.5 6.5 -0.5 1 215.831 37.0081 1.86667 
0.5 8.5 -0.5 1 165.947 28.0335 1.86667 
0.5 8.5 4.5 1 177.139 164.998 1.86667 
0.5 6.5 4.5 1 220.37 164.333 1.86667 
0.5 2.5 2 1 291.541 104.92 1.86667 
0.5 4.5 2 1 258.738 102.902 1.86667 
0.5 4.5 4.5 1 257.875 164.992 1.86667 
0.5 2.5 4.5 1 297.915 161.787 1.86667 
