0 0 0 1 305.304 110.741 11.8334 
0 0 6.5 1 287.65 419.241 11.8334 
10 0 0 1 142.776 194.597 11.8334 
10 0 6.5 1 128.86 359.407 11.8334 
10 10 0 1 328.299 232.015 11.8334 
10 10 6.5 1 320.841 359.504 11.8334 
0 10 0 1 532.584 200.792 11.8334 
0 10 6.5 1 532.172 396.63 11.8334 
0 5 10 1 435.326 549.743 11.8334 
10 5 10 1 230.231 444.937 11.8334 
0 6 0 1 462.053 174.027 11.8334 
0 8 0 1 500.651 189.233 11.8334 
0 8 5 1 499.624 351.406 11.8334 
0 6 5 1 461.448 348.8 11.8334 
0 2 2.5 1 363.736 238.703 11.8334 
0 4 2.5 1 416.866 249.432 11.8334 
0 4 5 1 413.848 347.496 11.8334 
0 2 5 1 358.291 344.688 11.8334 
0.5 0.5 -0.5 1 308.502 107.196 11.8334 
0.5 0.5 6 1 290.857 387.218 11.8334 
10.5 0.5 -0.5 1 151.661 186.114 11.8334 
10.5 0.5 6 1 137.102 346.36 11.8334 
10.5 10.5 -0.5 1 332.233 227.083 11.8334 
10.5 10.5 6 1 323.856 351.46 11.8334 
0.5 10.5 -0.5 1 526.183 192.23 11.8334 
0.5 10.5 6 1 527.814 383.293 11.8334 
0.5 5.5 9.5 1 433.782 518.937 11.8334 
10.5 5.5 9.5 1 237.149 429.803 11.8334 
0.5 6.5 -0.5 1 457.257 165.962 11.8334 
0.5 8.5 -0.5 1 494.504 179.285 11.8334 
0.5 8.5 4.5 1 493.319 335.611 11.8334 
0.5 6.5 4.5 1 454.99 330.37 11.8334 
0.5 2.5 2 1 363.287 224.82 11.8334 
0.5 4.5 2 1 415.54 237.78 11.8334 
0.5 4.5 4.5 1 409.259 326.248 11.8334 
0.5 2.5 4.5 1 360 322.634 11.8334 
