0 0 0 1 359.806 72.7865 1.2 
0 0 6.5 1 350.368 216.201 1.2 
10 0 0 1 583.295 7.3211 1.2 
10 0 6.5 1 545.363 252.851 1.2 
10 10 0 1 207.84 -84.0749 1.2 
10 10 6.5 1 203.849 267.356 1.2 
0 10 0 1 136.24 43.5057 1.2 
0 10 6.5 1 137.895 219.686 1.2 
0 5 10 1 251.429 291.652 1.2 
10 5 10 1 389.091 394.742 1.2 
0 6 0 1 235.868 54.1781 1.2 
0 8 0 1 190.094 49.1197 1.2 
0 8 5 1 189.022 181.51 1.2 
0 6 5 1 235.329 178.855 1.2 
0 2 2.5 1 320.274 127.104 1.2 
0 4 2.5 1 281.033 124.184 1.2 
0 4 5 1 281.545 180.736 1.2 
0 2 5 1 316.781 181.729 1.2 
0.5 0.5 -0.5 1 358.026 57.3122 1.2 
0.5 0.5 6 1 349.471 206.071 1.2 
10.5 0.5 -0.5 1 594.776 -27.7402 1.2 
10.5 0.5 6 1 549.024 238.38 1.2 
10.5 10.5 -0.5 1 185.962 -141.603 1.2 
10.5 10.5 6 1 187.535 248.423 1.2 
0.5 10.5 -0.5 1 124.444 22.8093 1.2 
0.5 10.5 6 1 129.323 204.737 1.2 
0.5 5.5 9.5 1 245.314 284.13 1.2 
10.5 5.5 9.5 1 387.145 384.721 1.2 
0.5 6.5 -0.5 1 228.982 39.278 1.2 
0.5 8.5 -0.5 1 181.412 30.7983 1.2 
0.5 8.5 4.5 1 180.024 165.568 1.2 
0.5 6.5 4.5 1 227.998 171.342 1.2 
0.5 2.5 2 1 315.354 114.141 1.2 
0.5 4.5 2 1 272.527 109.704 1.2 
0.5 4.5 4.5 1 271.476 172.411 1.2 
0.5 2.5 4.5 1 312.193 171.925 1.2 
