0 0 0 1 435.304 31.2307 13.4334 
0 0 6.5 1 407.38 285.567 13.4334 
10 0 0 1 136.74 60.0098 13.4334 
10 0 6.5 1 130.887 239.952 13.4334 
10 10 0 1 266.021 106.874 13.4334 
10 10 6.5 1 259.138 229.802 13.4334 
0 10 0 1 470.049 103.51 13.4334 
0 10 6.5 1 448.187 249.72 13.4334 
0 5 10 1 422.331 354.014 13.4334 
10 5 10 1 203.685 305.101 13.4334 
0 6 0 1 459.412 81.8291 13.4334 
0 8 0 1 465.255 98.6796 13.4334 
0 8 5 1 448.642 220.958 13.4334 
0 6 5 1 442.396 222.173 13.4334 
0 2 2.5 1 434.511 142.389 13.4334 
0 4 2.5 1 443.877 145.701 13.4334 
0 4 5 1 436.685 226.716 13.4334 
0 2 5 1 423.907 228.427 13.4334 
0.5 0.5 -0.5 1 420.279 19.4624 13.4334 
0.5 0.5 6 1 398.479 261.854 13.4334 
10.5 0.5 -0.5 1 133.948 49.8645 13.4334 
10.5 0.5 6 1 131.56 227.317 13.4334 
10.5 10.5 -0.5 1 261.725 101.237 13.4334 
10.5 10.5 6 1 253.401 218.088 13.4334 
0.5 10.5 -0.5 1 457.408 95.7287 13.4334 
0.5 10.5 6 1 440.215 236.457 13.4334 
0.5 5.5 9.5 1 414.631 336.152 13.4334 
10.5 5.5 9.5 1 201.39 293.611 13.4334 
0.5 6.5 -0.5 1 447.663 72.9166 13.4334 
0.5 8.5 -0.5 1 455.308 81.7701 13.4334 
0.5 8.5 4.5 1 439.253 206.453 13.4334 
0.5 6.5 4.5 1 431.95 207.142 13.4334 
0.5 2.5 2 1 424.641 125.571 13.4334 
0.5 4.5 2 1 432.241 136.507 13.4334 
0.5 4.5 4.5 1 423.053 209.497 13.4334 
0.5 2.5 4.5 1 413.476 209.871 13.4334 
