0 0 0 1 434.613 -59.0162 14.2667 
0 0 6.5 1 419.598 186.796 14.2667 
10 0 0 1 97.279 -20.0873 14.2667 
10 0 6.5 1 109.928 187.493 14.2667 
10 10 0 1 201.071 56.8497 14.2667 
10 10 6.5 1 209.091 176.913 14.2667 
0 10 0 1 401.933 35.4613 14.2667 
0 10 6.5 1 396.962 175.921 14.2667 
0 5 10 1 398.191 265.463 14.2667 
10 5 10 1 173.066 257.466 14.2667 
0 6 0 1 409.932 11.7279 14.2667 
0 8 0 1 407.501 26.1945 14.2667 
0 8 5 1 400.527 142.476 14.2667 
0 6 5 1 401.476 142.36 14.2667 
0 2 2.5 1 418.384 57.2817 14.2667 
0 4 2.5 1 410.605 69.4542 14.2667 
0 4 5 1 410.481 136.451 14.2667 
0 2 5 1 412.744 136.571 14.2667 
0.5 0.5 -0.5 1 412.29 -67.1894 14.2667 
0.5 0.5 6 1 400.724 165.529 14.2667 
10.5 0.5 -0.5 1 91.5462 -33.4062 14.2667 
10.5 0.5 6 1 103.23 169.604 14.2667 
10.5 10.5 -0.5 1 197.114 43.827 14.2667 
10.5 10.5 6 1 202.088 165.651 14.2667 
0.5 10.5 -0.5 1 396.754 26.711 14.2667 
0.5 10.5 6 1 385.798 167.134 14.2667 
0.5 5.5 9.5 1 388.016 249.503 14.2667 
10.5 5.5 9.5 1 168.988 244.537 14.2667 
0.5 6.5 -0.5 1 398.823 1.92315 14.2667 
0.5 8.5 -0.5 1 397.679 15.9726 14.2667 
0.5 8.5 4.5 1 388.984 133.62 14.2667 
0.5 6.5 4.5 1 391.102 128.096 14.2667 
0.5 2.5 2 1 402.28 46.0598 14.2667 
0.5 4.5 2 1 397.401 58.5815 14.2667 
0.5 4.5 4.5 1 394.777 129.951 14.2667 
0.5 2.5 4.5 1 395.58 122.819 14.2667 
