0 0 0 1 -73.1233 -20.9264 8.4 
0 0 6.5 1 -33.8216 209.081 8.4 
10 0 0 1 158.852 52.4472 8.4 
10 0 6.5 1 167.744 190.485 8.4 
10 10 0 1 371.794 4.79049 8.4 
10 10 6.5 1 368.508 180.641 8.4 
0 10 0 1 227.345 -157.58 8.4 
0 10 6.5 1 246.858 201.323 8.4 
0 5 10 1 92.1 337.446 8.4 
10 5 10 1 260.616 263.311 8.4 
0 6 0 1 75.1933 -88.9208 8.4 
0 8 0 1 140.428 -121.7 8.4 
0 8 5 1 165.298 135.331 8.4 
0 6 5 1 95.0126 140.598 8.4 
0 2 2.5 1 -21.6614 61.0514 8.4 
0 4 2.5 1 31.6722 47.3949 8.4 
0 4 5 1 42.7761 149.857 8.4 
0 2 5 1 -1.47814 152.242 8.4 
0.5 0.5 -0.5 1 -46.5795 -39.2594 8.4 
0.5 0.5 6 1 -14.8386 192.82 8.4 
10.5 0.5 -0.5 1 171.914 40.571 8.4 
10.5 0.5 6 1 180.159 178.86 8.4 
10.5 10.5 -0.5 1 385.202 -6.99633 8.4 
10.5 10.5 6 1 388.623 168.074 8.4 
0.5 10.5 -0.5 1 265.791 -186.238 8.4 
0.5 10.5 6 1 277.308 176.166 8.4 
0.5 5.5 9.5 1 116.673 313.088 8.4 
10.5 5.5 9.5 1 277.452 251.631 8.4 
0.5 6.5 -0.5 1 104.661 -111.332 8.4 
0.5 8.5 -0.5 1 176.492 -147.165 8.4 
0.5 8.5 4.5 1 193.922 111.628 8.4 
0.5 6.5 4.5 1 128.172 118.424 8.4 
0.5 2.5 2 1 10.7477 39.3876 8.4 
0.5 4.5 2 1 59.3422 31.199 8.4 
0.5 4.5 4.5 1 68.1728 125.695 8.4 
0.5 2.5 4.5 1 24.6279 134.999 8.4 
