0 0 0 1 383.262 15.8531 12.4334 
0 0 6.5 1 357.17 297.601 12.4334 
10 0 0 1 151.437 99.2284 12.4334 
10 0 6.5 1 134.217 267.719 12.4334 
10 10 0 1 313.847 160.382 12.4334 
10 10 6.5 1 303.807 285.724 12.4334 
0 10 0 1 524.576 134.192 12.4334 
0 10 6.5 1 507.542 305.375 12.4334 
0 5 10 1 439.369 418.41 12.4334 
10 5 10 1 225.227 351.187 12.4334 
0 6 0 1 483.432 99.387 12.4334 
0 8 0 1 503.157 117.127 12.4334 
0 8 5 1 492.53 261.759 12.4334 
0 6 5 1 467.443 259.035 12.4334 
0 2 2.5 1 414.777 143.475 12.4334 
0 4 2.5 1 449.972 166.268 12.4334 
0 4 5 1 439.576 251.033 12.4334 
0 2 5 1 406.504 242.121 12.4334 
0.5 0.5 -0.5 1 377.139 15.5 12.4334 
0.5 0.5 6 1 354.907 275.447 12.4334 
10.5 0.5 -0.5 1 158.3 91.6461 12.4334 
10.5 0.5 6 1 140.632 256.011 12.4334 
10.5 10.5 -0.5 1 314.629 154.774 12.4334 
10.5 10.5 6 1 303.683 271.768 12.4334 
0.5 10.5 -0.5 1 513.788 126.88 12.4334 
0.5 10.5 6 1 497.591 289.561 12.4334 
0.5 5.5 9.5 1 433.704 396.736 12.4334 
10.5 5.5 9.5 1 228.452 341.398 12.4334 
0.5 6.5 -0.5 1 473.52 91.7473 12.4334 
0.5 8.5 -0.5 1 492.208 110.771 12.4334 
0.5 8.5 4.5 1 482.04 245.56 12.4334 
0.5 6.5 4.5 1 460.675 245.523 12.4334 
0.5 2.5 2 1 411.55 133.189 12.4334 
0.5 4.5 2 1 439.253 149.65 12.4334 
0.5 4.5 4.5 1 432.48 234.533 12.4334 
0.5 2.5 4.5 1 400.057 227.231 12.4334 
