0 0 0 1 372.335 134.79 16.2668 
0 0 6.5 1 394.274 312.306 16.2668 
10 0 0 1 89.2757 116.863 16.2668 
10 0 6.5 1 102.406 345.199 16.2668 
10 10 0 1 80.7129 197.274 16.2668 
10 10 6.5 1 88.0335 334.238 16.2668 
0 10 0 1 266.549 201.56 16.2668 
0 10 6.5 1 275.974 315.296 16.2668 
0 5 10 1 332.012 393.639 16.2668 
10 5 10 1 96.2878 433.372 16.2668 
0 6 0 1 300.685 181.427 16.2668 
0 8 0 1 283.744 193.092 16.2668 
0 8 5 1 287.688 286.737 16.2668 
0 6 5 1 308.139 283.044 16.2668 
0 2 2.5 1 351.717 214.895 16.2668 
0 4 2.5 1 321.54 226.051 16.2668 
0 4 5 1 328.743 280.653 16.2668 
0 2 5 1 354.806 273.018 16.2668 
0.5 0.5 -0.5 1 354.618 126.213 16.2668 
0.5 0.5 6 1 374.808 300.974 16.2668 
10.5 0.5 -0.5 1 69.267 105.806 16.2668 
10.5 0.5 6 1 78.0298 326.881 16.2668 
10.5 10.5 -0.5 1 69.8859 192.83 16.2668 
10.5 10.5 6 1 71.6114 322.794 16.2668 
0.5 10.5 -0.5 1 254.643 194.705 16.2668 
0.5 10.5 6 1 264.841 308.314 16.2668 
0.5 5.5 9.5 1 315.949 379.338 16.2668 
10.5 5.5 9.5 1 79.8317 421.368 16.2668 
0.5 6.5 -0.5 1 283.817 175.3 16.2668 
0.5 8.5 -0.5 1 269.667 188.666 16.2668 
0.5 8.5 4.5 1 276.798 273.753 16.2668 
0.5 6.5 4.5 1 294.605 275.768 16.2668 
0.5 2.5 2 1 333.24 203.918 16.2668 
0.5 4.5 2 1 309.151 215.8 16.2668 
0.5 4.5 4.5 1 314.292 269.604 16.2668 
0.5 2.5 4.5 1 342.014 266.536 16.2668 
