0 0 0 1 110.993 178.091 5.93333 
0 0 6.5 1 94.8977 306.924 5.93333 
10 0 0 1 295.929 203.352 5.93333 
10 0 6.5 1 283.525 321.189 5.93333 
10 10 0 1 401.695 165.318 5.93333 
10 10 6.5 1 386.921 348.918 5.93333 
0 10 0 1 110.277 109.741 5.93333 
0 10 6.5 1 83.6475 329.081 5.93333 
0 5 10 1 81.1486 402.163 5.93333 
10 5 10 1 317.894 409.401 5.93333 
0 6 0 1 114.497 144.624 5.93333 
0 8 0 1 109.734 130.311 5.93333 
0 8 5 1 94.0804 275.559 5.93333 
0 6 5 1 95.0081 275.545 5.93333 
0 2 2.5 1 106.323 222.718 5.93333 
0 4 2.5 1 104.159 218.661 5.93333 
0 4 5 1 98.3189 275.145 5.93333 
0 2 5 1 97.8029 275.473 5.93333 
0.5 0.5 -0.5 1 121.732 166.65 5.93333 
0.5 0.5 6 1 106.041 298.8 5.93333 
10.5 0.5 -0.5 1 308.064 199.376 5.93333 
10.5 0.5 6 1 295.617 312.846 5.93333 
10.5 10.5 -0.5 1 421.356 151.255 5.93333 
10.5 10.5 6 1 408.109 335.448 5.93333 
0.5 10.5 -0.5 1 129.892 90.7035 5.93333 
0.5 10.5 6 1 102.369 311.364 5.93333 
0.5 5.5 9.5 1 96.9551 396.458 5.93333 
10.5 5.5 9.5 1 333.348 402.987 5.93333 
0.5 6.5 -0.5 1 129.188 133.085 5.93333 
0.5 8.5 -0.5 1 127.972 118.373 5.93333 
0.5 8.5 4.5 1 112.488 264.22 5.93333 
0.5 6.5 4.5 1 109.702 265.764 5.93333 
0.5 2.5 2 1 117.337 211.484 5.93333 
0.5 4.5 2 1 119.617 206.005 5.93333 
0.5 4.5 4.5 1 111.545 262.3 5.93333 
0.5 2.5 4.5 1 112.759 266.095 5.93333 
