0 0 0 1 386.292 89.4131 19.7 
0 0 6.5 1 372.724 247.928 19.7 
10 0 0 1 481.221 -18.5783 19.7 
10 0 6.5 1 443.25 305.874 19.7 
10 10 0 1 -1.4109 -34.2827 19.7 
10 10 6.5 1 7.38534 267.269 19.7 
0 10 0 1 150.031 77.6132 19.7 
0 10 6.5 1 147.114 229.573 19.7 
0 5 10 1 250.968 317.54 19.7 
10 5 10 1 204.505 431.366 19.7 
0 6 0 1 244.374 81.6202 19.7 
0 8 0 1 196.701 80.1524 19.7 
0 8 5 1 192.693 196.068 19.7 
0 6 5 1 235.335 203.213 19.7 
0 2 2.5 1 333.26 150.151 19.7 
0 4 2.5 1 289.534 146.244 19.7 
0 4 5 1 281.014 205.949 19.7 
0 2 5 1 330.534 208.691 19.7 
0.5 0.5 -0.5 1 380.327 74.1045 19.7 
0.5 0.5 6 1 365.246 233.718 19.7 
10.5 0.5 -0.5 1 469.378 -62.583 19.7 
10.5 0.5 6 1 424.938 284.182 19.7 
10.5 10.5 -0.5 1 -41.5412 -69.2013 19.7 
10.5 10.5 6 1 -33.4434 246.499 19.7 
0.5 10.5 -0.5 1 137.35 62.9179 19.7 
0.5 10.5 6 1 131.007 218.524 19.7 
0.5 5.5 9.5 1 239.408 305.648 19.7 
10.5 5.5 9.5 1 182.176 418.301 19.7 
0.5 6.5 -0.5 1 231.741 66.8179 19.7 
0.5 8.5 -0.5 1 182.09 64.1007 19.7 
0.5 8.5 4.5 1 177.285 187.473 19.7 
0.5 6.5 4.5 1 223.534 190.272 19.7 
0.5 2.5 2 1 321.154 132.378 19.7 
0.5 4.5 2 1 275.111 132.16 19.7 
0.5 4.5 4.5 1 273.946 193.143 19.7 
0.5 2.5 4.5 1 319.386 192.692 19.7 
