0 0 0 1 -71.4727 -22.8879 8.33333 
0 0 6.5 1 -35.1185 203.797 8.33333 
10 0 0 1 163.506 50.1073 8.33333 
10 0 6.5 1 174.133 191.06 8.33333 
10 10 0 1 373.163 3.87316 8.33333 
10 10 6.5 1 373.095 184.474 8.33333 
0 10 0 1 221.764 -156.789 8.33333 
0 10 6.5 1 236.966 199.593 8.33333 
0 5 10 1 87.9854 335.548 8.33333 
10 5 10 1 261.864 260.793 8.33333 
0 6 0 1 70.7309 -87.0797 8.33333 
0 8 0 1 138.087 -118.547 8.33333 
0 8 5 1 156.38 136.548 8.33333 
0 6 5 1 96.8467 143.126 8.33333 
0 2 2.5 1 -14.5785 59.2814 8.33333 
0 4 2.5 1 31.2355 46.7245 8.33333 
0 4 5 1 41.9444 148.146 8.33333 
0 2 5 1 -4.86294 150.928 8.33333 
0.5 0.5 -0.5 1 -44.3751 -40.7503 8.33333 
0.5 0.5 6 1 -8.23615 187.846 8.33333 
10.5 0.5 -0.5 1 176.991 38.2114 8.33333 
10.5 0.5 6 1 183.678 177.689 8.33333 
10.5 10.5 -0.5 1 389.127 -10.9259 8.33333 
10.5 10.5 6 1 390.166 166.77 8.33333 
0.5 10.5 -0.5 1 256.502 -184.925 8.33333 
0.5 10.5 6 1 271.13 178.552 8.33333 
0.5 5.5 9.5 1 113.628 314.868 8.33333 
10.5 5.5 9.5 1 277.252 252.342 8.33333 
0.5 6.5 -0.5 1 103.323 -109.915 8.33333 
0.5 8.5 -0.5 1 169.564 -146.834 8.33333 
0.5 8.5 4.5 1 188.288 111.875 8.33333 
0.5 6.5 4.5 1 122.1 122.23 8.33333 
0.5 2.5 2 1 9.36677 41.8648 8.33333 
0.5 4.5 2 1 56.4786 27.0244 8.33333 
0.5 4.5 4.5 1 66.2712 128.608 8.33333 
0.5 2.5 4.5 1 21.7665 134.924 8.33333 
