0 0 0 1 137.466 240.609 5.43333 
0 0 6.5 1 125.298 365.125 5.43333 
10 0 0 1 320.064 253.027 5.43333 
10 0 6.5 1 314.734 373.321 5.43333 
10 10 0 1 401.759 217.514 5.43333 
10 10 6.5 1 398.534 408.64 5.43333 
0 10 0 1 106.94 187.667 5.43333 
0 10 6.5 1 77.8166 396.223 5.43333 
0 5 10 1 99.9212 466.031 5.43333 
10 5 10 1 339.99 473.392 5.43333 
0 6 0 1 121.747 213.793 5.43333 
0 8 0 1 116.017 206.32 5.43333 
0 8 5 1 102.153 341.173 5.43333 
0 6 5 1 105.185 338.862 5.43333 
0 2 2.5 1 128.172 284.652 5.43333 
0 4 2.5 1 122.639 278.642 5.43333 
0 4 5 1 115.168 339.671 5.43333 
0 2 5 1 124.397 337.748 5.43333 
0.5 0.5 -0.5 1 146.761 229.842 5.43333 
0.5 0.5 6 1 135.948 357.033 5.43333 
10.5 0.5 -0.5 1 332.582 246.399 5.43333 
10.5 0.5 6 1 324.805 368.465 5.43333 
10.5 10.5 -0.5 1 418.684 200.396 5.43333 
10.5 10.5 6 1 417.939 395.333 5.43333 
0.5 10.5 -0.5 1 122.364 167.218 5.43333 
0.5 10.5 6 1 97.893 382.779 5.43333 
0.5 5.5 9.5 1 109.196 456.87 5.43333 
10.5 5.5 9.5 1 358.115 464.079 5.43333 
0.5 6.5 -0.5 1 135.42 200.585 5.43333 
0.5 8.5 -0.5 1 129.717 186.989 5.43333 
0.5 8.5 4.5 1 114.865 326.683 5.43333 
0.5 6.5 4.5 1 123.796 326.675 5.43333 
0.5 2.5 2 1 141.597 273.078 5.43333 
0.5 4.5 2 1 135.247 266.508 5.43333 
0.5 4.5 4.5 1 130.997 328.682 5.43333 
0.5 2.5 4.5 1 136.034 327.69 5.43333 
