0 0 0 1 371.912 174.874 16.7334 
0 0 6.5 1 391.558 350.002 16.7334 
10 0 0 1 109.14 128.192 16.7334 
10 0 6.5 1 108.022 370.688 16.7334 
10 10 0 1 54.7151 217.159 16.7334 
10 10 6.5 1 52.0154 359.161 16.7334 
0 10 0 1 246.977 231.532 16.7334 
0 10 6.5 1 251.655 349.546 16.7334 
0 5 10 1 311.022 430.353 16.7334 
10 5 10 1 71.3461 475.951 16.7334 
0 6 0 1 286.013 214.805 16.7334 
0 8 0 1 264.515 221.529 16.7334 
0 8 5 1 270.12 316.276 16.7334 
0 6 5 1 291.305 314.433 16.7334 
0 2 2.5 1 342.813 248.519 16.7334 
0 4 2.5 1 314.551 256.885 16.7334 
0 4 5 1 314.841 315.451 16.7334 
0 2 5 1 349.342 310.636 16.7334 
0.5 0.5 -0.5 1 352.67 165.827 16.7334 
0.5 0.5 6 1 367.416 334.742 16.7334 
10.5 0.5 -0.5 1 87.4637 116.547 16.7334 
10.5 0.5 6 1 79.9388 348.936 16.7334 
10.5 10.5 -0.5 1 43.9339 206.615 16.7334 
10.5 10.5 6 1 38.6147 351.374 16.7334 
0.5 10.5 -0.5 1 234.219 223.525 16.7334 
0.5 10.5 6 1 234.752 335.959 16.7334 
0.5 5.5 9.5 1 293.554 420.47 16.7334 
10.5 5.5 9.5 1 51.2017 458.251 16.7334 
0.5 6.5 -0.5 1 271.117 206.184 16.7334 
0.5 8.5 -0.5 1 248.292 216.915 16.7334 
0.5 8.5 4.5 1 254.588 308.824 16.7334 
0.5 6.5 4.5 1 280.178 309.307 16.7334 
0.5 2.5 2 1 325.258 240.382 16.7334 
0.5 4.5 2 1 297.149 246.722 16.7334 
0.5 4.5 4.5 1 302.22 303.15 16.7334 
0.5 2.5 4.5 1 331.298 297.532 16.7334 
