0 0 0 1 357.839 75.8919 1.3 
0 0 6.5 1 346.013 215.504 1.3 
10 0 0 1 580.479 11.7248 1.3 
10 0 6.5 1 546.673 250.626 1.3 
10 10 0 1 224.907 -75.6862 1.3 
10 10 6.5 1 216.52 277.226 1.3 
0 10 0 1 135.743 49.9801 1.3 
0 10 6.5 1 139.137 219.009 1.3 
0 5 10 1 251.678 296.081 1.3 
10 5 10 1 396.057 393.512 1.3 
0 6 0 1 236.269 60.5722 1.3 
0 8 0 1 185.026 54.54 1.3 
0 8 5 1 187.333 182.104 1.3 
0 6 5 1 233.395 180.84 1.3 
0 2 2.5 1 318.514 127.882 1.3 
0 4 2.5 1 276.605 127.64 1.3 
0 4 5 1 277.537 182.914 1.3 
0 2 5 1 313.057 184.872 1.3 
0.5 0.5 -0.5 1 356.61 59.8293 1.3 
0.5 0.5 6 1 346.645 204.951 1.3 
10.5 0.5 -0.5 1 592.537 -18.9821 1.3 
10.5 0.5 6 1 548.969 237.121 1.3 
10.5 10.5 -0.5 1 205.854 -123.803 1.3 
10.5 10.5 6 1 201.895 258.752 1.3 
0.5 10.5 -0.5 1 124.835 28.6172 1.3 
0.5 10.5 6 1 126.375 206.658 1.3 
0.5 5.5 9.5 1 246.389 286.141 1.3 
10.5 5.5 9.5 1 393.95 387.278 1.3 
0.5 6.5 -0.5 1 226.723 41.8275 1.3 
0.5 8.5 -0.5 1 176.789 31.9852 1.3 
0.5 8.5 4.5 1 176.85 171.07 1.3 
0.5 6.5 4.5 1 225.711 171.965 1.3 
0.5 2.5 2 1 314.352 119.182 1.3 
0.5 4.5 2 1 271.461 110.629 1.3 
0.5 4.5 4.5 1 270.994 174.089 1.3 
0.5 2.5 4.5 1 310.247 173.391 1.3 
