0 0 0 1 417.532 8.75251 12.8334 
0 0 6.5 1 384.638 283.156 12.8334 
10 0 0 1 149.271 68.6618 12.8334 
10 0 6.5 1 134.148 242.64 12.8334 
10 10 0 1 297.266 132.693 12.8334 
10 10 6.5 1 288.208 253.328 12.8334 
0 10 0 1 505.183 116.525 12.8334 
0 10 6.5 1 485.688 277.077 12.8334 
0 5 10 1 435.134 385.507 12.8334 
10 5 10 1 218.482 324.101 12.8334 
0 6 0 1 483.009 87.4783 12.8334 
0 8 0 1 496.652 103.319 12.8334 
0 8 5 1 476.638 238.885 12.8334 
0 6 5 1 463.468 236.976 12.8334 
0 2 2.5 1 432.616 132.567 12.8334 
0 4 2.5 1 452.595 149.119 12.8334 
0 4 5 1 447.359 231.069 12.8334 
0 2 5 1 421.79 229.672 12.8334 
0.5 0.5 -0.5 1 410.22 1.42676 12.8334 
0.5 0.5 6 1 376.996 260.556 12.8334 
10.5 0.5 -0.5 1 153.323 65.9877 12.8334 
10.5 0.5 6 1 141.063 231.089 12.8334 
10.5 10.5 -0.5 1 296.6 125.262 12.8334 
10.5 10.5 6 1 288.155 243.648 12.8334 
0.5 10.5 -0.5 1 496.505 105.553 12.8334 
0.5 10.5 6 1 480.172 263.817 12.8334 
0.5 5.5 9.5 1 425.655 364.329 12.8334 
10.5 5.5 9.5 1 217.84 310.544 12.8334 
0.5 6.5 -0.5 1 471.836 77.9922 12.8334 
0.5 8.5 -0.5 1 483.243 95.6439 12.8334 
0.5 8.5 4.5 1 472.137 225.413 12.8334 
0.5 6.5 4.5 1 454.845 220.04 12.8334 
0.5 2.5 2 1 424.039 123.438 12.8334 
0.5 4.5 2 1 445.985 137.419 12.8334 
0.5 4.5 4.5 1 434.189 216.901 12.8334 
0.5 2.5 4.5 1 416.102 210.938 12.8334 
