0 0 0 1 384.339 140.873 18.6334 
0 0 6.5 1 369.05 301.019 18.6334 
10 0 0 1 309.233 -7.95374 18.6334 
10 0 6.5 1 280.972 304.092 18.6334 
10 10 0 1 -9.7365 48.7067 18.6334 
10 10 6.5 1 -36.0871 265.467 18.6334 
0 10 0 1 175.994 147.284 18.6334 
0 10 6.5 1 163.813 279.266 18.6334 
0 5 10 1 248.415 365.15 18.6334 
10 5 10 1 75.9173 423.391 18.6334 
0 6 0 1 251.834 145.791 18.6334 
0 8 0 1 212.323 145.053 18.6334 
0 8 5 1 202.45 250.766 18.6334 
0 6 5 1 237.895 250.682 18.6334 
0 2 2.5 1 330.502 198.24 18.6334 
0 4 2.5 1 286.159 199.018 18.6334 
0 4 5 1 280.74 257.8 18.6334 
0 2 5 1 323.642 257.563 18.6334 
0.5 0.5 -0.5 1 371.842 123.185 18.6334 
0.5 0.5 6 1 355.813 286.747 18.6334 
10.5 0.5 -0.5 1 279.96 -44.2943 18.6334 
10.5 0.5 6 1 251.399 275.863 18.6334 
10.5 10.5 -0.5 1 -38.1775 26.7736 18.6334 
10.5 10.5 6 1 -68.9778 245.283 18.6334 
0.5 10.5 -0.5 1 166.166 135.472 18.6334 
0.5 10.5 6 1 152.453 263.97 18.6334 
0.5 5.5 9.5 1 233.55 355.348 18.6334 
10.5 5.5 9.5 1 48.9127 405.454 18.6334 
0.5 6.5 -0.5 1 237.35 127.506 18.6334 
0.5 8.5 -0.5 1 198.628 131.124 18.6334 
0.5 8.5 4.5 1 187.459 233.894 18.6334 
0.5 6.5 4.5 1 229.537 238.636 18.6334 
0.5 2.5 2 1 318.241 183.321 18.6334 
0.5 4.5 2 1 274.564 185.811 18.6334 
0.5 4.5 4.5 1 268.458 243.435 18.6334 
0.5 2.5 4.5 1 310.818 245.86 18.6334 
