0 0 0 1 203.867 130.815 11.1667 
0 0 6.5 1 191.342 450.644 11.1667 
10 0 0 1 141.306 231.91 11.1667 
10 0 6.5 1 130.746 394.564 11.1667 
10 10 0 1 350.649 253.499 11.1667 
10 10 6.5 1 355.026 390.773 11.1667 
0 10 0 1 535.985 191.932 11.1667 
0 10 6.5 1 558.481 428.169 11.1667 
0 5 10 1 412.66 614.953 11.1667 
10 5 10 1 249.009 483.49 11.1667 
0 6 0 1 424.761 171.904 11.1667 
0 8 0 1 480.512 185.907 11.1667 
0 8 5 1 499.872 371.576 11.1667 
0 6 5 1 440.187 369.036 11.1667 
0 2 2.5 1 285.593 253.421 11.1667 
0 4 2.5 1 362.953 261.291 11.1667 
0 4 5 1 368.181 373.208 11.1667 
0 2 5 1 287.248 368.275 11.1667 
0.5 0.5 -0.5 1 219.918 123.501 11.1667 
0.5 0.5 6 1 208.802 415.922 11.1667 
10.5 0.5 -0.5 1 151.036 225.063 11.1667 
10.5 0.5 6 1 142.835 379.222 11.1667 
10.5 10.5 -0.5 1 354.364 248.795 11.1667 
10.5 10.5 6 1 355.484 379.965 11.1667 
0.5 10.5 -0.5 1 528.548 185.176 11.1667 
0.5 10.5 6 1 552.584 405.485 11.1667 
0.5 5.5 9.5 1 417.022 572.858 11.1667 
10.5 5.5 9.5 1 257.13 465.122 11.1667 
0.5 6.5 -0.5 1 424.889 168.14 11.1667 
0.5 8.5 -0.5 1 484.783 175.141 11.1667 
0.5 8.5 4.5 1 498.664 349.531 11.1667 
0.5 6.5 4.5 1 439.125 349.232 11.1667 
0.5 2.5 2 1 294.669 237.189 11.1667 
0.5 4.5 2 1 366.801 248.179 11.1667 
0.5 4.5 4.5 1 371.615 346.861 11.1667 
0.5 2.5 4.5 1 294.906 347.582 11.1667 
