0 0 0 1 442.234 -5.97432 13.8334 
0 0 6.5 1 417.974 239.892 13.8334 
10 0 0 1 116.774 24.8466 13.8334 
10 0 6.5 1 123.664 215.736 13.8334 
10 10 0 1 238.694 80.1967 13.8334 
10 10 6.5 1 238.593 202.349 13.8334 
0 10 0 1 438.181 71.7091 13.8334 
0 10 6.5 1 424.991 213.647 13.8334 
0 5 10 1 413.182 313.49 13.8334 
10 5 10 1 188.793 283.876 13.8334 
0 6 0 1 440.717 48.3739 13.8334 
0 8 0 1 441.378 60.7717 13.8334 
0 8 5 1 427.653 183.728 13.8334 
0 6 5 1 426.997 183.579 13.8334 
0 2 2.5 1 429.978 104.496 13.8334 
0 4 2.5 1 434.219 112.029 13.8334 
0 4 5 1 423.781 182.659 13.8334 
0 2 5 1 422.089 187.135 13.8334 
0.5 0.5 -0.5 1 421.298 -18.8338 13.8334 
0.5 0.5 6 1 403.008 219.209 13.8334 
10.5 0.5 -0.5 1 117.086 11.9141 13.8334 
10.5 0.5 6 1 123.733 203.154 13.8334 
10.5 10.5 -0.5 1 235.371 72.8874 13.8334 
10.5 10.5 6 1 232.601 191.571 13.8334 
0.5 10.5 -0.5 1 427.484 60.3758 13.8334 
0.5 10.5 6 1 413.454 200.429 13.8334 
0.5 5.5 9.5 1 403.091 293.707 13.8334 
10.5 5.5 9.5 1 190.595 266.783 13.8334 
0.5 6.5 -0.5 1 427.481 40.6838 13.8334 
0.5 8.5 -0.5 1 429.273 51.3013 13.8334 
0.5 8.5 4.5 1 419.067 171.582 13.8334 
0.5 6.5 4.5 1 417.597 171.165 13.8334 
0.5 2.5 2 1 416.373 91.6005 13.8334 
0.5 4.5 2 1 419.667 100.43 13.8334 
0.5 4.5 4.5 1 411.544 171.465 13.8334 
0.5 2.5 4.5 1 413.192 171.491 13.8334 
