0 0 0 1 371.289 235.6 17.3001 
0 0 6.5 1 382.468 413.038 17.3001 
10 0 0 1 140.359 174.851 17.3001 
10 0 6.5 1 124.109 454.311 17.3001 
10 10 0 1 24.1823 240.013 17.3001 
10 10 6.5 1 4.57447 406.134 17.3001 
0 10 0 1 221.96 267.484 17.3001 
0 10 6.5 1 218.381 393.821 17.3001 
0 5 10 1 284.572 485.561 17.3001 
10 5 10 1 37.8515 553.333 17.3001 
0 6 0 1 266.544 258.966 17.3001 
0 8 0 1 243.794 267.458 17.3001 
0 8 5 1 241.221 362.586 17.3001 
0 6 5 1 269.318 365.887 17.3001 
0 2 2.5 1 333.579 303.375 17.3001 
0 4 2.5 1 297.107 306.163 17.3001 
0 4 5 1 300.552 367.051 17.3001 
0 2 5 1 337.065 368.75 17.3001 
0.5 0.5 -0.5 1 355.829 226.155 17.3001 
0.5 0.5 6 1 360.507 400.143 17.3001 
10.5 0.5 -0.5 1 112.741 155.387 17.3001 
10.5 0.5 6 1 94.2394 429.329 17.3001 
10.5 10.5 -0.5 1 9.79535 228.426 17.3001 
10.5 10.5 6 1 -12.7506 392.601 17.3001 
0.5 10.5 -0.5 1 205.882 257.902 17.3001 
0.5 10.5 6 1 201.972 382.115 17.3001 
0.5 5.5 9.5 1 267.892 475.081 17.3001 
10.5 5.5 9.5 1 13.7332 534.955 17.3001 
0.5 6.5 -0.5 1 252.694 249.947 17.3001 
0.5 8.5 -0.5 1 228.242 255.539 17.3001 
0.5 8.5 4.5 1 227.978 353.635 17.3001 
0.5 6.5 4.5 1 253.645 355.166 17.3001 
0.5 2.5 2 1 316.993 291.438 17.3001 
0.5 4.5 2 1 282.275 294.16 17.3001 
0.5 4.5 4.5 1 284.02 354.35 17.3001 
0.5 2.5 4.5 1 319.764 354.957 17.3001 
