0 0 0 1 372.434 179.144 16.7668 
0 0 6.5 1 393.918 352.428 16.7668 
10 0 0 1 108.742 130.642 16.7668 
10 0 6.5 1 106.35 377.465 16.7668 
10 10 0 1 54.4286 218.124 16.7668 
10 10 6.5 1 50.1605 363.193 16.7668 
0 10 0 1 244.737 232.737 16.7668 
0 10 6.5 1 249.142 351.726 16.7668 
0 5 10 1 312.283 432.502 16.7668 
10 5 10 1 68.2517 479.577 16.7668 
0 6 0 1 282.854 216.788 16.7668 
0 8 0 1 260.743 227.86 16.7668 
0 8 5 1 266.655 320.51 16.7668 
0 6 5 1 291.761 320.657 16.7668 
0 2 2.5 1 339.746 253.058 16.7668 
0 4 2.5 1 313.882 263.809 16.7668 
0 4 5 1 316.335 316.182 16.7668 
0 2 5 1 345.249 311.77 16.7668 
0.5 0.5 -0.5 1 351.156 171.259 16.7668 
0.5 0.5 6 1 366.327 338.3 16.7668 
10.5 0.5 -0.5 1 87.3036 116.452 16.7668 
10.5 0.5 6 1 81.8563 355.769 16.7668 
10.5 10.5 -0.5 1 39.0829 209.077 16.7668 
10.5 10.5 6 1 37.5627 355.41 16.7668 
0.5 10.5 -0.5 1 230.759 227.986 16.7668 
0.5 10.5 6 1 234.404 342.94 16.7668 
0.5 5.5 9.5 1 294.717 418.46 16.7668 
10.5 5.5 9.5 1 50.4455 461.807 16.7668 
0.5 6.5 -0.5 1 268.781 210.036 16.7668 
0.5 8.5 -0.5 1 251.758 218.208 16.7668 
0.5 8.5 4.5 1 253.136 312.919 16.7668 
0.5 6.5 4.5 1 273.897 306.801 16.7668 
0.5 2.5 2 1 326.591 243.07 16.7668 
0.5 4.5 2 1 296.748 250.106 16.7668 
0.5 4.5 4.5 1 298.089 307.085 16.7668 
0.5 2.5 4.5 1 329.679 302.047 16.7668 
