0 0 0 1 9.65547 49.3215 7.33333 
0 0 6.5 1 16.8 223.745 7.33333 
10 0 0 1 221.815 90.8133 7.33333 
10 0 6.5 1 218.561 217.034 7.33333 
10 10 0 1 395.85 63.4217 7.33333 
10 10 6.5 1 376.956 242.317 7.33333 
0 10 0 1 137.369 -28.5872 7.33333 
0 10 6.5 1 136.385 267.201 7.33333 
0 5 10 1 63.2753 342.446 7.33333 
10 5 10 1 280.143 300.916 7.33333 
0 6 0 1 70.9879 12.1085 7.33333 
0 8 0 1 98.6035 -2.99941 7.33333 
0 8 5 1 99.4711 200.647 7.33333 
0 6 5 1 74.7681 193.065 7.33333 
0 2 2.5 1 32.7227 112.464 7.33333 
0 4 2.5 1 47.2046 110.324 7.33333 
0 4 5 1 51.7621 191.406 7.33333 
0 2 5 1 29.3125 189.186 7.33333 
0.5 0.5 -0.5 1 29.041 38.4076 7.33333 
0.5 0.5 6 1 33.0871 212.267 7.33333 
10.5 0.5 -0.5 1 240.478 81.9786 7.33333 
10.5 0.5 6 1 228.707 207.175 7.33333 
10.5 10.5 -0.5 1 416.209 45.9897 7.33333 
10.5 10.5 6 1 396.497 232.873 7.33333 
0.5 10.5 -0.5 1 169.785 -51.896 7.33333 
0.5 10.5 6 1 165.867 248.679 7.33333 
0.5 5.5 9.5 1 84.3474 331.104 7.33333 
10.5 5.5 9.5 1 295.305 291.369 7.33333 
0.5 6.5 -0.5 1 93.8893 -8.09861 7.33333 
0.5 8.5 -0.5 1 130.079 -27.1249 7.33333 
0.5 8.5 4.5 1 125.782 180.094 7.33333 
0.5 6.5 4.5 1 95.0309 175.117 7.33333 
0.5 2.5 2 1 47.3201 103.548 7.33333 
0.5 4.5 2 1 69.4524 96.9088 7.33333 
0.5 4.5 4.5 1 72.626 177.305 7.33333 
0.5 2.5 4.5 1 51.5573 172.469 7.33333 
