0 0 0 1 89.1427 72.8591 10.4667 
0 0 6.5 1 85.3638 367.428 10.4667 
10 0 0 1 137.99 201.193 10.4667 
10 0 6.5 1 139.599 353.36 10.4667 
10 10 0 1 359.246 200.724 10.4667 
10 10 6.5 1 372.986 339.912 10.4667 
0 10 0 1 498.139 84.3124 10.4667 
0 10 6.5 1 534.877 339.573 10.4667 
0 5 10 1 339.659 529.382 10.4667 
10 5 10 1 267.418 433.961 10.4667 
0 6 0 1 345.611 78.8079 10.4667 
0 8 0 1 423.794 81.7908 10.4667 
0 8 5 1 448.231 279.138 10.4667 
0 6 5 1 364.295 284.041 10.4667 
0 2 2.5 1 186.25 178.738 10.4667 
0 4 2.5 1 274.556 177.017 10.4667 
0 4 5 1 279.708 285.977 10.4667 
0 2 5 1 187.158 290.253 10.4667 
0.5 0.5 -0.5 1 120.11 68.2567 10.4667 
0.5 0.5 6 1 119.503 339.976 10.4667 
10.5 0.5 -0.5 1 155.473 193.503 10.4667 
10.5 0.5 6 1 153.408 337.693 10.4667 
10.5 10.5 -0.5 1 361.851 193.656 10.4667 
10.5 10.5 6 1 380.647 325.843 10.4667 
0.5 10.5 -0.5 1 499.034 79.5048 10.4667 
0.5 10.5 6 1 537.902 320.394 10.4667 
0.5 5.5 9.5 1 355.156 492.588 10.4667 
10.5 5.5 9.5 1 272.497 418.82 10.4667 
0.5 6.5 -0.5 1 357.791 70.2425 10.4667 
0.5 8.5 -0.5 1 432.645 74.4874 10.4667 
0.5 8.5 4.5 1 454.332 262.163 10.4667 
0.5 6.5 4.5 1 378.205 265.681 10.4667 
0.5 2.5 2 1 205.365 166.076 10.4667 
0.5 4.5 2 1 288.579 166.723 10.4667 
0.5 4.5 4.5 1 294.996 267.178 10.4667 
0.5 2.5 4.5 1 208.668 268.747 10.4667 
