0 0 0 1 218.421 242.071 4.1 
0 0 6.5 1 223.495 352.677 4.1 
10 0 0 1 401.864 216.4 4.1 
10 0 6.5 1 415.767 347.466 4.1 
10 10 0 1 406.056 145.404 4.1 
10 10 6.5 1 429.929 362.508 4.1 
0 10 0 1 120.311 191.388 4.1 
0 10 6.5 1 123.377 375.886 4.1 
0 5 10 1 184.536 441.448 4.1 
10 5 10 1 430.736 447.093 4.1 
0 6 0 1 169.797 216.081 4.1 
0 8 0 1 152.672 205.319 4.1 
0 8 5 1 152.184 328.202 4.1 
0 6 5 1 173.869 324.482 4.1 
0 2 2.5 1 204.406 279.861 4.1 
0 4 2.5 1 189.327 276.289 4.1 
0 4 5 1 192.257 327.603 4.1 
0 2 5 1 208.444 325.9 4.1 
0.5 0.5 -0.5 1 224.161 227.031 4.1 
0.5 0.5 6 1 229.631 343.594 4.1 
10.5 0.5 -0.5 1 407.02 201.827 4.1 
10.5 0.5 6 1 423.895 334.578 4.1 
10.5 10.5 -0.5 1 422.502 124.497 4.1 
10.5 10.5 6 1 449.925 345.841 4.1 
0.5 10.5 -0.5 1 125.433 172.975 4.1 
0.5 10.5 6 1 126.721 360.668 4.1 
0.5 5.5 9.5 1 189.272 436.977 4.1 
10.5 5.5 9.5 1 446.414 436.26 4.1 
0.5 6.5 -0.5 1 173.419 199.423 4.1 
0.5 8.5 -0.5 1 151.623 185.596 4.1 
0.5 8.5 4.5 1 152.14 311.484 4.1 
0.5 6.5 4.5 1 179.033 314.536 4.1 
0.5 2.5 2 1 209.799 266.775 4.1 
0.5 4.5 2 1 194.952 264.814 4.1 
0.5 4.5 4.5 1 199.465 317.354 4.1 
0.5 2.5 4.5 1 214.094 316.206 4.1 
