0 0 0 1 378.767 162.961 18.3334 
0 0 6.5 1 369.244 327.697 18.3334 
10 0 0 1 260.47 28.1064 18.3334 
10 0 6.5 1 234.061 327.803 18.3334 
10 10 0 1 -6.60418 93.8356 18.3334 
10 10 6.5 1 -35.8229 295.163 18.3334 
0 10 0 1 184.007 174.363 18.3334 
0 10 6.5 1 167.519 305.659 18.3334 
0 5 10 1 250.011 396.544 18.3334 
10 5 10 1 53.1025 445.685 18.3334 
0 6 0 1 252.168 175.148 18.3334 
0 8 0 1 215.992 179.744 18.3334 
0 8 5 1 206.914 274.49 18.3334 
0 6 5 1 244.136 279.573 18.3334 
0 2 2.5 1 329.36 225.709 18.3334 
0 4 2.5 1 286.076 225.13 18.3334 
0 4 5 1 281.095 282.305 18.3334 
0 2 5 1 326.279 285.199 18.3334 
0.5 0.5 -0.5 1 364.243 149.3 18.3334 
0.5 0.5 6 1 354.72 311.215 18.3334 
10.5 0.5 -0.5 1 230.872 -0.957678 18.3334 
10.5 0.5 6 1 199.627 301.7 18.3334 
10.5 10.5 -0.5 1 -32.1691 73.9877 18.3334 
10.5 10.5 6 1 -60.625 276.116 18.3334 
0.5 10.5 -0.5 1 170.565 168.501 18.3334 
0.5 10.5 6 1 157.485 293.936 18.3334 
0.5 5.5 9.5 1 237.549 381.067 18.3334 
10.5 5.5 9.5 1 22.6838 427.324 18.3334 
0.5 6.5 -0.5 1 239.308 162.125 18.3334 
0.5 8.5 -0.5 1 204.005 165.567 18.3334 
0.5 8.5 4.5 1 193.878 266.212 18.3334 
0.5 6.5 4.5 1 228.84 270.369 18.3334 
0.5 2.5 2 1 313.196 210.08 18.3334 
0.5 4.5 2 1 268.218 212.905 18.3334 
0.5 4.5 4.5 1 266.206 270.099 18.3334 
0.5 2.5 4.5 1 307.757 269.354 18.3334 
