0 0 0 1 413.919 -41.7358 14.6667 
0 0 6.5 1 413.561 188.25 14.6667 
10 0 0 1 83.2556 -9.58693 14.6667 
10 0 6.5 1 104.38 199.831 14.6667 
10 10 0 1 171.876 64.6044 14.6667 
10 10 6.5 1 179.124 192.064 14.6667 
0 10 0 1 367.774 49.4398 14.6667 
0 10 6.5 1 366.57 179.14 14.6667 
0 5 10 1 386.346 264.892 14.6667 
10 5 10 1 157.05 272.15 14.6667 
0 6 0 1 381.073 25.327 14.6667 
0 8 0 1 371.747 39.2214 14.6667 
0 8 5 1 370.072 149.7 14.6667 
0 6 5 1 376.743 148.908 14.6667 
0 2 2.5 1 397.603 65.32 14.6667 
0 4 2.5 1 387.809 80.2619 14.6667 
0 4 5 1 386.856 143.954 14.6667 
0 2 5 1 398.116 141.525 14.6667 
0.5 0.5 -0.5 1 392.481 -48.7777 14.6667 
0.5 0.5 6 1 395.104 174.213 14.6667 
10.5 0.5 -0.5 1 73.4628 -19.9478 14.6667 
10.5 0.5 6 1 95.7619 187.485 14.6667 
10.5 10.5 -0.5 1 162.07 57.4972 14.6667 
10.5 10.5 6 1 175.187 178.986 14.6667 
0.5 10.5 -0.5 1 354.913 42.8549 14.6667 
0.5 10.5 6 1 355.667 170.698 14.6667 
0.5 5.5 9.5 1 368.13 254.069 14.6667 
10.5 5.5 9.5 1 150.843 260.091 14.6667 
0.5 6.5 -0.5 1 363.529 16.2427 14.6667 
0.5 8.5 -0.5 1 359.314 29.5806 14.6667 
0.5 8.5 4.5 1 361.173 142.996 14.6667 
0.5 6.5 4.5 1 368.538 134.629 14.6667 
0.5 2.5 2 1 379.413 55.7619 14.6667 
0.5 4.5 2 1 373.778 70.4018 14.6667 
0.5 4.5 4.5 1 372.298 130.342 14.6667 
0.5 2.5 4.5 1 379.598 131.356 14.6667 
