0 0 0 1 388.312 84.61 19.7667 
0 0 6.5 1 373.862 237.722 19.7667 
10 0 0 1 493.709 -30.2734 19.7667 
10 0 6.5 1 452.908 296.266 19.7667 
10 10 0 1 1.11467 -45.9599 19.7667 
10 10 6.5 1 7.56453 260.137 19.7667 
0 10 0 1 145.552 69.8932 19.7667 
0 10 6.5 1 145.579 222.453 19.7667 
0 5 10 1 251.856 307.139 19.7667 
10 5 10 1 216.058 420.71 19.7667 
0 6 0 1 241.604 72.1606 19.7667 
0 8 0 1 195.541 70.4292 19.7667 
0 8 5 1 189.787 189.513 19.7667 
0 6 5 1 235.054 196.148 19.7667 
0 2 2.5 1 336.092 140.945 19.7667 
0 4 2.5 1 286.111 134.303 19.7667 
0 4 5 1 281.099 199.992 19.7667 
0 2 5 1 327.852 202.446 19.7667 
0.5 0.5 -0.5 1 378.61 65.6263 19.7667 
0.5 0.5 6 1 364.768 228.973 19.7667 
10.5 0.5 -0.5 1 480.495 -76.424 19.7667 
10.5 0.5 6 1 437.964 274.519 19.7667 
10.5 10.5 -0.5 1 -45.219 -87.4035 19.7667 
10.5 10.5 6 1 -25.8725 242.102 19.7667 
0.5 10.5 -0.5 1 135.422 55.2795 19.7667 
0.5 10.5 6 1 130.381 211.536 19.7667 
0.5 5.5 9.5 1 238.74 298.098 19.7667 
10.5 5.5 9.5 1 191.111 409.512 19.7667 
0.5 6.5 -0.5 1 229.702 56.0954 19.7667 
0.5 8.5 -0.5 1 183.375 55.9535 19.7667 
0.5 8.5 4.5 1 178.529 178.649 19.7667 
0.5 6.5 4.5 1 224.539 183.056 19.7667 
0.5 2.5 2 1 325.457 127.955 19.7667 
0.5 4.5 2 1 273.103 123.496 19.7667 
0.5 4.5 4.5 1 274.547 182.179 19.7667 
0.5 2.5 4.5 1 315.864 191.492 19.7667 
