0 0 0 1 342.574 63.0763 12.1 
0 0 6.5 1 315.863 356.962 12.1 
10 0 0 1 148.627 152.157 12.1 
10 0 6.5 1 128.711 317.139 12.1 
10 10 0 1 323.105 203.853 12.1 
10 10 6.5 1 314.084 323.882 12.1 
0 10 0 1 526.521 171.387 12.1 
0 10 6.5 1 521.983 358.371 12.1 
0 5 10 1 438.464 485.132 12.1 
10 5 10 1 230.914 399.852 12.1 
0 6 0 1 473.316 140.616 12.1 
0 8 0 1 501.934 153.645 12.1 
0 8 5 1 497.312 309.005 12.1 
0 6 5 1 465.558 304.563 12.1 
0 2 2.5 1 386.164 192.853 12.1 
0 4 2.5 1 433.347 203.741 12.1 
0 4 5 1 427.817 300.345 12.1 
0 2 5 1 386.882 293.861 12.1 
0.5 0.5 -0.5 1 341.673 57.3126 12.1 
0.5 0.5 6 1 320.446 333.544 12.1 
10.5 0.5 -0.5 1 157.207 141.049 12.1 
10.5 0.5 6 1 143.03 302.803 12.1 
10.5 10.5 -0.5 1 322.791 192.117 12.1 
10.5 10.5 6 1 315.526 313.545 12.1 
0.5 10.5 -0.5 1 518.718 163.798 12.1 
0.5 10.5 6 1 516.397 338.535 12.1 
0.5 5.5 9.5 1 430.207 457.701 12.1 
10.5 5.5 9.5 1 233.183 386.587 12.1 
0.5 6.5 -0.5 1 467.13 130.917 12.1 
0.5 8.5 -0.5 1 495.166 149.117 12.1 
0.5 8.5 4.5 1 487.358 292.223 12.1 
0.5 6.5 4.5 1 456.77 286.996 12.1 
0.5 2.5 2 1 385.062 181.13 12.1 
0.5 4.5 2 1 427.373 194.147 12.1 
0.5 4.5 4.5 1 422.765 282.631 12.1 
0.5 2.5 4.5 1 378.829 276.111 12.1 
