0 0 0 1 415.542 6.6062 12.8001 
0 0 6.5 1 386.043 282.249 12.8001 
10 0 0 1 149.675 72.9052 12.8001 
10 0 6.5 1 134.832 247.368 12.8001 
10 10 0 1 299.67 131.351 12.8001 
10 10 6.5 1 286.143 251.983 12.8001 
0 10 0 1 508.685 115.931 12.8001 
0 10 6.5 1 488.299 277.726 12.8001 
0 5 10 1 438.451 387.018 12.8001 
10 5 10 1 221.887 324.729 12.8001 
0 6 0 1 483.247 89.1675 12.8001 
0 8 0 1 496.537 102.101 12.8001 
0 8 5 1 480.352 239.364 12.8001 
0 6 5 1 462.783 234.879 12.8001 
0 2 2.5 1 434.352 135.873 12.8001 
0 4 2.5 1 454.836 149.295 12.8001 
0 4 5 1 443.666 231.804 12.8001 
0 2 5 1 423.039 225.127 12.8001 
0.5 0.5 -0.5 1 407.929 -2.35462 12.8001 
0.5 0.5 6 1 379.467 259.823 12.8001 
10.5 0.5 -0.5 1 153.388 62.1847 12.8001 
10.5 0.5 6 1 138.676 232.816 12.8001 
10.5 10.5 -0.5 1 299.232 124.182 12.8001 
10.5 10.5 6 1 289.939 246.35 12.8001 
0.5 10.5 -0.5 1 498.272 109.747 12.8001 
0.5 10.5 6 1 480.826 264.58 12.8001 
0.5 5.5 9.5 1 428.168 361.997 12.8001 
10.5 5.5 9.5 1 217.195 312.129 12.8001 
0.5 6.5 -0.5 1 471.544 75.314 12.8001 
0.5 8.5 -0.5 1 484.237 91.5688 12.8001 
0.5 8.5 4.5 1 471.601 226.786 12.8001 
0.5 6.5 4.5 1 453.566 220.222 12.8001 
0.5 2.5 2 1 420.054 121.412 12.8001 
0.5 4.5 2 1 444.618 136.477 12.8001 
0.5 4.5 4.5 1 436.876 215.946 12.8001 
0.5 2.5 4.5 1 413.37 208.39 12.8001 
