0 0 0 1 -75.1901 -19.7081 8.43333 
0 0 6.5 1 -38.9251 212.254 8.43333 
10 0 0 1 155.881 51.7758 8.43333 
10 0 6.5 1 168.382 191.92 8.43333 
10 10 0 1 370.998 6.59286 8.43333 
10 10 6.5 1 369.028 183.414 8.43333 
0 10 0 1 232.486 -160.517 8.43333 
0 10 6.5 1 251.298 203.46 8.43333 
0 5 10 1 93.5236 335.392 8.43333 
10 5 10 1 264.384 267.473 8.43333 
0 6 0 1 73.5808 -89.9634 8.43333 
0 8 0 1 145.642 -123.539 8.43333 
0 8 5 1 168.858 138.342 8.43333 
0 6 5 1 99.817 142.165 8.43333 
0 2 2.5 1 -16.7161 61.2126 8.43333 
0 4 2.5 1 33.0984 45.3238 8.43333 
0 4 5 1 45.6926 149.801 8.43333 
0 2 5 1 -2.75159 156.46 8.43333 
0.5 0.5 -0.5 1 -50.6777 -39.7521 8.43333 
0.5 0.5 6 1 -17.2167 195.478 8.43333 
10.5 0.5 -0.5 1 170.276 40.4878 8.43333 
10.5 0.5 6 1 180.241 180.63 8.43333 
10.5 10.5 -0.5 1 386.221 -7.93472 8.43333 
10.5 10.5 6 1 388.876 171.586 8.43333 
0.5 10.5 -0.5 1 269.374 -183.289 8.43333 
0.5 10.5 6 1 283.806 177.192 8.43333 
0.5 5.5 9.5 1 122.416 318.017 8.43333 
10.5 5.5 9.5 1 276.507 252.764 8.43333 
0.5 6.5 -0.5 1 108.157 -108.985 8.43333 
0.5 8.5 -0.5 1 179.524 -145.112 8.43333 
0.5 8.5 4.5 1 198.432 113.786 8.43333 
0.5 6.5 4.5 1 127.985 121.231 8.43333 
0.5 2.5 2 1 9.92414 44.4499 8.43333 
0.5 4.5 2 1 60.6932 25.2364 8.43333 
0.5 4.5 4.5 1 70.9891 127.379 8.43333 
0.5 2.5 4.5 1 22.909 136.091 8.43333 
