0 0 0 1 201.629 239.901 4.36666 
0 0 6.5 1 205.012 356.062 4.36666 
10 0 0 1 382.355 226.165 4.36666 
10 0 6.5 1 396.572 349.263 4.36666 
10 10 0 1 407.572 148.571 4.36666 
10 10 6.5 1 423.861 358.624 4.36666 
0 10 0 1 120.067 180.508 4.36666 
0 10 6.5 1 116.028 362.598 4.36666 
0 5 10 1 169.631 441.926 4.36666 
10 5 10 1 412.815 443.731 4.36666 
0 6 0 1 162.228 211.764 4.36666 
0 8 0 1 142.881 198.739 4.36666 
0 8 5 1 142.187 322.243 4.36666 
0 6 5 1 160.516 322.877 4.36666 
0 2 2.5 1 192.306 277.025 4.36666 
0 4 2.5 1 182.469 272.636 4.36666 
0 4 5 1 177.828 326.342 4.36666 
0 2 5 1 194.199 327.432 4.36666 
0.5 0.5 -0.5 1 208.615 226.845 4.36666 
0.5 0.5 6 1 210.591 345.079 4.36666 
10.5 0.5 -0.5 1 396.052 211.241 4.36666 
10.5 0.5 6 1 404.013 341.472 4.36666 
10.5 10.5 -0.5 1 418.96 129.477 4.36666 
10.5 10.5 6 1 445.276 335.441 4.36666 
0.5 10.5 -0.5 1 122.381 163.835 4.36666 
0.5 10.5 6 1 124.586 348.871 4.36666 
0.5 5.5 9.5 1 175.031 430.439 4.36666 
10.5 5.5 9.5 1 429.081 431.599 4.36666 
0.5 6.5 -0.5 1 167.822 194.201 4.36666 
0.5 8.5 -0.5 1 147.411 180.731 4.36666 
0.5 8.5 4.5 1 149.465 310.28 4.36666 
0.5 6.5 4.5 1 168.412 309.256 4.36666 
0.5 2.5 2 1 194.389 266.311 4.36666 
0.5 4.5 2 1 182.619 260.738 4.36666 
0.5 4.5 4.5 1 185.431 312.19 4.36666 
0.5 2.5 4.5 1 198.306 315.427 4.36666 
