0 0 0 1 439.548 -24.0247 13.9667 
0 0 6.5 1 420.618 218.559 13.9667 
10 0 0 1 114.818 9.73573 13.9667 
10 0 6.5 1 120.065 203.457 13.9667 
10 10 0 1 230.653 68.9393 13.9667 
10 10 6.5 1 228.394 191.92 13.9667 
0 10 0 1 426.795 56.1136 13.9667 
0 10 6.5 1 417.687 195.769 13.9667 
0 5 10 1 409.645 294.772 13.9667 
10 5 10 1 188.937 272.097 13.9667 
0 6 0 1 430.481 35.0254 13.9667 
0 8 0 1 431.311 49.1305 13.9667 
0 8 5 1 419.531 168.191 13.9667 
0 6 5 1 419.242 166.055 13.9667 
0 2 2.5 1 428.196 85.3604 13.9667 
0 4 2.5 1 428.522 99.3925 13.9667 
0 4 5 1 420.594 169.32 13.9667 
0 2 5 1 422.883 167.246 13.9667 
0.5 0.5 -0.5 1 417.32 -35.9852 13.9667 
0.5 0.5 6 1 399.596 200.946 13.9667 
10.5 0.5 -0.5 1 108.475 -2.77981 13.9667 
10.5 0.5 6 1 117.413 192.338 13.9667 
10.5 10.5 -0.5 1 224.804 62.8581 13.9667 
10.5 10.5 6 1 221.149 180.715 13.9667 
0.5 10.5 -0.5 1 416.771 46.6883 13.9667 
0.5 10.5 6 1 406.99 185.966 13.9667 
0.5 5.5 9.5 1 399.961 276.882 13.9667 
10.5 5.5 9.5 1 183.254 258.902 13.9667 
0.5 6.5 -0.5 1 420.771 27.1856 13.9667 
0.5 8.5 -0.5 1 419.142 38.816 13.9667 
0.5 8.5 4.5 1 409.062 156.127 13.9667 
0.5 6.5 4.5 1 409.454 155.459 13.9667 
0.5 2.5 2 1 411.882 74.1831 13.9667 
0.5 4.5 2 1 413.565 84.5533 13.9667 
0.5 4.5 4.5 1 411.9 156.562 13.9667 
0.5 2.5 4.5 1 408.008 152.233 13.9667 
