0 0 0 1 168.144 110.236 10.9667 
0 0 6.5 1 161.685 419.459 10.9667 
10 0 0 1 142.846 221.809 10.9667 
10 0 6.5 1 134.086 381.359 10.9667 
10 10 0 1 354.003 239.166 10.9667 
10 10 6.5 1 361.384 377.623 10.9667 
0 10 0 1 527.624 161.022 10.9667 
0 10 6.5 1 558.371 402.599 10.9667 
0 5 10 1 399.706 585.971 10.9667 
10 5 10 1 252.335 468.573 10.9667 
0 6 0 1 408.171 145.19 10.9667 
0 8 0 1 473.673 154.009 10.9667 
0 8 5 1 489.096 339.936 10.9667 
0 6 5 1 419.936 340.012 10.9667 
0 2 2.5 1 260.052 223.608 10.9667 
0 4 2.5 1 342.704 234.122 10.9667 
0 4 5 1 346.756 340.999 10.9667 
0 2 5 1 260.697 343.209 10.9667 
0.5 0.5 -0.5 1 188.886 102.398 10.9667 
0.5 0.5 6 1 184.158 389.555 10.9667 
10.5 0.5 -0.5 1 153.379 217.339 10.9667 
10.5 0.5 6 1 147.157 369.59 10.9667 
10.5 10.5 -0.5 1 354.67 233.818 10.9667 
10.5 10.5 6 1 362.374 369.338 10.9667 
0.5 10.5 -0.5 1 526.35 154.263 10.9667 
0.5 10.5 6 1 554.342 379.302 10.9667 
0.5 5.5 9.5 1 404.791 544.878 10.9667 
10.5 5.5 9.5 1 264.735 452.167 10.9667 
0.5 6.5 -0.5 1 411.686 135.842 10.9667 
0.5 8.5 -0.5 1 468.739 141.91 10.9667 
0.5 8.5 4.5 1 488.86 323.364 10.9667 
0.5 6.5 4.5 1 426.033 320.659 10.9667 
0.5 2.5 2 1 272.25 212.308 10.9667 
0.5 4.5 2 1 348.682 221.457 10.9667 
0.5 4.5 4.5 1 353.004 320.807 10.9667 
0.5 2.5 4.5 1 269.942 316.44 10.9667 
