0 0 0 1 379.019 177.861 18.2334 
0 0 6.5 1 368.342 338.067 18.2334 
10 0 0 1 245.068 46.9773 18.2334 
10 0 6.5 1 219.959 345.396 18.2334 
10 10 0 1 -7.40375 114.801 18.2334 
10 10 6.5 1 -34.3404 311.251 18.2334 
0 10 0 1 185.864 191.466 18.2334 
0 10 6.5 1 174.2 317.808 18.2334 
0 5 10 1 251.912 406.5 18.2334 
10 5 10 1 47.0363 463.587 18.2334 
0 6 0 1 252.735 187.006 18.2334 
0 8 0 1 216.222 192.224 18.2334 
0 8 5 1 207.588 292.335 18.2334 
0 6 5 1 241.845 292.734 18.2334 
0 2 2.5 1 328.744 238.05 18.2334 
0 4 2.5 1 285.18 236.87 18.2334 
0 4 5 1 281.462 292.849 18.2334 
0 2 5 1 323.549 294.775 18.2334 
0.5 0.5 -0.5 1 363.039 160.675 18.2334 
0.5 0.5 6 1 353.602 323.112 18.2334 
10.5 0.5 -0.5 1 215.552 16.7428 18.2334 
10.5 0.5 6 1 185.479 316.86 18.2334 
10.5 10.5 -0.5 1 -27.7964 96.1383 18.2334 
10.5 10.5 6 1 -59.6736 290.664 18.2334 
0.5 10.5 -0.5 1 174.42 176.533 18.2334 
0.5 10.5 6 1 159.382 306.539 18.2334 
0.5 5.5 9.5 1 237.288 393.761 18.2334 
10.5 5.5 9.5 1 20.7826 445.663 18.2334 
0.5 6.5 -0.5 1 238.138 173.872 18.2334 
0.5 8.5 -0.5 1 203.768 177.567 18.2334 
0.5 8.5 4.5 1 195.184 280.442 18.2334 
0.5 6.5 4.5 1 227.763 279.659 18.2334 
0.5 2.5 2 1 311.002 225.043 18.2334 
0.5 4.5 2 1 268.329 227.77 18.2334 
0.5 4.5 4.5 1 265.551 281.539 18.2334 
0.5 2.5 4.5 1 308.771 284.709 18.2334 
