0 0 0 1 139.673 242.513 5.4 
0 0 6.5 1 128.083 368.83 5.4 
10 0 0 1 323.038 256.064 5.4 
10 0 6.5 1 316.135 376.003 5.4 
10 10 0 1 399.51 216.879 5.4 
10 10 6.5 1 396.851 407.614 5.4 
0 10 0 1 107.764 190.155 5.4 
0 10 6.5 1 84.5899 398.557 5.4 
0 5 10 1 99.0819 467.35 5.4 
10 5 10 1 341.424 474.295 5.4 
0 6 0 1 124.098 217.593 5.4 
0 8 0 1 114.306 203.729 5.4 
0 8 5 1 99.067 345.624 5.4 
0 6 5 1 110.696 343.178 5.4 
0 2 2.5 1 130.6 286.228 5.4 
0 4 2.5 1 123.301 280.586 5.4 
0 4 5 1 119.539 338.819 5.4 
0 2 5 1 128.509 338.07 5.4 
0.5 0.5 -0.5 1 149.338 232.749 5.4 
0.5 0.5 6 1 135.741 357.738 5.4 
10.5 0.5 -0.5 1 336.336 245.462 5.4 
10.5 0.5 6 1 328.954 367.486 5.4 
10.5 10.5 -0.5 1 419.978 200.151 5.4 
10.5 10.5 6 1 419.134 397.51 5.4 
0.5 10.5 -0.5 1 121.089 171.254 5.4 
0.5 10.5 6 1 97.8174 382.035 5.4 
0.5 5.5 9.5 1 110.735 460.632 5.4 
10.5 5.5 9.5 1 362.009 466.661 5.4 
0.5 6.5 -0.5 1 134.575 202.778 5.4 
0.5 8.5 -0.5 1 132.332 186.887 5.4 
0.5 8.5 4.5 1 115.515 328.787 5.4 
0.5 6.5 4.5 1 123.044 329.938 5.4 
0.5 2.5 2 1 143.18 272.463 5.4 
0.5 4.5 2 1 138.011 271.335 5.4 
0.5 4.5 4.5 1 129.529 329.695 5.4 
0.5 2.5 4.5 1 135.527 326.374 5.4 
