0 0 0 1 440.156 -10.8799 13.8667 
0 0 6.5 1 418.07 237.848 13.8667 
10 0 0 1 119.206 20.1019 13.8667 
10 0 6.5 1 124.699 213.703 13.8667 
10 10 0 1 235.156 78.3431 13.8667 
10 10 6.5 1 234.009 197.518 13.8667 
0 10 0 1 433.962 69.7453 13.8667 
0 10 6.5 1 425.979 212.008 13.8667 
0 5 10 1 413.283 306.402 13.8667 
10 5 10 1 191.769 279.545 13.8667 
0 6 0 1 436.585 47.9523 13.8667 
0 8 0 1 437.435 58.4244 13.8667 
0 8 5 1 425.153 177.788 13.8667 
0 6 5 1 425.17 178.075 13.8667 
0 2 2.5 1 431.793 98.7022 13.8667 
0 4 2.5 1 430.421 107.657 13.8667 
0 4 5 1 423.751 180.806 13.8667 
0 2 5 1 423.201 179.789 13.8667 
0.5 0.5 -0.5 1 421.424 -22.2736 13.8667 
0.5 0.5 6 1 402.333 215.896 13.8667 
10.5 0.5 -0.5 1 116.404 12.0877 13.8667 
10.5 0.5 6 1 119.987 199.972 13.8667 
10.5 10.5 -0.5 1 229.937 69.5935 13.8667 
10.5 10.5 6 1 229.672 188.87 13.8667 
0.5 10.5 -0.5 1 425.726 56.4442 13.8667 
0.5 10.5 6 1 412.483 198.652 13.8667 
0.5 5.5 9.5 1 399.882 289.235 13.8667 
10.5 5.5 9.5 1 186.737 265.256 13.8667 
0.5 6.5 -0.5 1 424.212 35.5742 13.8667 
0.5 8.5 -0.5 1 428.188 47.5487 13.8667 
0.5 8.5 4.5 1 416.798 166.234 13.8667 
0.5 6.5 4.5 1 412.019 168.455 13.8667 
0.5 2.5 2 1 414.686 87.1367 13.8667 
0.5 4.5 2 1 417.506 97.8108 13.8667 
0.5 4.5 4.5 1 410.167 167.426 13.8667 
0.5 2.5 4.5 1 406.729 167.81 13.8667 
