0 0 0 1 88.3806 70.596 10.4334 
0 0 6.5 1 83.7311 364.722 10.4334 
10 0 0 1 140.426 200.609 10.4334 
10 0 6.5 1 140.375 354.488 10.4334 
10 10 0 1 359.499 197.535 10.4334 
10 10 6.5 1 371.286 339.496 10.4334 
0 10 0 1 495.525 82.1962 10.4334 
0 10 6.5 1 535.263 340.776 10.4334 
0 5 10 1 340.121 529.8 10.4334 
10 5 10 1 264.525 429.209 10.4334 
0 6 0 1 343.531 78.336 10.4334 
0 8 0 1 419.711 76.0167 10.4334 
0 8 5 1 445.832 276.135 10.4334 
0 6 5 1 361.341 280.809 10.4334 
0 2 2.5 1 180.815 178.772 10.4334 
0 4 2.5 1 267.634 176.368 10.4334 
0 4 5 1 274.759 285.045 10.4334 
0 2 5 1 183.754 289.39 10.4334 
0.5 0.5 -0.5 1 114.363 65.1584 10.4334 
0.5 0.5 6 1 113.824 343.102 10.4334 
10.5 0.5 -0.5 1 150.238 191.83 10.4334 
10.5 0.5 6 1 156.889 339.665 10.4334 
10.5 10.5 -0.5 1 363.018 188.637 10.4334 
10.5 10.5 6 1 377.848 327.788 10.4334 
0.5 10.5 -0.5 1 494.37 73.3669 10.4334 
0.5 10.5 6 1 535.005 318.902 10.4334 
0.5 5.5 9.5 1 350.093 494.062 10.4334 
10.5 5.5 9.5 1 273.118 413.327 10.4334 
0.5 6.5 -0.5 1 353.073 71.8353 10.4334 
0.5 8.5 -0.5 1 427.123 74.9695 10.4334 
0.5 8.5 4.5 1 450.964 260.605 10.4334 
0.5 6.5 4.5 1 375.395 259.115 10.4334 
0.5 2.5 2 1 205.488 163.436 10.4334 
0.5 4.5 2 1 284.468 166.201 10.4334 
0.5 4.5 4.5 1 292.202 264.891 10.4334 
0.5 2.5 4.5 1 207.261 268.934 10.4334 
