0 0 0 1 -34.533 17.3436 7.86666 
0 0 6.5 1 -9.04267 217.309 7.86666 
10 0 0 1 188.321 66.4458 7.86666 
10 0 6.5 1 196.321 198.222 7.86666 
10 10 0 1 387.385 30.673 7.86666 
10 10 6.5 1 375.931 211.82 7.86666 
0 10 0 1 172.472 -82.6442 7.86666 
0 10 6.5 1 182.485 249.585 7.86666 
0 5 10 1 71.2841 346.759 7.86666 
10 5 10 1 271.952 279.899 7.86666 
0 6 0 1 62.7152 -30.9196 7.86666 
0 8 0 1 112.236 -53.0214 7.86666 
0 8 5 1 122.958 177.448 7.86666 
0 6 5 1 77.2418 180.91 7.86666 
0 2 2.5 1 1.60077 91.0872 7.86666 
0 4 2.5 1 30.1936 85.1228 7.86666 
0 4 5 1 41.1107 177.681 7.86666 
0 2 5 1 11.1059 173.651 7.86666 
0.5 0.5 -0.5 1 -13.7618 -0.0478303 7.86666 
0.5 0.5 6 1 10.6682 202.647 7.86666 
10.5 0.5 -0.5 1 203.799 55.0482 7.86666 
10.5 0.5 6 1 204.351 189.149 7.86666 
10.5 10.5 -0.5 1 401.596 14.5377 7.86666 
10.5 10.5 6 1 393.239 196.036 7.86666 
0.5 10.5 -0.5 1 208.582 -110.006 7.86666 
0.5 10.5 6 1 214.662 226.158 7.86666 
0.5 5.5 9.5 1 95.2515 328.344 7.86666 
10.5 5.5 9.5 1 285.092 267.793 7.86666 
0.5 6.5 -0.5 1 93.0271 -51.4527 7.86666 
0.5 8.5 -0.5 1 143.84 -80.9735 7.86666 
0.5 8.5 4.5 1 154.107 158.351 7.86666 
0.5 6.5 4.5 1 104.069 156.697 7.86666 
0.5 2.5 2 1 23.1869 76.2775 7.86666 
0.5 4.5 2 1 55.1051 65.4698 7.86666 
0.5 4.5 4.5 1 65.5059 158.086 7.86666 
0.5 2.5 4.5 1 30.4657 161.388 7.86666 
