0 0 0 1 294.087 70.6911 2.43333 
0 0 6.5 1 300.717 201.515 2.43333 
10 0 0 1 506.251 4.17118 2.43333 
10 0 6.5 1 507.719 189.532 2.43333 
10 10 0 1 342.29 -106.181 2.43333 
10 10 6.5 1 357.215 210.086 2.43333 
0 10 0 1 112.408 38.0771 2.43333 
0 10 6.5 1 131.719 216.939 2.43333 
0 5 10 1 236.705 282.384 2.43333 
10 5 10 1 452.254 310.646 2.43333 
0 6 0 1 201.89 54.2574 2.43333 
0 8 0 1 160.05 46.3342 2.43333 
0 8 5 1 173.394 174.379 2.43333 
0 6 5 1 210.987 173.284 2.43333 
0 2 2.5 1 271.586 121.753 2.43333 
0 4 2.5 1 243.028 119.106 2.43333 
0 4 5 1 245.082 171.261 2.43333 
0 2 5 1 275.592 171.381 2.43333 
0.5 0.5 -0.5 1 295.586 58.6111 2.43333 
0.5 0.5 6 1 301.189 192.594 2.43333 
10.5 0.5 -0.5 1 517.999 -20.2591 2.43333 
10.5 0.5 6 1 517.506 177.35 2.43333 
10.5 10.5 -0.5 1 348.561 -158.419 2.43333 
10.5 10.5 6 1 362.716 184.72 2.43333 
0.5 10.5 -0.5 1 106.206 14.8111 2.43333 
0.5 10.5 6 1 125.987 204.903 2.43333 
0.5 5.5 9.5 1 239.385 273.823 2.43333 
10.5 5.5 9.5 1 460.258 302.613 2.43333 
0.5 6.5 -0.5 1 197.208 36.1151 2.43333 
0.5 8.5 -0.5 1 156.959 27.1574 2.43333 
0.5 8.5 4.5 1 169.685 162.516 2.43333 
0.5 6.5 4.5 1 204.658 160.51 2.43333 
0.5 2.5 2 1 269.178 108.826 2.43333 
0.5 4.5 2 1 239.181 106.187 2.43333 
0.5 4.5 4.5 1 244.458 161.04 2.43333 
0.5 2.5 4.5 1 272.335 161.296 2.43333 
