0 0 0 1 372.704 169.971 16.6668 
0 0 6.5 1 388.476 338.376 16.6668 
10 0 0 1 104.421 125.734 16.6668 
10 0 6.5 1 105.997 361.404 16.6668 
10 10 0 1 59.7378 210.444 16.6668 
10 10 6.5 1 57.9564 355.256 16.6668 
0 10 0 1 245.456 225.651 16.6668 
0 10 6.5 1 255.173 340.515 16.6668 
0 5 10 1 314.112 422.723 16.6668 
10 5 10 1 74.8542 466.762 16.6668 
0 6 0 1 286.935 209.911 16.6668 
0 8 0 1 267.3 216.736 16.6668 
0 8 5 1 268.587 311.222 16.6668 
0 6 5 1 295.492 308.058 16.6668 
0 2 2.5 1 344.717 242.162 16.6668 
0 4 2.5 1 315.07 250.191 16.6668 
0 4 5 1 318.462 306.942 16.6668 
0 2 5 1 348.193 302.179 16.6668 
0.5 0.5 -0.5 1 352.816 161.291 16.6668 
0.5 0.5 6 1 367.544 326.133 16.6668 
10.5 0.5 -0.5 1 81.1778 111.587 16.6668 
10.5 0.5 6 1 82.4396 346.32 16.6668 
10.5 10.5 -0.5 1 48.6658 204.277 16.6668 
10.5 10.5 6 1 44.7383 347.064 16.6668 
0.5 10.5 -0.5 1 236.822 217.954 16.6668 
0.5 10.5 6 1 241.589 332.838 16.6668 
0.5 5.5 9.5 1 298.71 410.965 16.6668 
10.5 5.5 9.5 1 58.3505 449.891 16.6668 
0.5 6.5 -0.5 1 269.12 199.246 16.6668 
0.5 8.5 -0.5 1 254.108 208.533 16.6668 
0.5 8.5 4.5 1 258.26 303.131 16.6668 
0.5 6.5 4.5 1 278.193 299.345 16.6668 
0.5 2.5 2 1 328.413 231.485 16.6668 
0.5 4.5 2 1 299.129 241.284 16.6668 
0.5 4.5 4.5 1 301.456 295.722 16.6668 
0.5 2.5 4.5 1 330.008 292.144 16.6668 
