0 0 0 1 383.991 143.853 0.0666667 
0 0 6.5 1 367.907 289.027 0.0666667 
10 0 0 1 520.749 33.3125 0.0666667 
10 0 6.5 1 481.39 327.221 0.0666667 
10 10 0 1 61.2921 -12.5946 0.0666667 
10 10 6.5 1 31.4652 284.554 0.0666667 
0 10 0 1 154.966 116.894 0.0666667 
0 10 6.5 1 141.335 267.213 0.0666667 
0 5 10 1 245.213 357.96 0.0666667 
10 5 10 1 247.226 466.138 0.0666667 
0 6 0 1 245.408 126.582 0.0666667 
0 8 0 1 200.253 120.952 0.0666667 
0 8 5 1 187.184 238.081 0.0666667 
0 6 5 1 235.574 242.771 0.0666667 
0 2 2.5 1 333.969 193.249 0.0666667 
0 4 2.5 1 286.904 187.369 0.0666667 
0 4 5 1 279.396 244.41 0.0666667 
0 2 5 1 326.727 249.242 0.0666667 
0.5 0.5 -0.5 1 372.195 128.145 0.0666667 
0.5 0.5 6 1 360.097 275.596 0.0666667 
10.5 0.5 -0.5 1 511.59 -3.56302 0.0666667 
10.5 0.5 6 1 478.889 307.828 0.0666667 
10.5 10.5 -0.5 1 28.329 -56.5335 0.0666667 
10.5 10.5 6 1 -1.88436 261.406 0.0666667 
0.5 10.5 -0.5 1 140.745 102.796 0.0666667 
0.5 10.5 6 1 126.296 254.787 0.0666667 
0.5 5.5 9.5 1 233.195 345.819 0.0666667 
10.5 5.5 9.5 1 227.217 449.585 0.0666667 
0.5 6.5 -0.5 1 234.476 110.071 0.0666667 
0.5 8.5 -0.5 1 187.896 106.247 0.0666667 
0.5 8.5 4.5 1 174.76 223.931 0.0666667 
0.5 6.5 4.5 1 225.583 226.599 0.0666667 
0.5 2.5 2 1 322.186 178.8 0.0666667 
0.5 4.5 2 1 278.653 175.848 0.0666667 
0.5 4.5 4.5 1 268.93 233.55 0.0666667 
0.5 2.5 4.5 1 316.643 237.764 0.0666667 
