0 0 0 1 37.8957 53.5801 6.99999 
0 0 6.5 1 38.0277 213.304 6.99999 
10 0 0 1 243.193 99.3893 6.99999 
10 0 6.5 1 235.749 218.055 6.99999 
10 10 0 1 397.84 62.4292 6.99999 
10 10 6.5 1 380.488 242.42 6.99999 
0 10 0 1 126.217 -36.7871 6.99999 
0 10 6.5 1 118.915 241.95 6.99999 
0 5 10 1 65.6217 328.735 6.99999 
10 5 10 1 286.746 305.61 6.99999 
0 6 0 1 78.6237 11.2151 6.99999 
0 8 0 1 97.8726 -9.74627 6.99999 
0 8 5 1 92.978 181.802 6.99999 
0 6 5 1 76.1036 179.97 6.99999 
0 2 2.5 1 47.5988 109.119 6.99999 
0 4 2.5 1 61.0277 104.763 6.99999 
0 4 5 1 61.2105 177.456 6.99999 
0 2 5 1 48.5519 177.541 6.99999 
0.5 0.5 -0.5 1 55.1435 38.1428 6.99999 
0.5 0.5 6 1 54.9097 201.472 6.99999 
10.5 0.5 -0.5 1 256.885 87.1802 6.99999 
10.5 0.5 6 1 246.755 212.762 6.99999 
10.5 10.5 -0.5 1 424.473 47.411 6.99999 
10.5 10.5 6 1 399.95 234.414 6.99999 
0.5 10.5 -0.5 1 157.085 -60.3592 6.99999 
0.5 10.5 6 1 143.084 226.272 6.99999 
0.5 5.5 9.5 1 84.708 315.152 6.99999 
10.5 5.5 9.5 1 302.239 294.781 6.99999 
0.5 6.5 -0.5 1 104.451 -5.58606 6.99999 
0.5 8.5 -0.5 1 126.454 -28.254 6.99999 
0.5 8.5 4.5 1 118.819 161.929 6.99999 
0.5 6.5 4.5 1 94.6746 164.139 6.99999 
0.5 2.5 2 1 66.612 98.566 6.99999 
0.5 4.5 2 1 80.1282 85.2974 6.99999 
0.5 4.5 4.5 1 80.1817 169.046 6.99999 
0.5 2.5 4.5 1 66.2644 166.519 6.99999 
