0 0 0 1 286.73 93.4952 2.63333 
0 0 6.5 1 291.188 218.873 2.63333 
10 0 0 1 491.459 30.6492 2.63333 
10 0 6.5 1 495.475 200.668 2.63333 
10 10 0 1 356.444 -72.3279 2.63333 
10 10 6.5 1 376.073 224.149 2.63333 
0 10 0 1 111.095 57.3477 2.63333 
0 10 6.5 1 130.892 234.847 2.63333 
0 5 10 1 233.098 302.625 2.63333 
10 5 10 1 454.602 319.287 2.63333 
0 6 0 1 199.307 73.5261 2.63333 
0 8 0 1 159.66 66.7002 2.63333 
0 8 5 1 168.38 192.332 2.63333 
0 6 5 1 207.06 190.257 2.63333 
0 2 2.5 1 261.793 141.811 2.63333 
0 4 2.5 1 236.999 138.164 2.63333 
0 4 5 1 240.003 193.553 2.63333 
0 2 5 1 267.914 189.054 2.63333 
0.5 0.5 -0.5 1 286.481 79.8316 2.63333 
0.5 0.5 6 1 294.893 209.414 2.63333 
10.5 0.5 -0.5 1 499.79 6.53518 2.63333 
10.5 0.5 6 1 506.664 188.984 2.63333 
10.5 10.5 -0.5 1 363.31 -121.24 2.63333 
10.5 10.5 6 1 381.666 200.954 2.63333 
0.5 10.5 -0.5 1 106.297 36.3117 2.63333 
0.5 10.5 6 1 127.1 222.566 2.63333 
0.5 5.5 9.5 1 234.031 291.33 2.63333 
10.5 5.5 9.5 1 469.647 308.416 2.63333 
0.5 6.5 -0.5 1 194.513 55.9224 2.63333 
0.5 8.5 -0.5 1 151.85 50.0902 2.63333 
0.5 8.5 4.5 1 168.187 178.594 2.63333 
0.5 6.5 4.5 1 206.794 183.291 2.63333 
0.5 2.5 2 1 264.542 125.172 2.63333 
0.5 4.5 2 1 233.075 126.979 2.63333 
0.5 4.5 4.5 1 239.428 180.712 2.63333 
0.5 2.5 4.5 1 266.158 178.62 2.63333 
