0 0 0 1 229.299 236.605 3.9 
0 0 6.5 1 235.448 353.725 3.9 
10 0 0 1 414.078 209.73 3.9 
10 0 6.5 1 427.61 345.356 3.9 
10 10 0 1 402.295 145.934 3.9 
10 10 6.5 1 433.696 370.249 3.9 
0 10 0 1 123.104 199.75 3.9 
0 10 6.5 1 128.231 379.855 3.9 
0 5 10 1 197.16 446.712 3.9 
10 5 10 1 441.904 451.3 3.9 
0 6 0 1 177.938 217.259 3.9 
0 8 0 1 150.007 209.482 3.9 
0 8 5 1 156.582 332.475 3.9 
0 6 5 1 181.268 330.072 3.9 
0 2 2.5 1 220.435 281.068 3.9 
0 4 2.5 1 198.145 275.694 3.9 
0 4 5 1 202.35 328.161 3.9 
0 2 5 1 222.788 326.146 3.9 
0.5 0.5 -0.5 1 232.339 226.228 3.9 
0.5 0.5 6 1 242.275 344.36 3.9 
10.5 0.5 -0.5 1 423.647 197.396 3.9 
10.5 0.5 6 1 439.604 330.335 3.9 
10.5 10.5 -0.5 1 421.289 120.889 3.9 
10.5 10.5 6 1 447.792 353.781 3.9 
0.5 10.5 -0.5 1 122.585 180.838 3.9 
0.5 10.5 6 1 129.31 365.543 3.9 
0.5 5.5 9.5 1 203.16 435.607 3.9 
10.5 5.5 9.5 1 455.008 439.722 3.9 
0.5 6.5 -0.5 1 179.392 204.026 3.9 
0.5 8.5 -0.5 1 155.863 193.716 3.9 
0.5 8.5 4.5 1 158.638 319.934 3.9 
0.5 6.5 4.5 1 184.197 318.195 3.9 
0.5 2.5 2 1 219.628 267.28 3.9 
0.5 4.5 2 1 203.654 261.904 3.9 
0.5 4.5 4.5 1 206.065 318.218 3.9 
0.5 2.5 4.5 1 227.224 315.889 3.9 
