0 0 0 1 423.981 -57.7723 14.5001 
0 0 6.5 1 413.519 178.169 14.5001 
10 0 0 1 89.4997 -21.4827 14.5001 
10 0 6.5 1 106.232 188.504 14.5001 
10 10 0 1 184.641 55.4265 14.5001 
10 10 6.5 1 192.161 180.955 14.5001 
0 10 0 1 380.313 38.7838 14.5001 
0 10 6.5 1 379.19 171.721 14.5001 
0 5 10 1 390.241 258.416 14.5001 
10 5 10 1 165.184 260.219 14.5001 
0 6 0 1 393.421 9.84806 14.5001 
0 8 0 1 386.298 26.4973 14.5001 
0 8 5 1 384.897 140.68 14.5001 
0 6 5 1 390.987 138.77 14.5001 
0 2 2.5 1 408.937 53.9809 14.5001 
0 4 2.5 1 396.438 65.9555 14.5001 
0 4 5 1 395.78 135.706 14.5001 
0 2 5 1 404.073 134.42 14.5001 
0.5 0.5 -0.5 1 404.019 -64.4133 14.5001 
0.5 0.5 6 1 395.717 163.815 14.5001 
10.5 0.5 -0.5 1 82.6576 -30.9471 14.5001 
10.5 0.5 6 1 100.33 174.781 14.5001 
10.5 10.5 -0.5 1 173.453 47.013 14.5001 
10.5 10.5 6 1 185.538 170.235 14.5001 
0.5 10.5 -0.5 1 368.572 32.9205 14.5001 
0.5 10.5 6 1 367.761 163.5 14.5001 
0.5 5.5 9.5 1 375.241 244.48 14.5001 
10.5 5.5 9.5 1 158.718 244.439 14.5001 
0.5 6.5 -0.5 1 376.397 4.27575 14.5001 
0.5 8.5 -0.5 1 370.389 19.084 14.5001 
0.5 8.5 4.5 1 373.785 134.634 14.5001 
0.5 6.5 4.5 1 375.545 128.685 14.5001 
0.5 2.5 2 1 390.369 44.4159 14.5001 
0.5 4.5 2 1 383.818 57.9879 14.5001 
0.5 4.5 4.5 1 381.615 125.025 14.5001 
0.5 2.5 4.5 1 389.927 118.689 14.5001 
