0 0 0 1 389.099 129.551 19.1001 
0 0 6.5 1 372.795 286.302 19.1001 
10 0 0 1 386.35 2.16403 19.1001 
10 0 6.5 1 352.628 327.647 19.1001 
10 10 0 1 -18.919 20.6892 19.1001 
10 10 6.5 1 -34.5845 271.182 19.1001 
0 10 0 1 164.354 122.291 19.1001 
0 10 6.5 1 154.718 259.934 19.1001 
0 5 10 1 247.394 352.362 19.1001 
10 5 10 1 123.147 442.465 19.1001 
0 6 0 1 248.711 125.758 19.1001 
0 8 0 1 205.773 125.314 19.1001 
0 8 5 1 196.442 231.537 19.1001 
0 6 5 1 238.255 237.826 19.1001 
0 2 2.5 1 331.019 184.924 19.1001 
0 4 2.5 1 287.151 183.376 19.1001 
0 4 5 1 281.593 242.161 19.1001 
0 2 5 1 327.996 247.781 19.1001 
0.5 0.5 -0.5 1 379.025 110.673 19.1001 
0.5 0.5 6 1 359.107 275.007 19.1001 
10.5 0.5 -0.5 1 363.334 -40.6983 19.1001 
10.5 0.5 6 1 325.973 302.998 19.1001 
10.5 10.5 -0.5 1 -47.0045 -10.789 19.1001 
10.5 10.5 6 1 -63.3696 249.528 19.1001 
0.5 10.5 -0.5 1 153.68 108.155 19.1001 
0.5 10.5 6 1 141.017 250.581 19.1001 
0.5 5.5 9.5 1 239.409 341.617 19.1001 
10.5 5.5 9.5 1 94.321 426.608 19.1001 
0.5 6.5 -0.5 1 233.826 108.007 19.1001 
0.5 8.5 -0.5 1 192.037 107.515 19.1001 
0.5 8.5 4.5 1 180.082 221.358 19.1001 
0.5 6.5 4.5 1 222.673 223.18 19.1001 
0.5 2.5 2 1 319.713 169.685 19.1001 
0.5 4.5 2 1 273.292 167.88 19.1001 
0.5 4.5 4.5 1 265.497 229 19.1001 
0.5 2.5 4.5 1 314.243 232.566 19.1001 
