0 0 0 1 374.125 241.351 17.5667 
0 0 6.5 1 379.634 415.885 17.5667 
10 0 0 1 158.121 165.272 17.5667 
10 0 6.5 1 140.681 460.617 17.5667 
10 10 0 1 10.8726 229.491 17.5667 
10 10 6.5 1 -16.7874 404.335 17.5667 
0 10 0 1 207.186 265.058 17.5667 
0 10 6.5 1 200.77 393.268 17.5667 
0 5 10 1 269.395 488.402 17.5667 
10 5 10 1 26.6527 562.721 17.5667 
0 6 0 1 259.713 258.258 17.5667 
0 8 0 1 233.421 263.123 17.5667 
0 8 5 1 228.798 363.147 17.5667 
0 6 5 1 259.539 364.352 17.5667 
0 2 2.5 1 330.54 309.31 17.5667 
0 4 2.5 1 292.168 307.584 17.5667 
0 4 5 1 291.876 367.852 17.5667 
0 2 5 1 330.089 372.685 17.5667 
0.5 0.5 -0.5 1 352.743 229.181 17.5667 
0.5 0.5 6 1 357.164 400.812 17.5667 
10.5 0.5 -0.5 1 133.619 147.455 17.5667 
10.5 0.5 6 1 107.093 431.469 17.5667 
10.5 10.5 -0.5 1 -10.2057 218.677 17.5667 
10.5 10.5 6 1 -32.6564 389.178 17.5667 
0.5 10.5 -0.5 1 195.017 257.597 17.5667 
0.5 10.5 6 1 189.032 382.098 17.5667 
0.5 5.5 9.5 1 253.274 475.098 17.5667 
10.5 5.5 9.5 1 4.65404 543.917 17.5667 
0.5 6.5 -0.5 1 244.787 246.968 17.5667 
0.5 8.5 -0.5 1 218.766 250.051 17.5667 
0.5 8.5 4.5 1 212.555 352.482 17.5667 
0.5 6.5 4.5 1 242.058 356.337 17.5667 
0.5 2.5 2 1 311.994 292.702 17.5667 
0.5 4.5 2 1 276.893 295.656 17.5667 
0.5 4.5 4.5 1 275.06 354.583 17.5667 
0.5 2.5 4.5 1 315.092 356.483 17.5667 
