0 0 0 1 280.552 109.186 2.73333 
0 0 6.5 1 287.637 228.381 2.73333 
10 0 0 1 482.645 49.3014 2.73333 
10 0 6.5 1 489.49 216.982 2.73333 
10 10 0 1 362.356 -47.1592 2.73333 
10 10 6.5 1 381.743 237.84 2.73333 
0 10 0 1 113.991 69.7117 2.73333 
0 10 6.5 1 131.95 249.017 2.73333 
0 5 10 1 232.88 312.157 2.73333 
10 5 10 1 453.857 329.27 2.73333 
0 6 0 1 195.237 90.1539 2.73333 
0 8 0 1 157.946 80.4906 2.73333 
0 8 5 1 171.003 207.749 2.73333 
0 6 5 1 203.591 205.568 2.73333 
0 2 2.5 1 258.813 154.057 2.73333 
0 4 2.5 1 229.984 149.56 2.73333 
0 4 5 1 236.548 205.023 2.73333 
0 2 5 1 264.131 201.496 2.73333 
0.5 0.5 -0.5 1 281.567 93.8833 2.73333 
0.5 0.5 6 1 289.503 221.926 2.73333 
10.5 0.5 -0.5 1 495.066 26.5818 2.73333 
10.5 0.5 6 1 502.159 199.779 2.73333 
10.5 10.5 -0.5 1 373.026 -95.7713 2.73333 
10.5 10.5 6 1 390.626 215.632 2.73333 
0.5 10.5 -0.5 1 105.395 53.8776 2.73333 
0.5 10.5 6 1 128.566 235.972 2.73333 
0.5 5.5 9.5 1 228.55 303.439 2.73333 
10.5 5.5 9.5 1 467.517 321.076 2.73333 
0.5 6.5 -0.5 1 193.65 71.676 2.73333 
0.5 8.5 -0.5 1 156.513 64.7496 2.73333 
0.5 8.5 4.5 1 169.435 192.301 2.73333 
0.5 6.5 4.5 1 205.459 191.058 2.73333 
0.5 2.5 2 1 262.6 139.498 2.73333 
0.5 4.5 2 1 230.735 136.342 2.73333 
0.5 4.5 4.5 1 235.505 193.103 2.73333 
0.5 2.5 4.5 1 266.138 190.874 2.73333 
