0 0 0 1 374.643 142.208 16.3668 
0 0 6.5 1 395.218 317.033 16.3668 
10 0 0 1 94.6936 114.247 16.3668 
10 0 6.5 1 106.387 344.168 16.3668 
10 10 0 1 71.8766 202.78 16.3668 
10 10 6.5 1 80.3563 338.904 16.3668 
0 10 0 1 260.17 204.357 16.3668 
0 10 6.5 1 272.504 321.716 16.3668 
0 5 10 1 329.292 396.144 16.3668 
10 5 10 1 92.8109 438.109 16.3668 
0 6 0 1 297.156 188.421 16.3668 
0 8 0 1 278.164 198.431 16.3668 
0 8 5 1 283.472 289.352 16.3668 
0 6 5 1 306.682 287.561 16.3668 
0 2 2.5 1 347.363 220.537 16.3668 
0 4 2.5 1 321.915 229.436 16.3668 
0 4 5 1 327.723 286.143 16.3668 
0 2 5 1 356.336 281.343 16.3668 
0.5 0.5 -0.5 1 353.395 133.952 16.3668 
0.5 0.5 6 1 371.346 304.881 16.3668 
10.5 0.5 -0.5 1 73.9402 100.9 16.3668 
10.5 0.5 6 1 78.4868 324.24 16.3668 
10.5 10.5 -0.5 1 63.423 195.358 16.3668 
10.5 10.5 6 1 68.369 327.525 16.3668 
0.5 10.5 -0.5 1 250.039 198.507 16.3668 
0.5 10.5 6 1 258.348 312.71 16.3668 
0.5 5.5 9.5 1 310.245 388.571 16.3668 
10.5 5.5 9.5 1 74.4038 422.568 16.3668 
0.5 6.5 -0.5 1 283.541 175.448 16.3668 
0.5 8.5 -0.5 1 264.428 189.83 16.3668 
0.5 8.5 4.5 1 273.465 284.264 16.3668 
0.5 6.5 4.5 1 290.068 278.988 16.3668 
0.5 2.5 2 1 333.517 211.682 16.3668 
0.5 4.5 2 1 307.346 221.648 16.3668 
0.5 4.5 4.5 1 311.639 277.355 16.3668 
0.5 2.5 4.5 1 335.896 265.995 16.3668 
