0 0 0 1 411.857 5.69317 12.7001 
0 0 6.5 1 378.981 282.819 12.7001 
10 0 0 1 151.649 77.8647 12.7001 
10 0 6.5 1 135.114 250.493 12.7001 
10 10 0 1 307.746 138.567 12.7001 
10 10 6.5 1 292.158 260.573 12.7001 
0 10 0 1 511.361 118.611 12.7001 
0 10 6.5 1 495.321 283.308 12.7001 
0 5 10 1 439.092 390.467 12.7001 
10 5 10 1 221.477 332.042 12.7001 
0 6 0 1 482.022 87.2681 12.7001 
0 8 0 1 499.687 105.745 12.7001 
0 8 5 1 483.198 244.974 12.7001 
0 6 5 1 464.848 236.197 12.7001 
0 2 2.5 1 427.214 132.755 12.7001 
0 4 2.5 1 453.494 151.85 12.7001 
0 4 5 1 444.956 235.204 12.7001 
0 2 5 1 418.51 224.991 12.7001 
0.5 0.5 -0.5 1 397.676 -2.46147 12.7001 
0.5 0.5 6 1 372.885 258.801 12.7001 
10.5 0.5 -0.5 1 153.764 69.4242 12.7001 
10.5 0.5 6 1 140.741 238.158 12.7001 
10.5 10.5 -0.5 1 303.18 132.29 12.7001 
10.5 10.5 6 1 291.829 250.359 12.7001 
0.5 10.5 -0.5 1 504.327 112.24 12.7001 
0.5 10.5 6 1 486.851 268.023 12.7001 
0.5 5.5 9.5 1 428.519 370.256 12.7001 
10.5 5.5 9.5 1 221.334 315.862 12.7001 
0.5 6.5 -0.5 1 474.027 79.6514 12.7001 
0.5 8.5 -0.5 1 491.36 98.4371 12.7001 
0.5 8.5 4.5 1 474.427 227.637 12.7001 
0.5 6.5 4.5 1 457.709 224.076 12.7001 
0.5 2.5 2 1 420.296 123.687 12.7001 
0.5 4.5 2 1 445.771 137.257 12.7001 
0.5 4.5 4.5 1 436.934 219.937 12.7001 
0.5 2.5 4.5 1 411.146 210.427 12.7001 
