0 0 0 1 437.707 27.3353 13.5334 
0 0 6.5 1 408.124 276.822 13.5334 
10 0 0 1 131.668 51.2264 13.5334 
10 0 6.5 1 133.776 237.679 13.5334 
10 10 0 1 257.887 100.523 13.5334 
10 10 6.5 1 253.278 222.626 13.5334 
0 10 0 1 458.205 97.5176 13.5334 
0 10 6.5 1 443.432 242.541 13.5334 
0 5 10 1 419.549 351.49 13.5334 
10 5 10 1 203.648 301.814 13.5334 
0 6 0 1 455.228 77.913 13.5334 
0 8 0 1 457.861 87.1096 13.5334 
0 8 5 1 443.742 211.893 13.5334 
0 6 5 1 439.862 213.89 13.5334 
0 2 2.5 1 434.06 135.782 13.5334 
0 4 2.5 1 444.139 142.754 13.5334 
0 4 5 1 436.85 217.948 13.5334 
0 2 5 1 424.009 222.058 13.5334 
0.5 0.5 -0.5 1 420.708 13.0298 13.5334 
0.5 0.5 6 1 396.121 257.327 13.5334 
10.5 0.5 -0.5 1 131.077 43.7678 13.5334 
10.5 0.5 6 1 126.92 220.649 13.5334 
10.5 10.5 -0.5 1 254.767 95.4682 13.5334 
10.5 10.5 6 1 250.294 213.895 13.5334 
0.5 10.5 -0.5 1 450.371 86.6074 13.5334 
0.5 10.5 6 1 433.911 231.04 13.5334 
0.5 5.5 9.5 1 410.691 330.018 13.5334 
10.5 5.5 9.5 1 197.124 285.451 13.5334 
0.5 6.5 -0.5 1 444.988 65.8972 13.5334 
0.5 8.5 -0.5 1 449.278 77.8955 13.5334 
0.5 8.5 4.5 1 432.593 196.851 13.5334 
0.5 6.5 4.5 1 428.59 199.749 13.5334 
0.5 2.5 2 1 421.545 121.28 13.5334 
0.5 4.5 2 1 429.023 127.094 13.5334 
0.5 4.5 4.5 1 421.895 200.813 13.5334 
0.5 2.5 4.5 1 412.846 200.889 13.5334 
