0 0 0 1 384.214 110.123 0.266667 
0 0 6.5 1 367.589 257.5 0.266667 
10 0 0 1 544.909 -3.96933 0.266667 
10 0 6.5 1 508.23 286.818 0.266667 
10 10 0 1 83.8025 -68.682 0.266667 
10 10 6.5 1 59.2457 249.961 0.266667 
0 10 0 1 153.32 82.1553 0.266667 
0 10 6.5 1 141.451 236.768 0.266667 
0 5 10 1 250.062 325.524 0.266667 
10 5 10 1 276.941 421.879 0.266667 
0 6 0 1 251.338 92.6564 0.266667 
0 8 0 1 201.919 89.0656 0.266667 
0 8 5 1 190.525 205.914 0.266667 
0 6 5 1 235.691 212.468 0.266667 
0 2 2.5 1 334.71 160.972 0.266667 
0 4 2.5 1 286.573 159.656 0.266667 
0 4 5 1 284.143 216.283 0.266667 
0 2 5 1 325.996 220.338 0.266667 
0.5 0.5 -0.5 1 377.41 93.1813 0.266667 
0.5 0.5 6 1 359.628 245.624 0.266667 
10.5 0.5 -0.5 1 542.966 -46.2458 0.266667 
10.5 0.5 6 1 505.253 266.363 0.266667 
10.5 10.5 -0.5 1 50.4429 -119.409 0.266667 
10.5 10.5 6 1 26.0262 221.559 0.266667 
0.5 10.5 -0.5 1 140.351 64.4074 0.266667 
0.5 10.5 6 1 127.201 227.166 0.266667 
0.5 5.5 9.5 1 239.347 318.197 0.266667 
10.5 5.5 9.5 1 258.242 408.438 0.266667 
0.5 6.5 -0.5 1 236.303 77.5467 0.266667 
0.5 8.5 -0.5 1 187.325 69.2844 0.266667 
0.5 8.5 4.5 1 179.669 192.006 0.266667 
0.5 6.5 4.5 1 229.771 195.2 0.266667 
0.5 2.5 2 1 327.062 147.754 0.266667 
0.5 4.5 2 1 275.979 141.52 0.266667 
0.5 4.5 4.5 1 274.004 199.787 0.266667 
0.5 2.5 4.5 1 321.142 208.437 0.266667 
