0 0 0 1 438.736 -30.2148 14.0001 
0 0 6.5 1 421.162 217.554 14.0001 
10 0 0 1 112.122 3.28789 14.0001 
10 0 6.5 1 120.227 205.067 14.0001 
10 10 0 1 227.185 64.1151 14.0001 
10 10 6.5 1 225.169 187.5 14.0001 
0 10 0 1 429.001 54.0289 14.0001 
0 10 6.5 1 411.908 196.865 14.0001 
0 5 10 1 409.61 288.236 14.0001 
10 5 10 1 181.829 268.994 14.0001 
0 6 0 1 430.091 31.5946 14.0001 
0 8 0 1 426.891 44.6967 14.0001 
0 8 5 1 415.262 163.484 14.0001 
0 6 5 1 415.401 164.909 14.0001 
0 2 2.5 1 427.478 83.2856 14.0001 
0 4 2.5 1 426.731 94.0931 14.0001 
0 4 5 1 419.672 163.916 14.0001 
0 2 5 1 421.119 164.483 14.0001 
0.5 0.5 -0.5 1 421.862 -40.6059 14.0001 
0.5 0.5 6 1 404.945 197.959 14.0001 
10.5 0.5 -0.5 1 106.632 -7.496 14.0001 
10.5 0.5 6 1 115.982 189.016 14.0001 
10.5 10.5 -0.5 1 220.755 60.2427 14.0001 
10.5 10.5 6 1 222.139 177.544 14.0001 
0.5 10.5 -0.5 1 415.693 45.1224 14.0001 
0.5 10.5 6 1 403.85 183.226 14.0001 
0.5 5.5 9.5 1 398.586 272.034 14.0001 
10.5 5.5 9.5 1 180.674 252.029 14.0001 
0.5 6.5 -0.5 1 416.842 20.3241 14.0001 
0.5 8.5 -0.5 1 417.605 34.8427 14.0001 
0.5 8.5 4.5 1 405.395 153.005 14.0001 
0.5 6.5 4.5 1 406.959 152.989 14.0001 
0.5 2.5 2 1 411.512 69.766 14.0001 
0.5 4.5 2 1 410.036 78.2116 14.0001 
0.5 4.5 4.5 1 405.677 149.152 14.0001 
0.5 2.5 4.5 1 406.173 147.117 14.0001 
