0 0 0 1 -59.4074 62.3049 9.06667 
0 0 6.5 1 -23.5105 313.1 9.06667 
10 0 0 1 142.675 129.104 9.06667 
10 0 6.5 1 159.44 268.168 9.06667 
10 10 0 1 361.904 92.469 9.06667 
10 10 6.5 1 375.502 251.802 9.06667 
0 10 0 1 333.779 -37.7262 9.06667 
0 10 6.5 1 355.759 295.919 9.06667 
0 5 10 1 156.883 449.828 9.06667 
10 5 10 1 263.761 337.495 9.06667 
0 6 0 1 146.32 11.3261 9.06667 
0 8 0 1 233.98 -13.2449 9.06667 
0 8 5 1 258.133 233.05 9.06667 
0 6 5 1 171.812 238.013 9.06667 
0 2 2.5 1 14.372 150.198 9.06667 
0 4 2.5 1 85.2757 137.733 9.06667 
0 4 5 1 92.9902 246.966 9.06667 
0 2 5 1 26.7333 249.406 9.06667 
0.5 0.5 -0.5 1 -30.3135 43.4497 9.06667 
0.5 0.5 6 1 2.17868 289.84 9.06667 
10.5 0.5 -0.5 1 155.992 120.415 9.06667 
10.5 0.5 6 1 169.416 257.228 9.06667 
10.5 10.5 -0.5 1 373.93 79.6909 9.06667 
10.5 10.5 6 1 384.809 237.651 9.06667 
0.5 10.5 -0.5 1 362.305 -52.745 9.06667 
0.5 10.5 6 1 382.274 267.276 9.06667 
0.5 5.5 9.5 1 182.077 421.155 9.06667 
10.5 5.5 9.5 1 277.058 324.926 9.06667 
0.5 6.5 -0.5 1 177.461 -9.45728 9.06667 
0.5 8.5 -0.5 1 260.793 -30.8802 9.06667 
0.5 8.5 4.5 1 281.962 205.32 9.06667 
0.5 6.5 4.5 1 200.604 214.597 9.06667 
0.5 2.5 2 1 44.3466 130.428 9.06667 
0.5 4.5 2 1 112.546 117.039 9.06667 
0.5 4.5 4.5 1 123.266 221.85 9.06667 
0.5 2.5 4.5 1 53.8438 229.772 9.06667 
