0 0 0 1 365.678 69.7799 1.06667 
0 0 6.5 1 356.482 215.598 1.06667 
10 0 0 1 588.832 -6.26221 1.06667 
10 0 6.5 1 548.21 248.764 1.06667 
10 10 0 1 189.123 -101.751 1.06667 
10 10 6.5 1 183.254 253.428 1.06667 
0 10 0 1 140.695 37.4161 1.06667 
0 10 6.5 1 138.531 210.29 1.06667 
0 5 10 1 253.272 290.199 1.06667 
10 5 10 1 374.992 387.478 1.06667 
0 6 0 1 241.225 53.4705 1.06667 
0 8 0 1 190.535 47.2548 1.06667 
0 8 5 1 191.682 175.826 1.06667 
0 6 5 1 234.112 177.39 1.06667 
0 2 2.5 1 319.911 124.28 1.06667 
0 4 2.5 1 283.385 121.11 1.06667 
0 4 5 1 280.512 177.062 1.06667 
0 2 5 1 316.909 180.948 1.06667 
0.5 0.5 -0.5 1 366.173 53.2381 1.06667 
0.5 0.5 6 1 348.237 203.783 1.06667 
10.5 0.5 -0.5 1 594.902 -38.3594 1.06667 
10.5 0.5 6 1 551.637 233.653 1.06667 
10.5 10.5 -0.5 1 165.158 -160.228 1.06667 
10.5 10.5 6 1 161.362 232.515 1.06667 
0.5 10.5 -0.5 1 130.018 19.9997 1.06667 
0.5 10.5 6 1 126.634 200.952 1.06667 
0.5 5.5 9.5 1 246.233 280.821 1.06667 
10.5 5.5 9.5 1 370.708 378.428 1.06667 
0.5 6.5 -0.5 1 228.21 33.9292 1.06667 
0.5 8.5 -0.5 1 183.818 28.0584 1.06667 
0.5 8.5 4.5 1 177.979 160.176 1.06667 
0.5 6.5 4.5 1 226.14 165.81 1.06667 
0.5 2.5 2 1 318.418 109.808 1.06667 
0.5 4.5 2 1 273.943 107.015 1.06667 
0.5 4.5 4.5 1 272.109 166.56 1.06667 
0.5 2.5 4.5 1 310.955 168.234 1.06667 
