0 0 0 1 128.303 225.339 5.6 
0 0 6.5 1 112.141 352.867 5.6 
10 0 0 1 309.94 244.155 5.6 
10 0 6.5 1 304.342 362.995 5.6 
10 10 0 1 395.815 205.261 5.6 
10 10 6.5 1 393.632 397.627 5.6 
0 10 0 1 106.535 168.648 5.6 
0 10 6.5 1 82.2664 380.826 5.6 
0 5 10 1 92.7472 453.719 5.6 
10 5 10 1 331.046 458.443 5.6 
0 6 0 1 120.822 197.898 5.6 
0 8 0 1 112.888 186.199 5.6 
0 8 5 1 98.8062 328.219 5.6 
0 6 5 1 103.544 325.679 5.6 
0 2 2.5 1 118.347 269.871 5.6 
0 4 2.5 1 116.996 264.31 5.6 
0 4 5 1 108.807 323.663 5.6 
0 2 5 1 112.294 321.581 5.6 
0.5 0.5 -0.5 1 136.438 213.904 5.6 
0.5 0.5 6 1 124.99 341.375 5.6 
10.5 0.5 -0.5 1 320.129 237.163 5.6 
10.5 0.5 6 1 314.654 352.823 5.6 
10.5 10.5 -0.5 1 421.614 193.043 5.6 
10.5 10.5 6 1 414.143 387.131 5.6 
0.5 10.5 -0.5 1 126.792 151.565 5.6 
0.5 10.5 6 1 97.2785 366.967 5.6 
0.5 5.5 9.5 1 109.022 443.814 5.6 
10.5 5.5 9.5 1 345.976 449.909 5.6 
0.5 6.5 -0.5 1 130.919 182.936 5.6 
0.5 8.5 -0.5 1 129.839 171.348 5.6 
0.5 8.5 4.5 1 108.35 313.794 5.6 
0.5 6.5 4.5 1 115.335 312.639 5.6 
0.5 2.5 2 1 131.766 259.173 5.6 
0.5 4.5 2 1 129.696 254.26 5.6 
0.5 4.5 4.5 1 123.599 312.376 5.6 
0.5 2.5 4.5 1 123.781 311.926 5.6 
