0 0 0 1 168.767 103.557 10.9334 
0 0 6.5 1 155.887 418.111 10.9334 
10 0 0 1 142.109 223.222 10.9334 
10 0 6.5 1 132.642 381.449 10.9334 
10 10 0 1 353.31 235.599 10.9334 
10 10 6.5 1 362.174 377.188 10.9334 
0 10 0 1 525.406 155.795 10.9334 
0 10 6.5 1 555.28 396.435 10.9334 
0 5 10 1 395.456 582.601 10.9334 
10 5 10 1 257.14 466.693 10.9334 
0 6 0 1 402.925 140.206 10.9334 
0 8 0 1 468.921 147.019 10.9334 
0 8 5 1 488.072 338.161 10.9334 
0 6 5 1 420.235 336.912 10.9334 
0 2 2.5 1 255.262 223.422 10.9334 
0 4 2.5 1 338.575 227.094 10.9334 
0 4 5 1 342.149 335.978 10.9334 
0 2 5 1 256.677 335.77 10.9334 
0.5 0.5 -0.5 1 187.991 99.0085 10.9334 
0.5 0.5 6 1 179.938 386.781 10.9334 
10.5 0.5 -0.5 1 150.888 215.382 10.9334 
10.5 0.5 6 1 146.883 365.582 10.9334 
10.5 10.5 -0.5 1 359.461 227.08 10.9334 
10.5 10.5 6 1 363.865 361.607 10.9334 
0.5 10.5 -0.5 1 524.848 149.954 10.9334 
0.5 10.5 6 1 553.882 376.868 10.9334 
0.5 5.5 9.5 1 401.638 541.095 10.9334 
10.5 5.5 9.5 1 260.176 447.93 10.9334 
0.5 6.5 -0.5 1 408.021 131.84 10.9334 
0.5 8.5 -0.5 1 466.678 141.207 10.9334 
0.5 8.5 4.5 1 487.092 316.655 10.9334 
0.5 6.5 4.5 1 423.55 316.8 10.9334 
0.5 2.5 2 1 267.493 208.815 10.9334 
0.5 4.5 2 1 344.258 214.222 10.9334 
0.5 4.5 4.5 1 352.603 313.99 10.9334 
0.5 2.5 4.5 1 270.863 315.069 10.9334 
