0 0 0 1 -12.741 121.098 9.66668 
0 0 6.5 1 7.13689 402.659 9.66668 
10 0 0 1 138.953 195.485 9.66668 
10 0 6.5 1 150.614 340.616 9.66668 
10 10 0 1 366.216 170.932 9.66668 
10 10 6.5 1 379.867 319.6 9.66668 
0 10 0 1 423.431 62.8796 9.66668 
0 10 6.5 1 459.977 369.857 9.66668 
0 5 10 1 239.058 554.811 9.66668 
10 5 10 1 270.587 413.14 9.66668 
0 6 0 1 236.171 92.1782 9.66668 
0 8 0 1 328.15 78.0731 9.66668 
0 8 5 1 356.285 307.896 9.66668 
0 6 5 1 260.546 315.033 9.66668 
0 2 2.5 1 77.6564 222.241 9.66668 
0 4 2.5 1 160.302 210.685 9.66668 
0 4 5 1 171.909 321.37 9.66668 
0 2 5 1 85.81 332.061 9.66668 
0.5 0.5 -0.5 1 17.8021 108.903 9.66668 
0.5 0.5 6 1 36.5319 373.288 9.66668 
10.5 0.5 -0.5 1 151.435 186.397 9.66668 
10.5 0.5 6 1 165.276 328.404 9.66668 
10.5 10.5 -0.5 1 372.31 157.312 9.66668 
10.5 10.5 6 1 389.184 306.823 9.66668 
0.5 10.5 -0.5 1 439.58 51.6019 9.66668 
0.5 10.5 6 1 471.28 340.994 9.66668 
0.5 5.5 9.5 1 260.057 515.904 9.66668 
10.5 5.5 9.5 1 281.542 398.328 9.66668 
0.5 6.5 -0.5 1 259.858 74.5764 9.66668 
0.5 8.5 -0.5 1 347.071 62.2299 9.66668 
0.5 8.5 4.5 1 371.647 282.347 9.66668 
0.5 6.5 4.5 1 283.66 289.324 9.66668 
0.5 2.5 2 1 105.31 202.441 9.66668 
0.5 4.5 2 1 186.937 189.35 9.66668 
0.5 4.5 4.5 1 197.048 298.73 9.66668 
0.5 2.5 4.5 1 112.871 304.795 9.66668 
