0 0 0 1 413.506 -43.7587 14.6334 
0 0 6.5 1 411.364 181.159 14.6334 
10 0 0 1 84.0001 -15.6239 14.6334 
10 0 6.5 1 105.278 197.041 14.6334 
10 10 0 1 174.138 60.4714 14.6334 
10 10 6.5 1 179.665 188.876 14.6334 
0 10 0 1 368.816 45.9755 14.6334 
0 10 6.5 1 369.799 177.528 14.6334 
0 5 10 1 386.746 263.848 14.6334 
10 5 10 1 160.726 269.03 14.6334 
0 6 0 1 380.985 20.8671 14.6334 
0 8 0 1 371.322 37.6423 14.6334 
0 8 5 1 373.826 147.483 14.6334 
0 6 5 1 381.158 145.57 14.6334 
0 2 2.5 1 402.085 63.979 14.6334 
0 4 2.5 1 389.813 72.2639 14.6334 
0 4 5 1 388.98 140.825 14.6334 
0 2 5 1 397.926 139.632 14.6334 
0.5 0.5 -0.5 1 394.152 -54.5995 14.6334 
0.5 0.5 6 1 391.902 168.037 14.6334 
10.5 0.5 -0.5 1 73.578 -22.6938 14.6334 
10.5 0.5 6 1 97.0088 180.956 14.6334 
10.5 10.5 -0.5 1 165.418 55.0814 14.6334 
10.5 10.5 6 1 175.166 177.337 14.6334 
0.5 10.5 -0.5 1 355.499 39.8944 14.6334 
0.5 10.5 6 1 357.482 168.309 14.6334 
0.5 5.5 9.5 1 369.107 249.761 14.6334 
10.5 5.5 9.5 1 154.303 254.395 14.6334 
0.5 6.5 -0.5 1 366.64 14.5088 14.6334 
0.5 8.5 -0.5 1 363.136 26.99 14.6334 
0.5 8.5 4.5 1 364.781 139.043 14.6334 
0.5 6.5 4.5 1 368.663 135.16 14.6334 
0.5 2.5 2 1 381.236 51.391 14.6334 
0.5 4.5 2 1 374.006 63.6923 14.6334 
0.5 4.5 4.5 1 374.888 130.568 14.6334 
0.5 2.5 4.5 1 382.648 128.152 14.6334 
