0 0 0 1 374.021 194.802 16.8668 
0 0 6.5 1 390.319 366.099 16.8668 
10 0 0 1 115.213 139.052 16.8668 
10 0 6.5 1 111.001 389.667 16.8668 
10 10 0 1 50.5883 224.157 16.8668 
10 10 6.5 1 40.6168 374.516 16.8668 
0 10 0 1 239.892 245.618 16.8668 
0 10 6.5 1 245.525 363.325 16.8668 
0 5 10 1 308.301 444.465 16.8668 
10 5 10 1 63.2861 494.663 16.8668 
0 6 0 1 278.648 226.109 16.8668 
0 8 0 1 255.852 235.561 16.8668 
0 8 5 1 258.996 332.323 16.8668 
0 6 5 1 285.055 328.169 16.8668 
0 2 2.5 1 341.45 265.511 16.8668 
0 4 2.5 1 311.213 270.59 16.8668 
0 4 5 1 313.733 328.418 16.8668 
0 2 5 1 345.764 325.975 16.8668 
0.5 0.5 -0.5 1 351.93 183.465 16.8668 
0.5 0.5 6 1 365.313 353.404 16.8668 
10.5 0.5 -0.5 1 91.7166 126.208 16.8668 
10.5 0.5 6 1 84.0888 364.673 16.8668 
10.5 10.5 -0.5 1 35.2199 214.271 16.8668 
10.5 10.5 6 1 27.2286 365.291 16.8668 
0.5 10.5 -0.5 1 226.601 233.214 16.8668 
0.5 10.5 6 1 231.693 349.819 16.8668 
0.5 5.5 9.5 1 289.444 430.649 16.8668 
10.5 5.5 9.5 1 43.055 477.268 16.8668 
0.5 6.5 -0.5 1 266.128 215.335 16.8668 
0.5 8.5 -0.5 1 245.401 227.138 16.8668 
0.5 8.5 4.5 1 246.062 322.714 16.8668 
0.5 6.5 4.5 1 271.909 318.931 16.8668 
0.5 2.5 2 1 322.511 254.765 16.8668 
0.5 4.5 2 1 293.837 261.099 16.8668 
0.5 4.5 4.5 1 297.36 318.248 16.8668 
0.5 2.5 4.5 1 327.878 313.385 16.8668 
