0 0 0 1 219.685 238.7 4.06666 
0 0 6.5 1 224.622 354.229 4.06666 
10 0 0 1 402.129 214.503 4.06666 
10 0 6.5 1 419.053 344.07 4.06666 
10 10 0 1 404.952 145.106 4.06666 
10 10 6.5 1 431.761 363.1 4.06666 
0 10 0 1 122.593 194.649 4.06666 
0 10 6.5 1 123.006 374.083 4.06666 
0 5 10 1 189.548 444.854 4.06666 
10 5 10 1 429.723 446.973 4.06666 
0 6 0 1 170.044 215.961 4.06666 
0 8 0 1 149.29 202.9 4.06666 
0 8 5 1 151.987 326.637 4.06666 
0 6 5 1 173.077 326.728 4.06666 
0 2 2.5 1 208.075 279.967 4.06666 
0 4 2.5 1 191.418 274.386 4.06666 
0 4 5 1 192.694 326.522 4.06666 
0 2 5 1 213.015 327.655 4.06666 
0.5 0.5 -0.5 1 223.803 226.323 4.06666 
0.5 0.5 6 1 230.434 344.378 4.06666 
10.5 0.5 -0.5 1 411.752 205.133 4.06666 
10.5 0.5 6 1 425.576 335.86 4.06666 
10.5 10.5 -0.5 1 421.24 119.049 4.06666 
10.5 10.5 6 1 446.823 348.434 4.06666 
0.5 10.5 -0.5 1 123.514 173.834 4.06666 
0.5 10.5 6 1 125.653 360.338 4.06666 
0.5 5.5 9.5 1 198.011 433.259 4.06666 
10.5 5.5 9.5 1 450.491 436.079 4.06666 
0.5 6.5 -0.5 1 175.126 201.29 4.06666 
0.5 8.5 -0.5 1 154.26 186.454 4.06666 
0.5 8.5 4.5 1 157.327 319.2 4.06666 
0.5 6.5 4.5 1 181.477 315.487 4.06666 
0.5 2.5 2 1 214.446 267.446 4.06666 
0.5 4.5 2 1 199.897 264.019 4.06666 
0.5 4.5 4.5 1 198.988 315.566 4.06666 
0.5 2.5 4.5 1 216.373 314.64 4.06666 
