0 0 0 1 45.6009 51.9388 6.93333 
0 0 6.5 1 44.7143 210.01 6.93333 
10 0 0 1 250.079 96.6185 6.93333 
10 0 6.5 1 240.778 219.437 6.93333 
10 10 0 1 399.523 61.3192 6.93333 
10 10 6.5 1 380.225 244.927 6.93333 
0 10 0 1 126.127 -38.6118 6.93333 
0 10 6.5 1 115.374 238.059 6.93333 
0 5 10 1 66.7373 322.487 6.93333 
10 5 10 1 288.9 301.941 6.93333 
0 6 0 1 83.0433 13.4426 6.93333 
0 8 0 1 101.871 -8.80988 6.93333 
0 8 5 1 96.1496 178.374 6.93333 
0 6 5 1 79.7624 177.532 6.93333 
0 2 2.5 1 55.0533 112.326 6.93333 
0 4 2.5 1 66.8186 102.199 6.93333 
0 4 5 1 62.2282 174.497 6.93333 
0 2 5 1 48.2958 176.889 6.93333 
0.5 0.5 -0.5 1 61.2441 41.071 6.93333 
0.5 0.5 6 1 58.482 200.35 6.93333 
10.5 0.5 -0.5 1 262.131 92.8336 6.93333 
10.5 0.5 6 1 254.079 210.42 6.93333 
10.5 10.5 -0.5 1 425.225 49.716 6.93333 
10.5 10.5 6 1 402.552 229.757 6.93333 
0.5 10.5 -0.5 1 156.789 -61.6348 6.93333 
0.5 10.5 6 1 141.699 224.471 6.93333 
0.5 5.5 9.5 1 84.635 307.529 6.93333 
10.5 5.5 9.5 1 305.749 292.472 6.93333 
0.5 6.5 -0.5 1 103.215 -6.75293 6.93333 
0.5 8.5 -0.5 1 125.439 -30.7547 6.93333 
0.5 8.5 4.5 1 117.624 161.138 6.93333 
0.5 6.5 4.5 1 97.0799 162.527 6.93333 
0.5 2.5 2 1 71.7105 99.2015 6.93333 
0.5 4.5 2 1 80.8188 87.4255 6.93333 
0.5 4.5 4.5 1 83.4376 163.945 6.93333 
0.5 2.5 4.5 1 67.9945 162.152 6.93333 
