0 0 0 1 -16.4289 37.5821 7.66666 
0 0 6.5 1 -3.70978 224.836 7.66666 
10 0 0 1 201.967 78.2618 7.66666 
10 0 6.5 1 203.309 208.185 7.66666 
10 10 0 1 388.282 48.6261 7.66666 
10 10 6.5 1 375.608 228.97 7.66666 
0 10 0 1 156.505 -51.9784 7.66666 
0 10 6.5 1 163.763 266.097 7.66666 
0 5 10 1 67.2874 350.896 7.66666 
10 5 10 1 274.773 289.215 7.66666 
0 6 0 1 66.1635 -4.33176 7.66666 
0 8 0 1 104.65 -23.777 7.66666 
0 8 5 1 113.368 196.321 7.66666 
0 6 5 1 75.2505 188.473 7.66666 
0 2 2.5 1 10.0191 106.678 7.66666 
0 4 2.5 1 36.4422 103.132 7.66666 
0 4 5 1 45.4972 188.138 7.66666 
0 2 5 1 20.8818 187.311 7.66666 
0.5 0.5 -0.5 1 2.30406 19.8079 7.66666 
0.5 0.5 6 1 17.7831 210.802 7.66666 
10.5 0.5 -0.5 1 215.29 66.8608 7.66666 
10.5 0.5 6 1 215.691 198.474 7.66666 
10.5 10.5 -0.5 1 407.684 31.329 7.66666 
10.5 10.5 6 1 393.251 215.725 7.66666 
0.5 10.5 -0.5 1 190.761 -76.6403 7.66666 
0.5 10.5 6 1 198.934 244.148 7.66666 
0.5 5.5 9.5 1 90.3533 336.48 7.66666 
10.5 5.5 9.5 1 288.522 278.991 7.66666 
0.5 6.5 -0.5 1 88.8948 -27.9944 7.66666 
0.5 8.5 -0.5 1 134.768 -47.0517 7.66666 
0.5 8.5 4.5 1 143.973 175.633 7.66666 
0.5 6.5 4.5 1 99.0694 171.534 7.66666 
0.5 2.5 2 1 33.6525 90.3137 7.66666 
0.5 4.5 2 1 63.6735 82.6369 7.66666 
0.5 4.5 4.5 1 67.6591 170.911 7.66666 
0.5 2.5 4.5 1 37.6224 170.067 7.66666 
