0 0 0 1 374.596 184.004 16.8001 
0 0 6.5 1 389.64 356.849 16.8001 
10 0 0 1 110.693 132.765 16.8001 
10 0 6.5 1 108.808 381.792 16.8001 
10 10 0 1 50.4628 221.2 16.8001 
10 10 6.5 1 46.4965 368.731 16.8001 
0 10 0 1 242.401 238.749 16.8001 
0 10 6.5 1 250.078 356.421 16.8001 
0 5 10 1 308.081 437.437 16.8001 
10 5 10 1 64.8835 481.286 16.8001 
0 6 0 1 285.478 220.986 16.8001 
0 8 0 1 263.402 228.047 16.8001 
0 8 5 1 265.433 324.018 16.8001 
0 6 5 1 292.041 322.006 16.8001 
0 2 2.5 1 343.216 260.084 16.8001 
0 4 2.5 1 312.213 266.232 16.8001 
0 4 5 1 315.524 320.125 16.8001 
0 2 5 1 346.298 315.258 16.8001 
0.5 0.5 -0.5 1 353.231 171.285 16.8001 
0.5 0.5 6 1 369.22 340.622 16.8001 
10.5 0.5 -0.5 1 88.0684 119.899 16.8001 
10.5 0.5 6 1 83.1479 358.687 16.8001 
10.5 10.5 -0.5 1 39.6256 212.806 16.8001 
10.5 10.5 6 1 31.2384 356.871 16.8001 
0.5 10.5 -0.5 1 229.177 230.801 16.8001 
0.5 10.5 6 1 232.778 344.06 16.8001 
0.5 5.5 9.5 1 289.164 426.03 16.8001 
10.5 5.5 9.5 1 47.0967 468.751 16.8001 
0.5 6.5 -0.5 1 267.229 213.455 16.8001 
0.5 8.5 -0.5 1 246.273 224.592 16.8001 
0.5 8.5 4.5 1 250.141 315.985 16.8001 
0.5 6.5 4.5 1 273.974 311.566 16.8001 
0.5 2.5 2 1 323.338 242.412 16.8001 
0.5 4.5 2 1 294.602 257.029 16.8001 
0.5 4.5 4.5 1 298.01 309.873 16.8001 
0.5 2.5 4.5 1 330.743 304.72 16.8001 
