0 0 0 1 233.41 235.161 3.83333 
0 0 6.5 1 242.724 354.569 3.83333 
10 0 0 1 417.827 206.843 3.83333 
10 0 6.5 1 435.966 343.49 3.83333 
10 10 0 1 405.14 145.488 3.83333 
10 10 6.5 1 431.91 371.259 3.83333 
0 10 0 1 120.25 200.051 3.83333 
0 10 6.5 1 129.58 379.682 3.83333 
0 5 10 1 205.093 446.17 3.83333 
10 5 10 1 447.009 450.72 3.83333 
0 6 0 1 177.632 218.006 3.83333 
0 8 0 1 155.416 211.715 3.83333 
0 8 5 1 158.036 332.961 3.83333 
0 6 5 1 184.384 328.822 3.83333 
0 2 2.5 1 221.651 277.159 3.83333 
0 4 2.5 1 203.472 275.911 3.83333 
0 4 5 1 205.622 330.246 3.83333 
0 2 5 1 222.27 327.078 3.83333 
0.5 0.5 -0.5 1 237.093 225.927 3.83333 
0.5 0.5 6 1 242.091 341.133 3.83333 
10.5 0.5 -0.5 1 424.121 194.349 3.83333 
10.5 0.5 6 1 445.276 332.861 3.83333 
10.5 10.5 -0.5 1 420.424 118.271 3.83333 
10.5 10.5 6 1 449.336 356.382 3.83333 
0.5 10.5 -0.5 1 122.795 181.26 3.83333 
0.5 10.5 6 1 134.643 370.963 3.83333 
0.5 5.5 9.5 1 203.932 437.023 3.83333 
10.5 5.5 9.5 1 456.911 441.426 3.83333 
0.5 6.5 -0.5 1 182.257 203.441 3.83333 
0.5 8.5 -0.5 1 155.802 195.536 3.83333 
0.5 8.5 4.5 1 160.646 319.626 3.83333 
0.5 6.5 4.5 1 188.685 316.944 3.83333 
0.5 2.5 2 1 224.019 265.944 3.83333 
0.5 4.5 2 1 205.085 263.961 3.83333 
0.5 4.5 4.5 1 211.96 315.304 3.83333 
0.5 2.5 4.5 1 229.912 314.902 3.83333 
