0 0 0 1 428.997 17.4755 13.0334 
0 0 6.5 1 395.259 291.338 13.0334 
10 0 0 1 145.445 65.8713 13.0334 
10 0 6.5 1 133.924 246.097 13.0334 
10 10 0 1 289.818 123.955 13.0334 
10 10 6.5 1 277.205 243.762 13.0334 
0 10 0 1 496.362 115.006 13.0334 
0 10 6.5 1 472.491 269.811 13.0334 
0 5 10 1 434.206 376.526 13.0334 
10 5 10 1 213.044 320.604 13.0334 
0 6 0 1 477.683 90.137 13.0334 
0 8 0 1 487.051 102.909 13.0334 
0 8 5 1 468.003 236.233 13.0334 
0 6 5 1 458.206 233.915 13.0334 
0 2 2.5 1 434.495 139.217 13.0334 
0 4 2.5 1 454.44 152.519 13.0334 
0 4 5 1 441.61 234.179 13.0334 
0 2 5 1 424.87 234.88 13.0334 
0.5 0.5 -0.5 1 414.387 10.6519 13.0334 
0.5 0.5 6 1 383.835 267.849 13.0334 
10.5 0.5 -0.5 1 146.371 57.478 13.0334 
10.5 0.5 6 1 136.571 229.762 13.0334 
10.5 10.5 -0.5 1 288.91 114.551 13.0334 
10.5 10.5 6 1 278.17 233.52 13.0334 
0.5 10.5 -0.5 1 483.394 105.532 13.0334 
0.5 10.5 6 1 465.741 256.652 13.0334 
0.5 5.5 9.5 1 419.978 356.447 13.0334 
10.5 5.5 9.5 1 210.643 304.488 13.0334 
0.5 6.5 -0.5 1 462.824 80.2726 13.0334 
0.5 8.5 -0.5 1 476.341 93.3897 13.0334 
0.5 8.5 4.5 1 462.009 223.959 13.0334 
0.5 6.5 4.5 1 447.882 218.728 13.0334 
0.5 2.5 2 1 425.533 128.461 13.0334 
0.5 4.5 2 1 444.681 139.101 13.0334 
0.5 4.5 4.5 1 431.297 215.853 13.0334 
0.5 2.5 4.5 1 415.457 212.843 13.0334 
