0 0 0 1 349.517 74.9301 1.43333 
0 0 6.5 1 342.602 213.072 1.43333 
10 0 0 1 576.703 15.2621 1.43333 
10 0 6.5 1 539.679 248.736 1.43333 
10 10 0 1 243.704 -64.5003 1.43333 
10 10 6.5 1 239.854 281.019 1.43333 
0 10 0 1 130.82 53.1015 1.43333 
0 10 6.5 1 135.781 224.606 1.43333 
0 5 10 1 251.272 295.38 1.43333 
10 5 10 1 407.985 389.564 1.43333 
0 6 0 1 231.437 61.6237 1.43333 
0 8 0 1 183.144 54.9666 1.43333 
0 8 5 1 187.1 184.288 1.43333 
0 6 5 1 230.467 184.767 1.43333 
0 2 2.5 1 314.339 129.149 1.43333 
0 4 2.5 1 271.997 121.999 1.43333 
0 4 5 1 273.24 183.146 1.43333 
0 2 5 1 309.302 184.886 1.43333 
0.5 0.5 -0.5 1 349.919 59.8331 1.43333 
0.5 0.5 6 1 342.586 208.815 1.43333 
10.5 0.5 -0.5 1 587.225 -10.4708 1.43333 
10.5 0.5 6 1 550.994 237.66 1.43333 
10.5 10.5 -0.5 1 224.148 -118.052 1.43333 
10.5 10.5 6 1 227.8 263.971 1.43333 
0.5 10.5 -0.5 1 121.583 27.6341 1.43333 
0.5 10.5 6 1 125.989 214.724 1.43333 
0.5 5.5 9.5 1 247.152 290.006 1.43333 
10.5 5.5 9.5 1 408.052 382.553 1.43333 
0.5 6.5 -0.5 1 226.505 43.7006 1.43333 
0.5 8.5 -0.5 1 177.595 38.5335 1.43333 
0.5 8.5 4.5 1 178.388 175.178 1.43333 
0.5 6.5 4.5 1 225.534 170.979 1.43333 
0.5 2.5 2 1 309.395 116.07 1.43333 
0.5 4.5 2 1 266.279 115.204 1.43333 
0.5 4.5 4.5 1 267.886 174.44 1.43333 
0.5 2.5 4.5 1 306.174 173.932 1.43333 
