0 0 0 1 370.114 67.0168 0.966667 
0 0 6.5 1 359.691 212.199 0.966667 
10 0 0 1 591.002 -14.3923 0.966667 
10 0 6.5 1 545.438 247.373 0.966667 
10 10 0 1 172.418 -117.291 0.966667 
10 10 6.5 1 165.462 241.541 0.966667 
0 10 0 1 141.484 38.5222 0.966667 
0 10 6.5 1 142.203 207.452 0.966667 
0 5 10 1 252.983 289.498 0.966667 
10 5 10 1 368.533 386.628 0.966667 
0 6 0 1 242.936 47.6706 0.966667 
0 8 0 1 194.946 46.1648 0.966667 
0 8 5 1 190.67 172.503 0.966667 
0 6 5 1 237.974 175.69 0.966667 
0 2 2.5 1 327.143 124.248 0.966667 
0 4 2.5 1 282.369 117.657 0.966667 
0 4 5 1 282.026 175.14 0.966667 
0 2 5 1 323.741 179.617 0.966667 
0.5 0.5 -0.5 1 368.814 52.5735 0.966667 
0.5 0.5 6 1 357.083 204.799 0.966667 
10.5 0.5 -0.5 1 594.989 -51.4743 0.966667 
10.5 0.5 6 1 550.441 228.052 0.966667 
10.5 10.5 -0.5 1 149.992 -172.607 0.966667 
10.5 10.5 6 1 143.159 220.885 0.966667 
0.5 10.5 -0.5 1 132.396 14.1465 0.966667 
0.5 10.5 6 1 127.054 197.128 0.966667 
0.5 5.5 9.5 1 244.956 278.721 0.966667 
10.5 5.5 9.5 1 365.124 377.157 0.966667 
0.5 6.5 -0.5 1 235.459 32.737 0.966667 
0.5 8.5 -0.5 1 183.627 23.1022 0.966667 
0.5 8.5 4.5 1 179.423 161.077 0.966667 
0.5 6.5 4.5 1 228.738 159.728 0.966667 
0.5 2.5 2 1 320.253 109.233 0.966667 
0.5 4.5 2 1 276.957 99.9994 0.966667 
0.5 4.5 4.5 1 273.549 164.534 0.966667 
0.5 2.5 4.5 1 315.175 167.552 0.966667 
