0 0 0 1 372.06 211.674 17.9334 
0 0 6.5 1 371.095 379.087 17.9334 
10 0 0 1 198.423 110.867 17.9334 
10 0 6.5 1 175.796 402.888 17.9334 
10 10 0 1 -1.1161 174.846 17.9334 
10 10 6.5 1 -33.3624 359.231 17.9334 
0 10 0 1 194.109 234.244 17.9334 
0 10 6.5 1 184.3 358.561 17.9334 
0 5 10 1 260.859 448.443 17.9334 
10 5 10 1 31.3116 514.204 17.9334 
0 6 0 1 254.673 225.353 17.9334 
0 8 0 1 223.325 229.878 17.9334 
0 8 5 1 211.731 328.948 17.9334 
0 6 5 1 247.614 331.962 17.9334 
0 2 2.5 1 327.473 274.837 17.9334 
0 4 2.5 1 283.17 277.802 17.9334 
0 4 5 1 283.795 331.378 17.9334 
0 2 5 1 326.677 337.687 17.9334 
0.5 0.5 -0.5 1 359.499 198.54 17.9334 
0.5 0.5 6 1 350.95 364.061 17.9334 
10.5 0.5 -0.5 1 171.575 88.2899 17.9334 
10.5 0.5 6 1 146.785 378.459 17.9334 
10.5 10.5 -0.5 1 -18.7926 160.11 17.9334 
10.5 10.5 6 1 -49.8583 347.117 17.9334 
0.5 10.5 -0.5 1 180.782 223.104 17.9334 
0.5 10.5 6 1 173.374 346.84 17.9334 
0.5 5.5 9.5 1 243.367 439.638 17.9334 
10.5 5.5 9.5 1 5.29232 497.652 17.9334 
0.5 6.5 -0.5 1 242.75 215.496 17.9334 
0.5 8.5 -0.5 1 205.242 219.785 17.9334 
0.5 8.5 4.5 1 201.083 314.634 17.9334 
0.5 6.5 4.5 1 233.017 318.734 17.9334 
0.5 2.5 2 1 313.945 262.844 17.9334 
0.5 4.5 2 1 273.095 264.863 17.9334 
0.5 4.5 4.5 1 268.061 324.726 17.9334 
0.5 2.5 4.5 1 308.288 323.062 17.9334 
