0 0 0 1 -75.45 8.93705 8.76667 
0 0 6.5 1 -35.7648 249.287 8.76667 
10 0 0 1 145.28 84.2366 8.76667 
10 0 6.5 1 161.875 221.115 8.76667 
10 10 0 1 363.776 38.7016 8.76667 
10 10 6.5 1 370.097 209.623 8.76667 
0 10 0 1 280.063 -117.988 8.76667 
0 10 6.5 1 304.544 234.012 8.76667 
0 5 10 1 122.562 382.158 8.76667 
10 5 10 1 262.781 294.084 8.76667 
0 6 0 1 107.672 -53.0023 8.76667 
0 8 0 1 188.631 -83.7819 8.76667 
0 8 5 1 209.411 168.082 8.76667 
0 6 5 1 132.616 177.363 8.76667 
0 2 2.5 1 -7.64868 92.058 8.76667 
0 4 2.5 1 53.6943 79.8333 8.76667 
0 4 5 1 66.1566 184.174 8.76667 
0 2 5 1 8.50449 189.455 8.76667 
0.5 0.5 -0.5 1 -48.4622 -10.0601 8.76667 
0.5 0.5 6 1 -12.8481 229.178 8.76667 
10.5 0.5 -0.5 1 157.399 71.0408 8.76667 
10.5 0.5 6 1 174.092 213.07 8.76667 
10.5 10.5 -0.5 1 376.693 26.4739 8.76667 
10.5 10.5 6 1 386.265 197.09 8.76667 
0.5 10.5 -0.5 1 311.376 -136.846 8.76667 
0.5 10.5 6 1 329.066 207.445 8.76667 
0.5 5.5 9.5 1 147.698 354.418 8.76667 
10.5 5.5 9.5 1 275.002 281.357 8.76667 
0.5 6.5 -0.5 1 136.543 -73.6644 8.76667 
0.5 8.5 -0.5 1 219.365 -106.769 8.76667 
0.5 8.5 4.5 1 239.679 144.445 8.76667 
0.5 6.5 4.5 1 160.235 155.988 8.76667 
0.5 2.5 2 1 24.0317 72.989 8.76667 
0.5 4.5 2 1 80.6357 59.4151 8.76667 
0.5 4.5 4.5 1 91.7369 162.227 8.76667 
0.5 2.5 4.5 1 32.3755 170.132 8.76667 
