0 0 0 1 261.441 185.12 3.23333 
0 0 6.5 1 270.183 298.354 3.23333 
10 0 0 1 451.609 141.304 3.23333 
10 0 6.5 1 466.876 290.306 3.23333 
10 10 0 1 390.155 80.6661 3.23333 
10 10 6.5 1 418.23 332.903 3.23333 
0 10 0 1 118.047 158.637 3.23333 
0 10 6.5 1 136.445 335.332 3.23333 
0 5 10 1 228.559 387.754 3.23333 
10 5 10 1 460.053 404.281 3.23333 
0 6 0 1 189.812 175.122 3.23333 
0 8 0 1 160.612 167.643 3.23333 
0 8 5 1 170.975 287.322 3.23333 
0 6 5 1 199.483 282.88 3.23333 
0 2 2.5 1 247.371 227.271 3.23333 
0 4 2.5 1 219.699 230.125 3.23333 
0 4 5 1 228.547 276.397 3.23333 
0 2 5 1 249.401 276.775 3.23333 
0.5 0.5 -0.5 1 262.587 170.248 3.23333 
0.5 0.5 6 1 274.93 291.548 3.23333 
10.5 0.5 -0.5 1 459.546 127.844 3.23333 
10.5 0.5 6 1 475.334 279.169 3.23333 
10.5 10.5 -0.5 1 399.549 49.493 3.23333 
10.5 10.5 6 1 431.923 316.513 3.23333 
0.5 10.5 -0.5 1 117.832 142.148 3.23333 
0.5 10.5 6 1 134.003 321.691 3.23333 
0.5 5.5 9.5 1 226.559 382.938 3.23333 
10.5 5.5 9.5 1 471.828 397.428 3.23333 
0.5 6.5 -0.5 1 189.275 156.891 3.23333 
0.5 8.5 -0.5 1 156.56 150.557 3.23333 
0.5 8.5 4.5 1 172.721 277.003 3.23333 
0.5 6.5 4.5 1 201.64 272.567 3.23333 
0.5 2.5 2 1 244.186 216.507 3.23333 
0.5 4.5 2 1 222.399 214.919 3.23333 
0.5 4.5 4.5 1 229.324 267.682 3.23333 
0.5 2.5 4.5 1 250.39 265.92 3.23333 
