0 0 0 1 436.606 31.7776 13.4001 
0 0 6.5 1 406.117 287.943 13.4001 
10 0 0 1 134.893 59.9316 13.4001 
10 0 6.5 1 130.135 243.891 13.4001 
10 10 0 1 269.141 108.583 13.4001 
10 10 6.5 1 262.737 229.828 13.4001 
0 10 0 1 471.403 105.006 13.4001 
0 10 6.5 1 452.75 253.182 13.4001 
0 5 10 1 423.897 359.79 13.4001 
10 5 10 1 205.101 305.453 13.4001 
0 6 0 1 461.707 86.157 13.4001 
0 8 0 1 468.823 96.6374 13.4001 
0 8 5 1 451.77 219.751 13.4001 
0 6 5 1 444.666 223.94 13.4001 
0 2 2.5 1 435.535 146.441 13.4001 
0 4 2.5 1 442.443 150.869 13.4001 
0 4 5 1 434.29 226.621 13.4001 
0 2 5 1 425.291 228.186 13.4001 
0.5 0.5 -0.5 1 421.387 20.6858 13.4001 
0.5 0.5 6 1 393.057 263.641 13.4001 
10.5 0.5 -0.5 1 138.422 51.5699 13.4001 
10.5 0.5 6 1 129.562 230.804 13.4001 
10.5 10.5 -0.5 1 265.356 101.17 13.4001 
10.5 10.5 6 1 256.278 218.527 13.4001 
0.5 10.5 -0.5 1 459.46 95.3323 13.4001 
0.5 10.5 6 1 441.555 240.904 13.4001 
0.5 5.5 9.5 1 411.779 339.445 13.4001 
10.5 5.5 9.5 1 202.818 293.563 13.4001 
0.5 6.5 -0.5 1 449.258 76.4916 13.4001 
0.5 8.5 -0.5 1 455.77 88.3773 13.4001 
0.5 8.5 4.5 1 440.472 208.505 13.4001 
0.5 6.5 4.5 1 432.249 209.052 13.4001 
0.5 2.5 2 1 423.394 127.748 13.4001 
0.5 4.5 2 1 435.521 137.856 13.4001 
0.5 4.5 4.5 1 425.352 211.281 13.4001 
0.5 2.5 4.5 1 416.738 208.096 13.4001 
