0 0 0 1 -73.1125 25.5319 8.86667 
0 0 6.5 1 -33.3166 267.734 8.86667 
10 0 0 1 142.114 98.1855 8.86667 
10 0 6.5 1 156.962 234.337 8.86667 
10 10 0 1 361.395 54.1768 8.86667 
10 10 6.5 1 374.369 221.875 8.86667 
0 10 0 1 296.934 -91.261 8.86667 
0 10 6.5 1 322.612 253.062 8.86667 
0 5 10 1 134.421 401.857 8.86667 
10 5 10 1 263.444 306.628 8.86667 
0 6 0 1 121.952 -38.9815 8.86667 
0 8 0 1 201.752 -60.9029 8.86667 
0 8 5 1 223.416 187.024 8.86667 
0 6 5 1 145.816 197.679 8.86667 
0 2 2.5 1 -0.555381 111.214 8.86667 
0 4 2.5 1 58.3359 96.6472 8.86667 
0 4 5 1 73.3767 201.367 8.86667 
0 2 5 1 11.9753 208.406 8.86667 
0.5 0.5 -0.5 1 -41.8512 7.78406 8.86667 
0.5 0.5 6 1 -8.86605 249.248 8.86667 
10.5 0.5 -0.5 1 159.024 87.3465 8.86667 
10.5 0.5 6 1 171.883 221.929 8.86667 
10.5 10.5 -0.5 1 374.551 43.8419 8.86667 
10.5 10.5 6 1 384.536 207.197 8.86667 
0.5 10.5 -0.5 1 326.692 -112.169 8.86667 
0.5 10.5 6 1 351.357 227.355 8.86667 
0.5 5.5 9.5 1 158.437 378.251 8.86667 
10.5 5.5 9.5 1 277.095 294.293 8.86667 
0.5 6.5 -0.5 1 148.869 -53.3874 8.86667 
0.5 8.5 -0.5 1 233.754 -82.0589 8.86667 
0.5 8.5 4.5 1 253.719 162.352 8.86667 
0.5 6.5 4.5 1 175.29 174.026 8.86667 
0.5 2.5 2 1 25.7992 89.8804 8.86667 
0.5 4.5 2 1 88.7829 77.7177 8.86667 
0.5 4.5 4.5 1 102.715 180.515 8.86667 
0.5 2.5 4.5 1 37.9136 187.628 8.86667 
