0 0 0 1 386.261 115.816 15.6668 
0 0 6.5 1 402.893 304.161 15.6668 
10 0 0 1 81.3884 130.094 15.6668 
10 0 6.5 1 105.654 343.638 15.6668 
10 10 0 1 113.208 183.641 15.6668 
10 10 6.5 1 128.325 308.275 15.6668 
0 10 0 1 296.994 173.485 15.6668 
0 10 6.5 1 309.821 290.12 15.6668 
0 5 10 1 351.207 371.932 15.6668 
10 5 10 1 126.62 406.836 15.6668 
0 6 0 1 324.626 155.404 15.6668 
0 8 0 1 309.4 164.925 15.6668 
0 8 5 1 319.099 262.96 15.6668 
0 6 5 1 332.729 259.752 15.6668 
0 2 2.5 1 366.892 197.035 15.6668 
0 4 2.5 1 344.648 202.835 15.6668 
0 4 5 1 351.699 262.805 15.6668 
0 2 5 1 373.261 259.719 15.6668 
0.5 0.5 -0.5 1 363.505 108.34 15.6668 
0.5 0.5 6 1 381.652 290.414 15.6668 
10.5 0.5 -0.5 1 66.5053 120.939 15.6668 
10.5 0.5 6 1 87.3335 328.239 15.6668 
10.5 10.5 -0.5 1 103.911 177.852 15.6668 
10.5 10.5 6 1 116.184 301.408 15.6668 
0.5 10.5 -0.5 1 288.886 166.366 15.6668 
0.5 10.5 6 1 297.001 280.815 15.6668 
0.5 5.5 9.5 1 338.561 359.322 15.6668 
10.5 5.5 9.5 1 113.183 394.159 15.6668 
0.5 6.5 -0.5 1 311.126 146.207 15.6668 
0.5 8.5 -0.5 1 296.383 158.325 15.6668 
0.5 8.5 4.5 1 306.815 250.201 15.6668 
0.5 6.5 4.5 1 319.969 252.686 15.6668 
0.5 2.5 2 1 350.121 186.239 15.6668 
0.5 4.5 2 1 330.37 192.774 15.6668 
0.5 4.5 4.5 1 334.558 248.672 15.6668 
0.5 2.5 4.5 1 353.169 252.403 15.6668 
