0 0 0 1 430.122 -58.977 14.3667 
0 0 6.5 1 417.734 178.64 14.3667 
10 0 0 1 93.5915 -25.0583 14.3667 
10 0 6.5 1 112.671 184.309 14.3667 
10 10 0 1 195.235 49.9142 14.3667 
10 10 6.5 1 199.468 175.748 14.3667 
0 10 0 1 392.958 39.4173 14.3667 
0 10 6.5 1 388.886 170.52 14.3667 
0 5 10 1 398.155 260.128 14.3667 
10 5 10 1 171.864 256.438 14.3667 
0 6 0 1 401.958 10.142 14.3667 
0 8 0 1 395.836 24.1296 14.3667 
0 8 5 1 392.554 140.751 14.3667 
0 6 5 1 396.901 137.414 14.3667 
0 2 2.5 1 413.869 50.9593 14.3667 
0 4 2.5 1 409.921 65.7473 14.3667 
0 4 5 1 404.582 134.666 14.3667 
0 2 5 1 411.987 134.532 14.3667 
0.5 0.5 -0.5 1 410.334 -72.069 14.3667 
0.5 0.5 6 1 398.208 165.251 14.3667 
10.5 0.5 -0.5 1 85.9581 -34.0755 14.3667 
10.5 0.5 6 1 104.334 169.137 14.3667 
10.5 10.5 -0.5 1 189.536 43.3791 14.3667 
10.5 10.5 6 1 195.616 166.29 14.3667 
0.5 10.5 -0.5 1 380.629 27.0483 14.3667 
0.5 10.5 6 1 375.806 164.598 14.3667 
0.5 5.5 9.5 1 383.684 245.528 14.3667 
10.5 5.5 9.5 1 164.771 243.513 14.3667 
0.5 6.5 -0.5 1 386.148 3.34654 14.3667 
0.5 8.5 -0.5 1 387.897 17.2974 14.3667 
0.5 8.5 4.5 1 381.261 128.218 14.3667 
0.5 6.5 4.5 1 381.023 126.499 14.3667 
0.5 2.5 2 1 398.38 42.4315 14.3667 
0.5 4.5 2 1 389.39 55.0368 14.3667 
0.5 4.5 4.5 1 390.733 122.342 14.3667 
0.5 2.5 4.5 1 394.787 121.715 14.3667 
