0 0 0 1 -29.2493 121.048 9.46668 
0 0 6.5 1 -5.73729 388.313 9.46668 
10 0 0 1 140.254 180.783 9.46668 
10 0 6.5 1 154.531 322.594 9.46668 
10 10 0 1 364.016 150.523 9.46668 
10 10 6.5 1 381.587 304.636 9.46668 
0 10 0 1 395.947 48.1455 9.46668 
0 10 6.5 1 430.227 362.839 9.46668 
0 5 10 1 211.135 533.524 9.46668 
10 5 10 1 270.373 393.058 9.46668 
0 6 0 1 208.041 77.6396 9.46668 
0 8 0 1 297.422 67.0566 9.46668 
0 8 5 1 322.055 297.358 9.46668 
0 6 5 1 228.847 308.167 9.46668 
0 2 2.5 1 54.3376 213.904 9.46668 
0 4 2.5 1 133.826 205.173 9.46668 
0 4 5 1 144.877 313.098 9.46668 
0 2 5 1 62.5468 318.518 9.46668 
0.5 0.5 -0.5 1 2.51022 101.041 9.46668 
0.5 0.5 6 1 27.0174 363.311 9.46668 
10.5 0.5 -0.5 1 155.163 168.653 9.46668 
10.5 0.5 6 1 168.633 308.902 9.46668 
10.5 10.5 -0.5 1 372.48 140.298 9.46668 
10.5 10.5 6 1 389.158 291.419 9.46668 
0.5 10.5 -0.5 1 415.212 32.3905 9.46668 
0.5 10.5 6 1 447.021 336.076 9.46668 
0.5 5.5 9.5 1 230.369 496.945 9.46668 
10.5 5.5 9.5 1 284.168 376.227 9.46668 
0.5 6.5 -0.5 1 234.926 66.9806 9.46668 
0.5 8.5 -0.5 1 322.565 46.7016 9.46668 
0.5 8.5 4.5 1 344.107 269.662 9.46668 
0.5 6.5 4.5 1 257.612 276.005 9.46668 
0.5 2.5 2 1 81.6204 189.06 9.46668 
0.5 4.5 2 1 165.331 181.388 9.46668 
0.5 4.5 4.5 1 172.5 287.698 9.46668 
0.5 2.5 4.5 1 92.2311 291.052 9.46668 
