0 0 0 1 -19.5617 130.038 9.60001 
0 0 6.5 1 1.40757 401.746 9.60001 
10 0 0 1 140.122 191.133 9.60001 
10 0 6.5 1 154.299 335.56 9.60001 
10 10 0 1 363.375 164.625 9.60001 
10 10 6.5 1 382.943 317.024 9.60001 
0 10 0 1 416.284 59.1265 9.60001 
0 10 6.5 1 450.82 370.218 9.60001 
0 5 10 1 229.494 551.514 9.60001 
10 5 10 1 271.682 407.581 9.60001 
0 6 0 1 228.776 89.2119 9.60001 
0 8 0 1 318.74 74.0437 9.60001 
0 8 5 1 346.248 305.14 9.60001 
0 6 5 1 252.824 314.702 9.60001 
0 2 2.5 1 69.3035 220.871 9.60001 
0 4 2.5 1 151.298 209.456 9.60001 
0 4 5 1 160.558 322.956 9.60001 
0 2 5 1 80.2382 328.038 9.60001 
0.5 0.5 -0.5 1 12.5626 111.444 9.60001 
0.5 0.5 6 1 34.4809 373.734 9.60001 
10.5 0.5 -0.5 1 152.291 181.934 9.60001 
10.5 0.5 6 1 164.845 323.593 9.60001 
10.5 10.5 -0.5 1 374.066 152.847 9.60001 
10.5 10.5 6 1 390.677 302.383 9.60001 
0.5 10.5 -0.5 1 434.213 45.6605 9.60001 
0.5 10.5 6 1 466.599 339.534 9.60001 
0.5 5.5 9.5 1 252.242 511.611 9.60001 
10.5 5.5 9.5 1 282.472 392.553 9.60001 
0.5 6.5 -0.5 1 251.546 70.0719 9.60001 
0.5 8.5 -0.5 1 339.513 59.2326 9.60001 
0.5 8.5 4.5 1 362.191 279.868 9.60001 
0.5 6.5 4.5 1 274.301 286.459 9.60001 
0.5 2.5 2 1 96.7166 200.137 9.60001 
0.5 4.5 2 1 176.773 186.841 9.60001 
0.5 4.5 4.5 1 189.748 297.977 9.60001 
0.5 2.5 4.5 1 106.433 304.038 9.60001 
