0 0 0 1 386.111 133.034 18.8001 
0 0 6.5 1 372.731 293.46 18.8001 
10 0 0 1 340.24 -12.3376 18.8001 
10 0 6.5 1 304.225 310.304 18.8001 
10 10 0 1 -13.5407 32.8646 18.8001 
10 10 6.5 1 -39.8948 257.439 18.8001 
0 10 0 1 173.055 132.746 18.8001 
0 10 6.5 1 160.122 266.829 18.8001 
0 5 10 1 247.176 356.617 18.8001 
10 5 10 1 90.5997 426.869 18.8001 
0 6 0 1 249.832 135.191 18.8001 
0 8 0 1 208.335 133.472 18.8001 
0 8 5 1 201.505 239.379 18.8001 
0 6 5 1 239.419 245.725 18.8001 
0 2 2.5 1 332.69 191.016 18.8001 
0 4 2.5 1 285.41 191.286 18.8001 
0 4 5 1 280.79 247.325 18.8001 
0 2 5 1 326.496 251.825 18.8001 
0.5 0.5 -0.5 1 375.594 119.516 18.8001 
0.5 0.5 6 1 355.678 277.617 18.8001 
10.5 0.5 -0.5 1 310.778 -47.8415 18.8001 
10.5 0.5 6 1 278.04 278.697 18.8001 
10.5 10.5 -0.5 1 -42.2242 7.96339 18.8001 
10.5 10.5 6 1 -66.3429 238.978 18.8001 
0.5 10.5 -0.5 1 159.99 122.361 18.8001 
0.5 10.5 6 1 143.894 254.303 18.8001 
0.5 5.5 9.5 1 236.709 347.238 18.8001 
10.5 5.5 9.5 1 60.0617 404.765 18.8001 
0.5 6.5 -0.5 1 236.79 120.116 18.8001 
0.5 8.5 -0.5 1 199.046 119.206 18.8001 
0.5 8.5 4.5 1 186.403 226.611 18.8001 
0.5 6.5 4.5 1 226.231 228.432 18.8001 
0.5 2.5 2 1 316.863 179.701 18.8001 
0.5 4.5 2 1 272.238 176.751 18.8001 
0.5 4.5 4.5 1 266.889 236.034 18.8001 
0.5 2.5 4.5 1 310.397 240.688 18.8001 
