0 0 0 1 188.373 242.304 4.63333 
0 0 6.5 1 184.051 358.26 4.63333 
10 0 0 1 365.789 234.907 4.63333 
10 0 6.5 1 372.908 359.57 4.63333 
10 10 0 1 405.107 164.154 4.63333 
10 10 6.5 1 420.299 363.839 4.63333 
0 10 0 1 115.67 177.487 4.63333 
0 10 6.5 1 107.072 365.417 4.63333 
0 5 10 1 154.221 448.67 4.63333 
10 5 10 1 396.468 451.931 4.63333 
0 6 0 1 153.396 211.84 4.63333 
0 8 0 1 136.29 197.343 4.63333 
0 8 5 1 131.743 325.127 4.63333 
0 6 5 1 149.378 325.39 4.63333 
0 2 2.5 1 176.205 280.795 4.63333 
0 4 2.5 1 163.136 274.034 4.63333 
0 4 5 1 164.188 326.967 4.63333 
0 2 5 1 176.611 327.301 4.63333 
0.5 0.5 -0.5 1 196.86 232.162 4.63333 
0.5 0.5 6 1 193.88 349.585 4.63333 
10.5 0.5 -0.5 1 377.054 224.933 4.63333 
10.5 0.5 6 1 386.419 347.773 4.63333 
10.5 10.5 -0.5 1 421.911 142.151 4.63333 
10.5 10.5 6 1 439.006 349.782 4.63333 
0.5 10.5 -0.5 1 126.13 160.486 4.63333 
0.5 10.5 6 1 114.454 350.58 4.63333 
0.5 5.5 9.5 1 160.915 436.452 4.63333 
10.5 5.5 9.5 1 414.119 440.19 4.63333 
0.5 6.5 -0.5 1 159.43 194.72 4.63333 
0.5 8.5 -0.5 1 146.749 178.937 4.63333 
0.5 8.5 4.5 1 139.488 307.925 4.63333 
0.5 6.5 4.5 1 158.296 310.294 4.63333 
0.5 2.5 2 1 182.908 270.112 4.63333 
0.5 4.5 2 1 173.863 262.312 4.63333 
0.5 4.5 4.5 1 171.72 314.525 4.63333 
0.5 2.5 4.5 1 180.012 318.965 4.63333 
