0 0 0 1 130.433 228.692 5.56666 
0 0 6.5 1 113.302 354.367 5.56666 
10 0 0 1 313.482 247.417 5.56666 
10 0 6.5 1 308.727 365.732 5.56666 
10 10 0 1 398.213 212.245 5.56666 
10 10 6.5 1 394.123 401.543 5.56666 
0 10 0 1 105.758 174.06 5.56666 
0 10 6.5 1 77.985 382.813 5.56666 
0 5 10 1 93.605 454.043 5.56666 
10 5 10 1 332.704 460.247 5.56666 
0 6 0 1 118.952 199.73 5.56666 
0 8 0 1 113.329 192.177 5.56666 
0 8 5 1 96.1086 329.323 5.56666 
0 6 5 1 107.456 327.037 5.56666 
0 2 2.5 1 122.654 273.13 5.56666 
0 4 2.5 1 117.78 268.604 5.56666 
0 4 5 1 109.232 329.219 5.56666 
0 2 5 1 111.661 324.725 5.56666 
0.5 0.5 -0.5 1 140.001 216.314 5.56666 
0.5 0.5 6 1 123.99 344.088 5.56666 
10.5 0.5 -0.5 1 322.882 237.127 5.56666 
10.5 0.5 6 1 316.171 358.607 5.56666 
10.5 10.5 -0.5 1 421.463 196.45 5.56666 
10.5 10.5 6 1 413.775 387.494 5.56666 
0.5 10.5 -0.5 1 121.561 159.856 5.56666 
0.5 10.5 6 1 96.6377 371.556 5.56666 
0.5 5.5 9.5 1 104.524 448.842 5.56666 
10.5 5.5 9.5 1 353.297 453.399 5.56666 
0.5 6.5 -0.5 1 132.912 190.454 5.56666 
0.5 8.5 -0.5 1 126.041 175.627 5.56666 
0.5 8.5 4.5 1 111.994 320.825 5.56666 
0.5 6.5 4.5 1 117.198 316.06 5.56666 
0.5 2.5 2 1 133.586 261.242 5.56666 
0.5 4.5 2 1 126.274 258.723 5.56666 
0.5 4.5 4.5 1 124.218 317.812 5.56666 
0.5 2.5 4.5 1 125.819 314.221 5.56666 
