0 0 0 1 113.714 71.8884 10.6 
0 0 6.5 1 108.139 373.929 10.6 
10 0 0 1 139.836 204.097 10.6 
10 0 6.5 1 140.501 360.422 10.6 
10 10 0 1 357.271 208.363 10.6 
10 10 6.5 1 366.335 347.482 10.6 
0 10 0 1 505.541 101.559 10.6 
0 10 6.5 1 544.426 350.976 10.6 
0 5 10 1 356.117 538.58 10.6 
10 5 10 1 263.821 437.596 10.6 
0 6 0 1 363.972 91.4971 10.6 
0 8 0 1 438.883 96.2408 10.6 
0 8 5 1 464.594 293.106 10.6 
0 6 5 1 385.457 290.123 10.6 
0 2 2.5 1 204.592 180.208 10.6 
0 4 2.5 1 292.178 184.688 10.6 
0 4 5 1 296.353 292.785 10.6 
0 2 5 1 207.59 296.544 10.6 
0.5 0.5 -0.5 1 140.607 65.6663 10.6 
0.5 0.5 6 1 136.397 347.164 10.6 
10.5 0.5 -0.5 1 151.73 198.721 10.6 
10.5 0.5 6 1 149.334 344.072 10.6 
10.5 10.5 -0.5 1 360.576 199.5 10.6 
10.5 10.5 6 1 373.678 335.864 10.6 
0.5 10.5 -0.5 1 507.602 94.5062 10.6 
0.5 10.5 6 1 543.369 330.817 10.6 
0.5 5.5 9.5 1 369.652 503.199 10.6 
10.5 5.5 9.5 1 273.392 422.946 10.6 
0.5 6.5 -0.5 1 371.769 85.0676 10.6 
0.5 8.5 -0.5 1 442.065 89.4787 10.6 
0.5 8.5 4.5 1 467.556 271.62 10.6 
0.5 6.5 4.5 1 393.845 273.433 10.6 
0.5 2.5 2 1 223.52 171.233 10.6 
0.5 4.5 2 1 302.657 172.12 10.6 
0.5 4.5 4.5 1 311.233 273.631 10.6 
0.5 2.5 4.5 1 224.504 273.001 10.6 
