0 0 0 1 310.148 105.163 11.8667 
0 0 6.5 1 292.058 409.681 11.8667 
10 0 0 1 146.08 188.517 11.8667 
10 0 6.5 1 124.758 354.459 11.8667 
10 10 0 1 330.147 229.54 11.8667 
10 10 6.5 1 322.63 357.485 11.8667 
0 10 0 1 531.784 201.151 11.8667 
0 10 6.5 1 531.229 397.083 11.8667 
0 5 10 1 432.786 542.89 11.8667 
10 5 10 1 230.68 436.434 11.8667 
0 6 0 1 466.508 171.547 11.8667 
0 8 0 1 502.703 187.039 11.8667 
0 8 5 1 502.128 345.337 11.8667 
0 6 5 1 462.806 344.869 11.8667 
0 2 2.5 1 366.797 233.157 11.8667 
0 4 2.5 1 419.782 244.5 11.8667 
0 4 5 1 417.309 339.786 11.8667 
0 2 5 1 361.394 340.803 11.8667 
0.5 0.5 -0.5 1 310.389 101.295 11.8667 
0.5 0.5 6 1 296.26 382.89 11.8667 
10.5 0.5 -0.5 1 150.226 181.47 11.8667 
10.5 0.5 6 1 137.704 339.642 11.8667 
10.5 10.5 -0.5 1 329.66 221.322 11.8667 
10.5 10.5 6 1 322.322 344.889 11.8667 
0.5 10.5 -0.5 1 526.641 188.804 11.8667 
0.5 10.5 6 1 526.565 377.171 11.8667 
0.5 5.5 9.5 1 430.786 510.838 11.8667 
10.5 5.5 9.5 1 238.341 421.958 11.8667 
0.5 6.5 -0.5 1 460.851 163.753 11.8667 
0.5 8.5 -0.5 1 495.534 180.145 11.8667 
0.5 8.5 4.5 1 492.733 329.897 11.8667 
0.5 6.5 4.5 1 454.762 322.802 11.8667 
0.5 2.5 2 1 367.669 219.083 11.8667 
0.5 4.5 2 1 417.613 231.183 11.8667 
0.5 4.5 4.5 1 413.141 323.397 11.8667 
0.5 2.5 4.5 1 359.418 318.183 11.8667 
