0 0 0 1 384.786 99.3397 0.366667 
0 0 6.5 1 366.785 244.813 0.366667 
10 0 0 1 557.22 -18.2417 0.366667 
10 0 6.5 1 520.113 272.155 0.366667 
10 10 0 1 94.9888 -95.3656 0.366667 
10 10 6.5 1 75.0016 232.478 0.366667 
0 10 0 1 152.853 66.5417 0.366667 
0 10 6.5 1 140.978 225.851 0.366667 
0 5 10 1 246.546 312.346 0.366667 
10 5 10 1 291.436 405.438 0.366667 
0 6 0 1 247.903 77.6919 0.366667 
0 8 0 1 202.103 75.248 0.366667 
0 8 5 1 190.103 194.651 0.366667 
0 6 5 1 237.454 196.857 0.366667 
0 2 2.5 1 336.686 151.647 0.366667 
0 4 2.5 1 285.892 144.132 0.366667 
0 4 5 1 280.04 202.923 0.366667 
0 2 5 1 327.959 207.985 0.366667 
0.5 0.5 -0.5 1 378.797 82.2117 0.366667 
0.5 0.5 6 1 362.542 233.401 0.366667 
10.5 0.5 -0.5 1 557.172 -58.4471 0.366667 
10.5 0.5 6 1 514.6 249.544 0.366667 
10.5 10.5 -0.5 1 64.7859 -145.465 0.366667 
10.5 10.5 6 1 42.3263 204.273 0.366667 
0.5 10.5 -0.5 1 142.175 50.3771 0.366667 
0.5 10.5 6 1 129.867 208.648 0.366667 
0.5 5.5 9.5 1 240.073 304.627 0.366667 
10.5 5.5 9.5 1 275.957 392.974 0.366667 
0.5 6.5 -0.5 1 239.278 61.8891 0.366667 
0.5 8.5 -0.5 1 188.413 58.7998 0.366667 
0.5 8.5 4.5 1 179.563 176.408 0.366667 
0.5 6.5 4.5 1 227.61 184.692 0.366667 
0.5 2.5 2 1 327.058 138.056 0.366667 
0.5 4.5 2 1 280.248 128.568 0.366667 
0.5 4.5 4.5 1 274.434 187.413 0.366667 
0.5 2.5 4.5 1 320.012 193.446 0.366667 
