0 0 0 1 438.238 -21.9871 13.9334 
0 0 6.5 1 418.578 228.452 13.9334 
10 0 0 1 117.226 17.088 13.9334 
10 0 6.5 1 124.85 205.961 13.9334 
10 10 0 1 231.786 68.7309 13.9334 
10 10 6.5 1 230.55 194.746 13.9334 
0 10 0 1 432.148 63.5284 13.9334 
0 10 6.5 1 421.163 204.464 13.9334 
0 5 10 1 411.104 298.239 13.9334 
10 5 10 1 189.53 273.731 13.9334 
0 6 0 1 433.167 35.4118 13.9334 
0 8 0 1 433.503 53.2851 13.9334 
0 8 5 1 418.811 172.717 13.9334 
0 6 5 1 423.668 172.17 13.9334 
0 2 2.5 1 428.727 90.469 13.9334 
0 4 2.5 1 428.224 99.262 13.9334 
0 4 5 1 420.888 174.721 13.9334 
0 2 5 1 421.302 173.74 13.9334 
0.5 0.5 -0.5 1 420.576 -34.8289 13.9334 
0.5 0.5 6 1 401.622 206.692 13.9334 
10.5 0.5 -0.5 1 112.05 1.73369 13.9334 
10.5 0.5 6 1 120.694 194.635 13.9334 
10.5 10.5 -0.5 1 227.078 64.2754 13.9334 
10.5 10.5 6 1 226.708 185.906 13.9334 
0.5 10.5 -0.5 1 420.372 52.8975 13.9334 
0.5 10.5 6 1 411.673 189.569 13.9334 
0.5 5.5 9.5 1 397.332 283.76 13.9334 
10.5 5.5 9.5 1 186.316 261.326 13.9334 
0.5 6.5 -0.5 1 420.473 30.0422 13.9334 
0.5 8.5 -0.5 1 421.126 42.6752 13.9334 
0.5 8.5 4.5 1 413.532 163.448 13.9334 
0.5 6.5 4.5 1 412.019 157.185 13.9334 
0.5 2.5 2 1 413.834 82.0649 13.9334 
0.5 4.5 2 1 414.065 90.0254 13.9334 
0.5 4.5 4.5 1 407.868 159.632 13.9334 
0.5 2.5 4.5 1 408.701 157.645 13.9334 
