0 0 0 1 386.071 126.039 19.2001 
0 0 6.5 1 374.196 282.834 19.2001 
10 0 0 1 401.519 7.4498 19.2001 
10 0 6.5 1 369.488 335.475 19.2001 
10 10 0 1 -18.2985 19.9141 19.2001 
10 10 6.5 1 -30.3802 274.225 19.2001 
0 10 0 1 165.88 116.879 19.2001 
0 10 6.5 1 152.188 257.807 19.2001 
0 5 10 1 247.553 349.641 19.2001 
10 5 10 1 135.492 449.432 19.2001 
0 6 0 1 246.822 120.78 19.2001 
0 8 0 1 201.889 121.241 19.2001 
0 8 5 1 195.635 227.801 19.2001 
0 6 5 1 237.775 237.445 19.2001 
0 2 2.5 1 332.962 185.482 19.2001 
0 4 2.5 1 284.456 178.118 19.2001 
0 4 5 1 279.053 239.2 19.2001 
0 2 5 1 328.264 244.21 19.2001 
0.5 0.5 -0.5 1 376.971 109.115 19.2001 
0.5 0.5 6 1 360.888 273.278 19.2001 
10.5 0.5 -0.5 1 381.077 -32.7902 19.2001 
10.5 0.5 6 1 342.919 310.615 19.2001 
10.5 10.5 -0.5 1 -48.0305 -11.0041 19.2001 
10.5 10.5 6 1 -62.2206 254.855 19.2001 
0.5 10.5 -0.5 1 148.912 102.627 19.2001 
0.5 10.5 6 1 140.401 246.823 19.2001 
0.5 5.5 9.5 1 232.921 338.143 19.2001 
10.5 5.5 9.5 1 105.418 432.271 19.2001 
0.5 6.5 -0.5 1 231.754 104.767 19.2001 
0.5 8.5 -0.5 1 193.801 102.76 19.2001 
0.5 8.5 4.5 1 183.052 217.886 19.2001 
0.5 6.5 4.5 1 224.128 222.436 19.2001 
0.5 2.5 2 1 321.563 169.203 19.2001 
0.5 4.5 2 1 277.984 169.262 19.2001 
0.5 4.5 4.5 1 267.249 226.627 19.2001 
0.5 2.5 4.5 1 317.415 229.614 19.2001 
