0 0 0 1 370.066 158.691 16.5668 
0 0 6.5 1 390.887 331.987 16.5668 
10 0 0 1 98.3522 118.255 16.5668 
10 0 6.5 1 103.921 355.314 16.5668 
10 10 0 1 61.5548 206.803 16.5668 
10 10 6.5 1 65.2637 350.473 16.5668 
0 10 0 1 253.434 219.363 16.5668 
0 10 6.5 1 261.894 333.767 16.5668 
0 5 10 1 319.228 414.502 16.5668 
10 5 10 1 79.9822 453.109 16.5668 
0 6 0 1 288.951 200.253 16.5668 
0 8 0 1 270.889 209.261 16.5668 
0 8 5 1 275.297 302.78 16.5668 
0 6 5 1 299.993 302.574 16.5668 
0 2 2.5 1 346.144 234.26 16.5668 
0 4 2.5 1 316.327 243.85 16.5668 
0 4 5 1 324.376 297.965 16.5668 
0 2 5 1 350.695 292.769 16.5668 
0.5 0.5 -0.5 1 352.041 147.429 16.5668 
0.5 0.5 6 1 369.695 316.071 16.5668 
10.5 0.5 -0.5 1 77.0369 107.238 16.5668 
10.5 0.5 6 1 79.999 338.547 16.5668 
10.5 10.5 -0.5 1 55.1972 203.434 16.5668 
10.5 10.5 6 1 51.5966 339.843 16.5668 
0.5 10.5 -0.5 1 239.348 211.611 16.5668 
0.5 10.5 6 1 249.274 326.178 16.5668 
0.5 5.5 9.5 1 303.641 402.827 16.5668 
10.5 5.5 9.5 1 62.4327 438.176 16.5668 
0.5 6.5 -0.5 1 276.519 193.237 16.5668 
0.5 8.5 -0.5 1 252.892 202.598 16.5668 
0.5 8.5 4.5 1 264.31 297.713 16.5668 
0.5 6.5 4.5 1 282.136 292.416 16.5668 
0.5 2.5 2 1 329.325 225.915 16.5668 
0.5 4.5 2 1 303.07 234.104 16.5668 
0.5 4.5 4.5 1 307.485 289.735 16.5668 
0.5 2.5 4.5 1 334.255 286.589 16.5668 
