0 0 0 1 288.275 83.8418 2.53333 
0 0 6.5 1 296.985 206.795 2.53333 
10 0 0 1 500.302 19.2658 2.53333 
10 0 6.5 1 501.674 193.593 2.53333 
10 10 0 1 349.061 -92.7681 2.53333 
10 10 6.5 1 368.078 215.016 2.53333 
0 10 0 1 111.365 47.6648 2.53333 
0 10 6.5 1 132.894 224.796 2.53333 
0 5 10 1 232.412 289.236 2.53333 
10 5 10 1 454.024 313.016 2.53333 
0 6 0 1 196.806 62.5597 2.53333 
0 8 0 1 156.154 56.5863 2.53333 
0 8 5 1 171.73 184.394 2.53333 
0 6 5 1 208.599 177.656 2.53333 
0 2 2.5 1 268.651 130.021 2.53333 
0 4 2.5 1 235.103 127.623 2.53333 
0 4 5 1 243.117 180.281 2.53333 
0 2 5 1 270.271 181.661 2.53333 
0.5 0.5 -0.5 1 290.682 68.5204 2.53333 
0.5 0.5 6 1 297.405 198.319 2.53333 
10.5 0.5 -0.5 1 508.995 -9.05547 2.53333 
10.5 0.5 6 1 510.902 181.557 2.53333 
10.5 10.5 -0.5 1 354.989 -141.537 2.53333 
10.5 10.5 6 1 375.356 192.628 2.53333 
0.5 10.5 -0.5 1 104.412 23.9427 2.53333 
0.5 10.5 6 1 126.877 211.452 2.53333 
0.5 5.5 9.5 1 235.163 279.777 2.53333 
10.5 5.5 9.5 1 465.761 300.715 2.53333 
0.5 6.5 -0.5 1 193.864 41.4098 2.53333 
0.5 8.5 -0.5 1 155.652 36.8194 2.53333 
0.5 8.5 4.5 1 168.577 169.333 2.53333 
0.5 6.5 4.5 1 208.528 171.461 2.53333 
0.5 2.5 2 1 267.224 115.942 2.53333 
0.5 4.5 2 1 238.674 113.9 2.53333 
0.5 4.5 4.5 1 240.307 169.835 2.53333 
0.5 2.5 4.5 1 271.439 169.364 2.53333 
