0 0 0 1 -77.3979 14.3605 8.8 
0 0 6.5 1 -33.0736 256.58 8.8 
10 0 0 1 144.252 86.0946 8.8 
10 0 6.5 1 160.947 229.127 8.8 
10 10 0 1 363.116 45.828 8.8 
10 10 6.5 1 372.42 213.191 8.8 
0 10 0 1 288.189 -110.107 8.8 
0 10 6.5 1 311.809 241.907 8.8 
0 5 10 1 124.275 386.557 8.8 
10 5 10 1 260.658 294.068 8.8 
0 6 0 1 111.826 -51.391 8.8 
0 8 0 1 191.905 -74.1746 8.8 
0 8 5 1 214.565 173.617 8.8 
0 6 5 1 133.206 181.903 8.8 
0 2 2.5 1 -4.20083 98.225 8.8 
0 4 2.5 1 52.9381 84.9725 8.8 
0 4 5 1 68.6334 188.565 8.8 
0 2 5 1 7.98442 199.697 8.8 
0.5 0.5 -0.5 1 -43.1249 -3.86288 8.8 
0.5 0.5 6 1 -11.7806 235.062 8.8 
10.5 0.5 -0.5 1 162.63 77.8208 8.8 
10.5 0.5 6 1 174.013 215.479 8.8 
10.5 10.5 -0.5 1 374.63 34.3193 8.8 
10.5 10.5 6 1 382.862 200.305 8.8 
0.5 10.5 -0.5 1 317.313 -128.691 8.8 
0.5 10.5 6 1 338.927 213.501 8.8 
0.5 5.5 9.5 1 151.07 360.53 8.8 
10.5 5.5 9.5 1 276.238 285.166 8.8 
0.5 6.5 -0.5 1 140.82 -67.9246 8.8 
0.5 8.5 -0.5 1 222.923 -97.2203 8.8 
0.5 8.5 4.5 1 245.721 150.027 8.8 
0.5 6.5 4.5 1 165.961 159.915 8.8 
0.5 2.5 2 1 21.2534 77.6563 8.8 
0.5 4.5 2 1 86.632 65.4529 8.8 
0.5 4.5 4.5 1 99.2276 167.96 8.8 
0.5 2.5 4.5 1 36.1308 176.047 8.8 
