0 0 0 1 372.147 233.593 17.2334 
0 0 6.5 1 383.797 407.721 17.2334 
10 0 0 1 134.089 172.458 17.2334 
10 0 6.5 1 119.98 446.007 17.2334 
10 10 0 1 24.6567 241.826 17.2334 
10 10 6.5 1 9.11399 406.047 17.2334 
0 10 0 1 221.495 267.398 17.2334 
0 10 6.5 1 220.641 390.145 17.2334 
0 5 10 1 287.412 481.666 17.2334 
10 5 10 1 40.9742 549.088 17.2334 
0 6 0 1 268.589 255.167 17.2334 
0 8 0 1 244.535 261.502 17.2334 
0 8 5 1 243.231 361.213 17.2334 
0 6 5 1 272.131 363.581 17.2334 
0 2 2.5 1 337.318 300.994 17.2334 
0 4 2.5 1 300.718 309.387 17.2334 
0 4 5 1 303.957 363.908 17.2334 
0 2 5 1 338.297 366.987 17.2334 
0.5 0.5 -0.5 1 351.838 222.032 17.2334 
0.5 0.5 6 1 367.606 394.452 17.2334 
10.5 0.5 -0.5 1 108.88 155.373 17.2334 
10.5 0.5 6 1 93.3502 421.624 17.2334 
10.5 10.5 -0.5 1 10.398 232.477 17.2334 
10.5 10.5 6 1 -5.38857 394.473 17.2334 
0.5 10.5 -0.5 1 205.687 257.997 17.2334 
0.5 10.5 6 1 205.574 380.815 17.2334 
0.5 5.5 9.5 1 271.629 468.543 17.2334 
10.5 5.5 9.5 1 19.0644 526.886 17.2334 
0.5 6.5 -0.5 1 253.827 245.988 17.2334 
0.5 8.5 -0.5 1 231.143 254.261 17.2334 
0.5 8.5 4.5 1 229.374 352.164 17.2334 
0.5 6.5 4.5 1 256.474 350.536 17.2334 
0.5 2.5 2 1 319.09 289.731 17.2334 
0.5 4.5 2 1 286.616 293.662 17.2334 
0.5 4.5 4.5 1 286.168 349.347 17.2334 
0.5 2.5 4.5 1 318.877 350.227 17.2334 
