0 0 0 1 381.061 128.802 15.9334 
0 0 6.5 1 399.198 311.556 15.9334 
10 0 0 1 81.3086 127.514 15.9334 
10 0 6.5 1 99.8474 349.525 15.9334 
10 10 0 1 97.9817 191.866 15.9334 
10 10 6.5 1 111.178 321.331 15.9334 
0 10 0 1 284.391 187.52 15.9334 
0 10 6.5 1 295.065 303.1 15.9334 
0 5 10 1 345.308 380.381 15.9334 
10 5 10 1 112.243 422.53 15.9334 
0 6 0 1 312.652 168.559 15.9334 
0 8 0 1 297.427 178.386 15.9334 
0 8 5 1 307.26 273.683 15.9334 
0 6 5 1 323.51 269.578 15.9334 
0 2 2.5 1 357.865 204.897 15.9334 
0 4 2.5 1 336.04 214.168 15.9334 
0 4 5 1 343.797 271.968 15.9334 
0 2 5 1 365.521 267.851 15.9334 
0.5 0.5 -0.5 1 358.448 120.623 15.9334 
0.5 0.5 6 1 380.372 296.412 15.9334 
10.5 0.5 -0.5 1 63.7997 119.522 15.9334 
10.5 0.5 6 1 82.8412 333.497 15.9334 
10.5 10.5 -0.5 1 86.1135 188.453 15.9334 
10.5 10.5 6 1 97.8144 313.148 15.9334 
0.5 10.5 -0.5 1 272.592 183.329 15.9334 
0.5 10.5 6 1 282.434 292.9 15.9334 
0.5 5.5 9.5 1 329.737 371.859 15.9334 
10.5 5.5 9.5 1 97.769 407.033 15.9334 
0.5 6.5 -0.5 1 297.734 161.877 15.9334 
0.5 8.5 -0.5 1 282.677 173.084 15.9334 
0.5 8.5 4.5 1 292.119 264.502 15.9334 
0.5 6.5 4.5 1 308.796 263.415 15.9334 
0.5 2.5 2 1 342.121 197.637 15.9334 
0.5 4.5 2 1 322.296 205.252 15.9334 
0.5 4.5 4.5 1 324.5 264.762 15.9334 
0.5 2.5 4.5 1 347.203 259.28 15.9334 
