0 0 0 1 389.08 125.109 19.1334 
0 0 6.5 1 369.074 285.551 19.1334 
10 0 0 1 392.138 6.40387 19.1334 
10 0 6.5 1 357.729 333.515 19.1334 
10 10 0 1 -16.4084 21.829 19.1334 
10 10 6.5 1 -32.7217 273.076 19.1334 
0 10 0 1 164.161 118.138 19.1334 
0 10 6.5 1 154.291 258.726 19.1334 
0 5 10 1 245.974 350.545 19.1334 
10 5 10 1 127.521 443.531 19.1334 
0 6 0 1 246.97 121.889 19.1334 
0 8 0 1 204.581 119.343 19.1334 
0 8 5 1 195.488 233.239 19.1334 
0 6 5 1 236.75 234.866 19.1334 
0 2 2.5 1 332.235 186.065 19.1334 
0 4 2.5 1 285.717 181.81 19.1334 
0 4 5 1 282.795 240.064 19.1334 
0 2 5 1 326.32 246.323 19.1334 
0.5 0.5 -0.5 1 379.622 111.074 19.1334 
0.5 0.5 6 1 358.533 272.881 19.1334 
10.5 0.5 -0.5 1 367.863 -34.1233 19.1334 
10.5 0.5 6 1 330.679 309.244 19.1334 
10.5 10.5 -0.5 1 -47.84 -10.4876 19.1334 
10.5 10.5 6 1 -62.2844 254.56 19.1334 
0.5 10.5 -0.5 1 150.679 105.734 19.1334 
0.5 10.5 6 1 139.142 247.15 19.1334 
0.5 5.5 9.5 1 236.597 340.902 19.1334 
10.5 5.5 9.5 1 96.7713 429.837 19.1334 
0.5 6.5 -0.5 1 235.513 107.402 19.1334 
0.5 8.5 -0.5 1 191.553 105.34 19.1334 
0.5 8.5 4.5 1 180.641 219.787 19.1334 
0.5 6.5 4.5 1 221.884 219.953 19.1334 
0.5 2.5 2 1 319.379 173.924 19.1334 
0.5 4.5 2 1 275.161 169.778 19.1334 
0.5 4.5 4.5 1 267.363 228.519 19.1334 
0.5 2.5 4.5 1 314.785 232.123 19.1334 
