0 0 0 1 235.607 232.37 3.8 
0 0 6.5 1 244.646 354.02 3.8 
10 0 0 1 418.455 208.43 3.8 
10 0 6.5 1 434.712 344.506 3.8 
10 10 0 1 407.29 146.861 3.8 
10 10 6.5 1 433.876 378.091 3.8 
0 10 0 1 122.513 203.545 3.8 
0 10 6.5 1 132.28 382.136 3.8 
0 5 10 1 201.428 442.913 3.8 
10 5 10 1 448.709 449.835 3.8 
0 6 0 1 179.222 216.98 3.8 
0 8 0 1 155.252 208.499 3.8 
0 8 5 1 160.872 333.251 3.8 
0 6 5 1 189.347 332.119 3.8 
0 2 2.5 1 220.967 279.601 3.8 
0 4 2.5 1 203 274.808 3.8 
0 4 5 1 207.771 329.069 3.8 
0 2 5 1 226.487 322.582 3.8 
0.5 0.5 -0.5 1 238.008 223.685 3.8 
0.5 0.5 6 1 248.549 342.019 3.8 
10.5 0.5 -0.5 1 427.961 192.689 3.8 
10.5 0.5 6 1 444.557 330.79 3.8 
10.5 10.5 -0.5 1 419.856 120.972 3.8 
10.5 10.5 6 1 451.867 357.092 3.8 
0.5 10.5 -0.5 1 125.407 180.47 3.8 
0.5 10.5 6 1 128.587 367.249 3.8 
0.5 5.5 9.5 1 210.017 432.861 3.8 
10.5 5.5 9.5 1 461.867 441.143 3.8 
0.5 6.5 -0.5 1 180.116 200.48 3.8 
0.5 8.5 -0.5 1 157.046 194.778 3.8 
0.5 8.5 4.5 1 160.91 319.727 3.8 
0.5 6.5 4.5 1 189.463 315.034 3.8 
0.5 2.5 2 1 223.797 263.702 3.8 
0.5 4.5 2 1 206.801 258.97 3.8 
0.5 4.5 4.5 1 209.834 315.677 3.8 
0.5 2.5 4.5 1 229.433 314.24 3.8 
