0 0 0 1 386.254 127.505 19.0334 
0 0 6.5 1 372.568 290.45 19.0334 
10 0 0 1 377.332 2.12029 19.0334 
10 0 6.5 1 343.801 324.303 19.0334 
10 10 0 1 -14.7224 22.6013 19.0334 
10 10 6.5 1 -34.644 266.43 19.0334 
0 10 0 1 167.384 122.274 19.0334 
0 10 6.5 1 156.286 260.934 19.0334 
0 5 10 1 245.826 352.496 19.0334 
10 5 10 1 114.32 437.813 19.0334 
0 6 0 1 250.969 124.808 19.0334 
0 8 0 1 208.727 123.406 19.0334 
0 8 5 1 193.79 232.449 19.0334 
0 6 5 1 236.16 239.634 19.0334 
0 2 2.5 1 334.973 186.159 19.0334 
0 4 2.5 1 287.922 181.908 19.0334 
0 4 5 1 280.51 241.715 19.0334 
0 2 5 1 327.675 245.066 19.0334 
0.5 0.5 -0.5 1 375.329 111.158 19.0334 
0.5 0.5 6 1 360.312 275.337 19.0334 
10.5 0.5 -0.5 1 351.509 -40.8623 19.0334 
10.5 0.5 6 1 315.926 301.912 19.0334 
10.5 10.5 -0.5 1 -46.9647 -5.74857 19.0334 
10.5 10.5 6 1 -64.9567 248.116 19.0334 
0.5 10.5 -0.5 1 154.007 109.604 19.0334 
0.5 10.5 6 1 141.269 250.262 19.0334 
0.5 5.5 9.5 1 233.935 342.394 19.0334 
10.5 5.5 9.5 1 82.9647 424.45 19.0334 
0.5 6.5 -0.5 1 235.63 111.631 19.0334 
0.5 8.5 -0.5 1 192.432 109.94 19.0334 
0.5 8.5 4.5 1 184.736 220.858 19.0334 
0.5 6.5 4.5 1 224.058 224.043 19.0334 
0.5 2.5 2 1 321.42 171.229 19.0334 
0.5 4.5 2 1 276.867 171.161 19.0334 
0.5 4.5 4.5 1 266.98 228.424 19.0334 
0.5 2.5 4.5 1 314.54 235.279 19.0334 
