0 0 0 1 374.809 204.733 16.9668 
0 0 6.5 1 390.046 374.95 16.9668 
10 0 0 1 118.571 150.749 16.9668 
10 0 6.5 1 109.97 406.283 16.9668 
10 10 0 1 42.3199 229.95 16.9668 
10 10 6.5 1 32.6519 385.788 16.9668 
0 10 0 1 233.832 252.865 16.9668 
0 10 6.5 1 237.064 369.657 16.9668 
0 5 10 1 301.911 454.397 16.9668 
10 5 10 1 58.4767 510.779 16.9668 
0 6 0 1 278.869 236.966 16.9668 
0 8 0 1 255.251 243.688 16.9668 
0 8 5 1 259.612 343.769 16.9668 
0 6 5 1 282.517 340.686 16.9668 
0 2 2.5 1 340.781 274.826 16.9668 
0 4 2.5 1 311.05 279.557 16.9668 
0 4 5 1 312.052 338.815 16.9668 
0 2 5 1 344.121 336.797 16.9668 
0.5 0.5 -0.5 1 354.294 193.466 16.9668 
0.5 0.5 6 1 367.158 362.617 16.9668 
10.5 0.5 -0.5 1 96.441 134.304 16.9668 
10.5 0.5 6 1 85.5585 385.084 16.9668 
10.5 10.5 -0.5 1 26.3868 222.15 16.9668 
10.5 10.5 6 1 16.8979 372.531 16.9668 
0.5 10.5 -0.5 1 221.405 243.227 16.9668 
0.5 10.5 6 1 227.63 361.607 16.9668 
0.5 5.5 9.5 1 287.862 443.724 16.9668 
10.5 5.5 9.5 1 34.7205 491.518 16.9668 
0.5 6.5 -0.5 1 265.689 226.308 16.9668 
0.5 8.5 -0.5 1 242.068 236.284 16.9668 
0.5 8.5 4.5 1 243.052 331.52 16.9668 
0.5 6.5 4.5 1 267.01 327.245 16.9668 
0.5 2.5 2 1 325.565 264.789 16.9668 
0.5 4.5 2 1 293.027 270.07 16.9668 
0.5 4.5 4.5 1 294.282 328.742 16.9668 
0.5 2.5 4.5 1 328.255 323.776 16.9668 
