0 0 0 1 322.169 63.6481 1.96667 
0 0 6.5 1 322.48 195.782 1.96667 
10 0 0 1 544.223 -0.152928 1.96667 
10 0 6.5 1 528.692 203.159 1.96667 
10 10 0 1 307.288 -95.9262 1.96667 
10 10 6.5 1 312.689 243.079 1.96667 
0 10 0 1 121.677 38.4629 1.96667 
0 10 6.5 1 136.132 213.989 1.96667 
0 5 10 1 243.46 280.345 1.96667 
10 5 10 1 439.555 340.354 1.96667 
0 6 0 1 216.198 49.323 1.96667 
0 8 0 1 168.541 42.5177 1.96667 
0 8 5 1 179.05 179.162 1.96667 
0 6 5 1 219.696 170.963 1.96667 
0 2 2.5 1 289.873 116.305 1.96667 
0 4 2.5 1 258.978 113.016 1.96667 
0 4 5 1 257.789 170.828 1.96667 
0 2 5 1 292.241 167.671 1.96667 
0.5 0.5 -0.5 1 319.153 47.4596 1.96667 
0.5 0.5 6 1 320.03 190.843 1.96667 
10.5 0.5 -0.5 1 557.265 -27.1861 1.96667 
10.5 0.5 6 1 539.455 190.094 1.96667 
10.5 10.5 -0.5 1 304.633 -153.654 1.96667 
10.5 10.5 6 1 310.63 225.6 1.96667 
0.5 10.5 -0.5 1 108.34 17.0825 1.96667 
0.5 10.5 6 1 128.381 203.675 1.96667 
0.5 5.5 9.5 1 239.235 274.882 1.96667 
10.5 5.5 9.5 1 446.954 331.783 1.96667 
0.5 6.5 -0.5 1 211.414 30.9813 1.96667 
0.5 8.5 -0.5 1 163.281 20.9963 1.96667 
0.5 8.5 4.5 1 173.048 163.225 1.96667 
0.5 6.5 4.5 1 215.749 161.836 1.96667 
0.5 2.5 2 1 287.071 100.59 1.96667 
0.5 4.5 2 1 251.542 99.6864 1.96667 
0.5 4.5 4.5 1 255.218 157.656 1.96667 
0.5 2.5 4.5 1 292.586 158.002 1.96667 
