0 0 0 1 270.153 139.689 2.96667 
0 0 6.5 1 282.752 259.805 2.96667 
10 0 0 1 467.552 93.0456 2.96667 
10 0 6.5 1 478.694 248.832 2.96667 
10 10 0 1 376.135 12.4887 2.96667 
10 10 6.5 1 398.403 279.091 2.96667 
0 10 0 1 120.045 111.185 2.96667 
0 10 6.5 1 134.383 288.585 2.96667 
0 5 10 1 228.38 344.198 2.96667 
10 5 10 1 460.36 366.151 2.96667 
0 6 0 1 192.726 126.137 2.96667 
0 8 0 1 158.218 119.005 2.96667 
0 8 5 1 170.257 243.876 2.96667 
0 6 5 1 205.556 242.004 2.96667 
0 2 2.5 1 253.41 187.079 2.96667 
0 4 2.5 1 226.01 186.135 2.96667 
0 4 5 1 228.415 238.709 2.96667 
0 2 5 1 256.42 238.541 2.96667 
0.5 0.5 -0.5 1 269.815 131.17 2.96667 
0.5 0.5 6 1 285.849 252.626 2.96667 
10.5 0.5 -0.5 1 478.425 77.0929 2.96667 
10.5 0.5 6 1 489.084 237.252 2.96667 
10.5 10.5 -0.5 1 387.205 -22.6438 2.96667 
10.5 10.5 6 1 409.737 261.176 2.96667 
0.5 10.5 -0.5 1 113.863 91.5657 2.96667 
0.5 10.5 6 1 132.421 277.721 2.96667 
0.5 5.5 9.5 1 230.461 340.606 2.96667 
10.5 5.5 9.5 1 471.5 356.106 2.96667 
0.5 6.5 -0.5 1 193.001 112.417 2.96667 
0.5 8.5 -0.5 1 155.72 102.418 2.96667 
0.5 8.5 4.5 1 169.017 234.665 2.96667 
0.5 6.5 4.5 1 203.422 227.895 2.96667 
0.5 2.5 2 1 252.905 176.384 2.96667 
0.5 4.5 2 1 230.41 173.238 2.96667 
0.5 4.5 4.5 1 235.771 229.951 2.96667 
0.5 2.5 4.5 1 258.755 224.739 2.96667 
