0 0 0 1 5.34716 118.735 9.83335 
0 0 6.5 1 20.2488 402.933 9.83335 
10 0 0 1 139.142 200.542 9.83335 
10 0 6.5 1 151.193 348.467 9.83335 
10 10 0 1 363.697 177.285 9.83335 
10 10 6.5 1 380.14 325.886 9.83335 
0 10 0 1 442.61 66.5154 9.83335 
0 10 6.5 1 482.374 363.796 9.83335 
0 5 10 1 261.314 555.676 9.83335 
10 5 10 1 270.291 420.939 9.83335 
0 6 0 1 260.069 88.4898 9.83335 
0 8 0 1 352.144 79.9126 9.83335 
0 8 5 1 376.278 302.924 9.83335 
0 6 5 1 283.346 310.799 9.83335 
0 2 2.5 1 98.4334 217.715 9.83335 
0 4 2.5 1 183.331 206.659 9.83335 
0 4 5 1 192.965 318.055 9.83335 
0 2 5 1 102.65 326.353 9.83335 
0.5 0.5 -0.5 1 38.9692 102.824 9.83335 
0.5 0.5 6 1 49.2733 373.626 9.83335 
10.5 0.5 -0.5 1 151.485 189.853 9.83335 
10.5 0.5 6 1 161.546 332.084 9.83335 
10.5 10.5 -0.5 1 370.027 167.22 9.83335 
10.5 10.5 6 1 388.317 315.413 9.83335 
0.5 10.5 -0.5 1 456.723 56.148 9.83335 
0.5 10.5 6 1 493.434 338.792 9.83335 
0.5 5.5 9.5 1 283.085 515.242 9.83335 
10.5 5.5 9.5 1 284.817 404.242 9.83335 
0.5 6.5 -0.5 1 284.599 73.0488 9.83335 
0.5 8.5 -0.5 1 367.707 65.4254 9.83335 
0.5 8.5 4.5 1 391.302 276.954 9.83335 
0.5 6.5 4.5 1 301.32 288.137 9.83335 
0.5 2.5 2 1 124.281 195.979 9.83335 
0.5 4.5 2 1 207.242 186.883 9.83335 
0.5 4.5 4.5 1 216.466 291.492 9.83335 
0.5 2.5 4.5 1 129.787 300.041 9.83335 
