0 0 0 1 433.455 24.3013 13.1667 
0 0 6.5 1 398.878 293.089 13.1667 
10 0 0 1 142.191 66.0161 13.1667 
10 0 6.5 1 134.843 245.864 13.1667 
10 10 0 1 280.506 118 13.1667 
10 10 6.5 1 268.723 237.92 13.1667 
0 10 0 1 488.753 112.433 13.1667 
0 10 6.5 1 463.575 267.326 13.1667 
0 5 10 1 426.909 372.02 13.1667 
10 5 10 1 209.97 315.993 13.1667 
0 6 0 1 470.651 91.4168 13.1667 
0 8 0 1 477.544 102.961 13.1667 
0 8 5 1 460.107 233.677 13.1667 
0 6 5 1 454.823 230.261 13.1667 
0 2 2.5 1 436.444 145.299 13.1667 
0 4 2.5 1 450.342 155.684 13.1667 
0 4 5 1 441.982 235.489 13.1667 
0 2 5 1 426.3 231.496 13.1667 
0.5 0.5 -0.5 1 417.778 15.0837 13.1667 
0.5 0.5 6 1 391.893 269.467 13.1667 
10.5 0.5 -0.5 1 141.285 57.1625 13.1667 
10.5 0.5 6 1 135.792 231.164 13.1667 
10.5 10.5 -0.5 1 277.779 112.108 13.1667 
10.5 10.5 6 1 270.072 230.936 13.1667 
0.5 10.5 -0.5 1 480.274 103.162 13.1667 
0.5 10.5 6 1 456.29 251.254 13.1667 
0.5 5.5 9.5 1 420.064 351.254 13.1667 
10.5 5.5 9.5 1 206.146 301.987 13.1667 
0.5 6.5 -0.5 1 460.87 74.7288 13.1667 
0.5 8.5 -0.5 1 469.219 91.6982 13.1667 
0.5 8.5 4.5 1 454.195 217.249 13.1667 
0.5 6.5 4.5 1 444.987 219.84 13.1667 
0.5 2.5 2 1 420.158 131.257 13.1667 
0.5 4.5 2 1 437.765 143.213 13.1667 
0.5 4.5 4.5 1 429.255 217.422 13.1667 
0.5 2.5 4.5 1 413.99 215.044 13.1667 
