0 0 0 1 415.464 -52.6443 14.5667 
0 0 6.5 1 412.099 179.043 14.5667 
10 0 0 1 85.568 -19.0786 14.5667 
10 0 6.5 1 106.169 191.334 14.5667 
10 10 0 1 180.582 55.5603 14.5667 
10 10 6.5 1 187.359 184.232 14.5667 
0 10 0 1 373.771 43.601 14.5667 
0 10 6.5 1 375.7 175.21 14.5667 
0 5 10 1 387.299 261.031 14.5667 
10 5 10 1 163.582 262.574 14.5667 
0 6 0 1 384.768 14.0215 14.5667 
0 8 0 1 380.171 30.525 14.5667 
0 8 5 1 378.791 143.193 14.5667 
0 6 5 1 385.321 141.402 14.5667 
0 2 2.5 1 405.016 58.3803 14.5667 
0 4 2.5 1 393.995 69.3695 14.5667 
0 4 5 1 395.977 138.924 14.5667 
0 2 5 1 403.514 137.376 14.5667 
0.5 0.5 -0.5 1 397.871 -62.9907 14.5667 
0.5 0.5 6 1 394.142 162.993 14.5667 
10.5 0.5 -0.5 1 75.7167 -24.1151 14.5667 
10.5 0.5 6 1 97.5394 178.011 14.5667 
10.5 10.5 -0.5 1 171.657 52.8398 14.5667 
10.5 10.5 6 1 180.941 173.369 14.5667 
0.5 10.5 -0.5 1 363.999 33.6025 14.5667 
0.5 10.5 6 1 361.511 165.223 14.5667 
0.5 5.5 9.5 1 374.101 246.217 14.5667 
10.5 5.5 9.5 1 156.272 250.253 14.5667 
0.5 6.5 -0.5 1 372.196 8.62144 14.5667 
0.5 8.5 -0.5 1 365.843 23.1692 14.5667 
0.5 8.5 4.5 1 365.236 134.579 14.5667 
0.5 6.5 4.5 1 375.338 132.075 14.5667 
0.5 2.5 2 1 385.474 48.42 14.5667 
0.5 4.5 2 1 380.594 61.3006 14.5667 
0.5 4.5 4.5 1 376.976 128.395 14.5667 
0.5 2.5 4.5 1 386.25 120.736 14.5667 
