0 0 0 1 137.913 86.1387 10.7667 
0 0 6.5 1 132.282 388.918 10.7667 
10 0 0 1 141.687 212.784 10.7667 
10 0 6.5 1 137.71 370.801 10.7667 
10 10 0 1 354.22 223.953 10.7667 
10 10 6.5 1 365.781 363.405 10.7667 
0 10 0 1 519.436 126.841 10.7667 
0 10 6.5 1 552.97 372.679 10.7667 
0 5 10 1 378.958 555.082 10.7667 
10 5 10 1 259.642 454.585 10.7667 
0 6 0 1 387.745 110.781 10.7667 
0 8 0 1 455.759 121.281 10.7667 
0 8 5 1 476.861 311.662 10.7667 
0 6 5 1 402.358 312.24 10.7667 
0 2 2.5 1 231.046 200.416 10.7667 
0 4 2.5 1 315.32 201.907 10.7667 
0 4 5 1 319.792 311.323 10.7667 
0 2 5 1 234.259 316.04 10.7667 
0.5 0.5 -0.5 1 161.545 83.3183 10.7667 
0.5 0.5 6 1 157.805 360.812 10.7667 
10.5 0.5 -0.5 1 151.889 204.586 10.7667 
10.5 0.5 6 1 149.685 352.691 10.7667 
10.5 10.5 -0.5 1 360.934 215.655 10.7667 
10.5 10.5 6 1 368.779 349.228 10.7667 
0.5 10.5 -0.5 1 516.394 119.881 10.7667 
0.5 10.5 6 1 549.579 349.89 10.7667 
0.5 5.5 9.5 1 386.423 519.656 10.7667 
10.5 5.5 9.5 1 266.625 433.576 10.7667 
0.5 6.5 -0.5 1 391.014 106.421 10.7667 
0.5 8.5 -0.5 1 455.475 112.073 10.7667 
0.5 8.5 4.5 1 475.353 291.524 10.7667 
0.5 6.5 4.5 1 406.468 291.396 10.7667 
0.5 2.5 2 1 246.847 182.992 10.7667 
0.5 4.5 2 1 327.195 191.327 10.7667 
0.5 4.5 4.5 1 331.977 292.516 10.7667 
0.5 2.5 4.5 1 250.999 293.632 10.7667 
