0 0 0 1 183.882 116.873 11.0334 
0 0 6.5 1 171.406 430.658 11.0334 
10 0 0 1 140.041 228.028 11.0334 
10 0 6.5 1 132.762 386.902 11.0334 
10 10 0 1 352.615 245.349 11.0334 
10 10 6.5 1 354.486 384.338 11.0334 
0 10 0 1 530.116 172.787 11.0334 
0 10 6.5 1 560.49 411.588 11.0334 
0 5 10 1 407.963 597.838 11.0334 
10 5 10 1 254.847 474.209 11.0334 
0 6 0 1 411.624 151.716 11.0334 
0 8 0 1 475.9 164.608 11.0334 
0 8 5 1 492.033 352.636 11.0334 
0 6 5 1 428.577 348.89 11.0334 
0 2 2.5 1 267.286 235.049 11.0334 
0 4 2.5 1 346.336 242.742 11.0334 
0 4 5 1 352.992 349.285 11.0334 
0 2 5 1 271.185 350.13 11.0334 
0.5 0.5 -0.5 1 200.219 110.057 11.0334 
0.5 0.5 6 1 191.594 398.417 11.0334 
10.5 0.5 -0.5 1 152.622 218.626 11.0334 
10.5 0.5 6 1 145.246 375.758 11.0334 
10.5 10.5 -0.5 1 354.783 238.914 11.0334 
10.5 10.5 6 1 360.36 370.853 11.0334 
0.5 10.5 -0.5 1 526.934 164.893 11.0334 
0.5 10.5 6 1 552.897 389.046 11.0334 
0.5 5.5 9.5 1 408.169 555.702 11.0334 
10.5 5.5 9.5 1 260.038 457.31 11.0334 
0.5 6.5 -0.5 1 416.121 148.786 11.0334 
0.5 8.5 -0.5 1 473.575 155.952 11.0334 
0.5 8.5 4.5 1 491.821 331.036 11.0334 
0.5 6.5 4.5 1 432.077 330.876 11.0334 
0.5 2.5 2 1 280.072 223.306 11.0334 
0.5 4.5 2 1 353.672 228.183 11.0334 
0.5 4.5 4.5 1 358.803 328.501 11.0334 
0.5 2.5 4.5 1 281.717 329.718 11.0334 
