0 0 0 1 374.067 227.268 17.8001 
0 0 6.5 1 375.361 395.935 17.8001 
10 0 0 1 187.545 138.814 17.8001 
10 0 6.5 1 162.482 431.048 17.8001 
10 10 0 1 2.84136 199.008 17.8001 
10 10 6.5 1 -24.576 382.23 17.8001 
0 10 0 1 197.241 247.138 17.8001 
0 10 6.5 1 189.354 373.65 17.8001 
0 5 10 1 262.258 468.774 17.8001 
10 5 10 1 25.714 541.094 17.8001 
0 6 0 1 255.162 244.8 17.8001 
0 8 0 1 224.241 244.819 17.8001 
0 8 5 1 216.926 347.877 17.8001 
0 6 5 1 250.277 346.999 17.8001 
0 2 2.5 1 324.424 292.606 17.8001 
0 4 2.5 1 290.346 292.651 17.8001 
0 4 5 1 287.568 349.411 17.8001 
0 2 5 1 327.663 353.333 17.8001 
0.5 0.5 -0.5 1 356.668 211.952 17.8001 
0.5 0.5 6 1 352.793 384.463 17.8001 
10.5 0.5 -0.5 1 154.071 112.195 17.8001 
10.5 0.5 6 1 128.1 403.164 17.8001 
10.5 10.5 -0.5 1 -18.49 185.52 17.8001 
10.5 10.5 6 1 -44.6203 366.547 17.8001 
0.5 10.5 -0.5 1 184.944 235.061 17.8001 
0.5 10.5 6 1 177.013 363.648 17.8001 
0.5 5.5 9.5 1 243.778 455.18 17.8001 
10.5 5.5 9.5 1 4.63253 520.739 17.8001 
0.5 6.5 -0.5 1 240.078 230.372 17.8001 
0.5 8.5 -0.5 1 213.04 231.615 17.8001 
0.5 8.5 4.5 1 205.129 335.636 17.8001 
0.5 6.5 4.5 1 236.719 334.403 17.8001 
0.5 2.5 2 1 308.741 280.362 17.8001 
0.5 4.5 2 1 270.707 279.011 17.8001 
0.5 4.5 4.5 1 271.503 339.682 17.8001 
0.5 2.5 4.5 1 310.884 338.479 17.8001 
