0 0 0 1 299.259 118.686 11.8 
0 0 6.5 1 280.681 425.342 11.8 
10 0 0 1 142.067 198.928 11.8 
10 0 6.5 1 125.854 362.623 11.8 
10 10 0 1 333.717 237.917 11.8 
10 10 6.5 1 324.292 366.829 11.8 
0 10 0 1 535.015 205.467 11.8 
0 10 6.5 1 535.921 407.752 11.8 
0 5 10 1 433.341 559.031 11.8 
10 5 10 1 233.624 451.068 11.8 
0 6 0 1 463.818 179.137 11.8 
0 8 0 1 500.298 192.999 11.8 
0 8 5 1 503.541 356.846 11.8 
0 6 5 1 460.616 354.485 11.8 
0 2 2.5 1 358.606 242.605 11.8 
0 4 2.5 1 414.492 256.773 11.8 
0 4 5 1 412.732 355.38 11.8 
0 2 5 1 356.841 349.51 11.8 
0.5 0.5 -0.5 1 303.13 110.73 11.8 
0.5 0.5 6 1 286.401 394.149 11.8 
10.5 0.5 -0.5 1 151.895 192.996 11.8 
10.5 0.5 6 1 137.173 349.544 11.8 
10.5 10.5 -0.5 1 330.516 230.101 11.8 
10.5 10.5 6 1 328.465 355.457 11.8 
0.5 10.5 -0.5 1 527.718 198.978 11.8 
0.5 10.5 6 1 531.384 386.811 11.8 
0.5 5.5 9.5 1 430.971 524.671 11.8 
10.5 5.5 9.5 1 237.279 434.492 11.8 
0.5 6.5 -0.5 1 457.155 168.846 11.8 
0.5 8.5 -0.5 1 493.006 184.278 11.8 
0.5 8.5 4.5 1 493.427 336.929 11.8 
0.5 6.5 4.5 1 454.475 333.974 11.8 
0.5 2.5 2 1 361.184 227.472 11.8 
0.5 4.5 2 1 413.522 239.513 11.8 
0.5 4.5 4.5 1 408.211 330.923 11.8 
0.5 2.5 4.5 1 358.961 329.127 11.8 
