0 0 0 1 377.615 130.086 16.0668 
0 0 6.5 1 398.82 310.257 16.0668 
10 0 0 1 85.0015 122.385 16.0668 
10 0 6.5 1 102.255 344.576 16.0668 
10 10 0 1 91.5918 198.855 16.0668 
10 10 6.5 1 99.2339 329.957 16.0668 
0 10 0 1 277.488 195.143 16.0668 
0 10 6.5 1 287.319 310.174 16.0668 
0 5 10 1 340.346 387.791 16.0668 
10 5 10 1 107.102 426.716 16.0668 
0 6 0 1 309.854 176.433 16.0668 
0 8 0 1 291.772 184.032 16.0668 
0 8 5 1 297.305 278.521 16.0668 
0 6 5 1 320.143 276.037 16.0668 
0 2 2.5 1 352.696 209.076 16.0668 
0 4 2.5 1 331.504 220.209 16.0668 
0 4 5 1 335.216 275.502 16.0668 
0 2 5 1 365.797 273.92 16.0668 
0.5 0.5 -0.5 1 356.762 121.807 16.0668 
0.5 0.5 6 1 377.78 299.531 16.0668 
10.5 0.5 -0.5 1 68.862 112.291 16.0668 
10.5 0.5 6 1 82.0703 331.137 16.0668 
10.5 10.5 -0.5 1 81.5926 190.344 16.0668 
10.5 10.5 6 1 88.9307 318.363 16.0668 
0.5 10.5 -0.5 1 266.144 185.498 16.0668 
0.5 10.5 6 1 276.303 299.48 16.0668 
0.5 5.5 9.5 1 320.946 375.662 16.0668 
10.5 5.5 9.5 1 91.8112 414.455 16.0668 
0.5 6.5 -0.5 1 293.421 167.791 16.0668 
0.5 8.5 -0.5 1 279.206 179.003 16.0668 
0.5 8.5 4.5 1 283.258 268.995 16.0668 
0.5 6.5 4.5 1 303.265 268.41 16.0668 
0.5 2.5 2 1 335.207 200.668 16.0668 
0.5 4.5 2 1 318.093 209.168 16.0668 
0.5 4.5 4.5 1 324.041 265.285 16.0668 
0.5 2.5 4.5 1 345.728 261.021 16.0668 
