0 0 0 1 401.547 11.4529 14.9668 
0 0 6.5 1 408.949 224.912 14.9668 
10 0 0 1 77.9017 38.3341 14.9668 
10 0 6.5 1 104.276 247.439 14.9668 
10 10 0 1 150.597 103.451 14.9668 
10 10 6.5 1 162.89 223.611 14.9668 
0 10 0 1 341.147 89.9489 14.9668 
0 10 6.5 1 344.001 209.702 14.9668 
0 5 10 1 371.835 294.366 14.9668 
10 5 10 1 151.981 311.051 14.9668 
0 6 0 1 360.552 66.0759 14.9668 
0 8 0 1 348.808 79.5926 14.9668 
0 8 5 1 353.091 184.056 14.9668 
0 6 5 1 362.429 184.899 14.9668 
0 2 2.5 1 384.969 108.77 14.9668 
0 4 2.5 1 370.752 118.441 14.9668 
0 4 5 1 375.947 178.92 14.9668 
0 2 5 1 390.086 180.386 14.9668 
0.5 0.5 -0.5 1 379.895 4.7642 14.9668 
0.5 0.5 6 1 388.168 207.641 14.9668 
10.5 0.5 -0.5 1 64.7591 27.6935 14.9668 
10.5 0.5 6 1 91.8712 230.337 14.9668 
10.5 10.5 -0.5 1 142.64 94.7023 14.9668 
10.5 10.5 6 1 155.577 216.112 14.9668 
0.5 10.5 -0.5 1 329.45 78.1797 14.9668 
0.5 10.5 6 1 341.232 201.168 14.9668 
0.5 5.5 9.5 1 360.452 280.693 14.9668 
10.5 5.5 9.5 1 140.584 298.479 14.9668 
0.5 6.5 -0.5 1 345.792 56.9774 14.9668 
0.5 8.5 -0.5 1 335.37 70.1636 14.9668 
0.5 8.5 4.5 1 341.493 176.218 14.9668 
0.5 6.5 4.5 1 351.259 173.87 14.9668 
0.5 2.5 2 1 366.81 97.796 14.9668 
0.5 4.5 2 1 358.38 107.472 14.9668 
0.5 4.5 4.5 1 357.922 167.363 14.9668 
0.5 2.5 4.5 1 370.592 167.437 14.9668 
