0 0 0 1 440.654 25.1565 13.5667 
0 0 6.5 1 410.277 274.56 13.5667 
10 0 0 1 130.878 49.8721 13.5667 
10 0 6.5 1 127.013 236.285 13.5667 
10 10 0 1 257.068 102.154 13.5667 
10 10 6.5 1 253.233 222.412 13.5667 
0 10 0 1 462.09 94.134 13.5667 
0 10 6.5 1 441.516 240.449 13.5667 
0 5 10 1 420.336 343.673 13.5667 
10 5 10 1 199.486 300.272 13.5667 
0 6 0 1 454.003 78.5152 13.5667 
0 8 0 1 456.553 87.7569 13.5667 
0 8 5 1 441.964 207.715 13.5667 
0 6 5 1 437.672 211.345 13.5667 
0 2 2.5 1 433.8 132.384 13.5667 
0 4 2.5 1 440.246 139.769 13.5667 
0 4 5 1 429.975 215.182 13.5667 
0 2 5 1 425.463 217.874 13.5667 
0.5 0.5 -0.5 1 423.677 13.4769 13.5667 
0.5 0.5 6 1 397.157 252.69 13.5667 
10.5 0.5 -0.5 1 127.851 39.8856 13.5667 
10.5 0.5 6 1 125.41 224.673 13.5667 
10.5 10.5 -0.5 1 251.669 91.4539 13.5667 
10.5 10.5 6 1 248.018 210.051 13.5667 
0.5 10.5 -0.5 1 449.012 84.0768 13.5667 
0.5 10.5 6 1 430.835 227.127 13.5667 
0.5 5.5 9.5 1 408.24 326.469 13.5667 
10.5 5.5 9.5 1 194.402 288.002 13.5667 
0.5 6.5 -0.5 1 443.948 66.358 13.5667 
0.5 8.5 -0.5 1 443.353 75.0873 13.5667 
0.5 8.5 4.5 1 432.635 196.028 13.5667 
0.5 6.5 4.5 1 425.346 196.847 13.5667 
0.5 2.5 2 1 421.129 119.931 13.5667 
0.5 4.5 2 1 428.293 127.244 13.5667 
0.5 4.5 4.5 1 420.383 199.075 13.5667 
0.5 2.5 4.5 1 412.832 201.134 13.5667 
