0 0 0 1 197.115 127.923 11.1334 
0 0 6.5 1 183.079 446.512 11.1334 
10 0 0 1 138.958 231.583 11.1334 
10 0 6.5 1 131.554 395.262 11.1334 
10 10 0 1 349.506 250.012 11.1334 
10 10 6.5 1 354.682 388.865 11.1334 
0 10 0 1 532.463 188.732 11.1334 
0 10 6.5 1 560.033 423.261 11.1334 
0 5 10 1 408.625 608.471 11.1334 
10 5 10 1 251.404 479.8 11.1334 
0 6 0 1 424.663 169.462 11.1334 
0 8 0 1 482.147 179.223 11.1334 
0 8 5 1 497.195 365.293 11.1334 
0 6 5 1 435.572 361.265 11.1334 
0 2 2.5 1 282.567 249.045 11.1334 
0 4 2.5 1 361.779 255.868 11.1334 
0 4 5 1 362.66 365.42 11.1334 
0 2 5 1 282.886 364.291 11.1334 
0.5 0.5 -0.5 1 211.611 121.414 11.1334 
0.5 0.5 6 1 207.929 413.335 11.1334 
10.5 0.5 -0.5 1 153.777 221.627 11.1334 
10.5 0.5 6 1 142.446 381.587 11.1334 
10.5 10.5 -0.5 1 352.972 245.247 11.1334 
10.5 10.5 6 1 355.146 378.22 11.1334 
0.5 10.5 -0.5 1 532.277 179.408 11.1334 
0.5 10.5 6 1 553.537 401.652 11.1334 
0.5 5.5 9.5 1 412.58 568.084 11.1334 
10.5 5.5 9.5 1 254.843 463.986 11.1334 
0.5 6.5 -0.5 1 423.018 160.393 11.1334 
0.5 8.5 -0.5 1 479.96 173.657 11.1334 
0.5 8.5 4.5 1 492.949 344.83 11.1334 
0.5 6.5 4.5 1 436.419 346.422 11.1334 
0.5 2.5 2 1 293.29 235.932 11.1334 
0.5 4.5 2 1 365.243 241.829 11.1334 
0.5 4.5 4.5 1 370.163 344.21 11.1334 
0.5 2.5 4.5 1 291.821 341.753 11.1334 
