0 0 0 1 384.28 84.1924 0.5 
0 0 6.5 1 368.165 230.88 0.5 
10 0 0 1 569.86 -30.6534 0.5 
10 0 6.5 1 527.961 256.663 0.5 
10 10 0 1 111.587 -118.583 0.5 
10 10 6.5 1 96.3028 221.016 0.5 
0 10 0 1 152.745 51.1505 0.5 
0 10 6.5 1 141.594 213.077 0.5 
0 5 10 1 251.48 298.871 0.5 
10 5 10 1 314.491 394.353 0.5 
0 6 0 1 247.793 66.9748 0.5 
0 8 0 1 200.457 58.1652 0.5 
0 8 5 1 187.664 180.362 0.5 
0 6 5 1 237.43 184.267 0.5 
0 2 2.5 1 336.108 138.241 0.5 
0 4 2.5 1 291.771 132.642 0.5 
0 4 5 1 282.182 188.466 0.5 
0 2 5 1 328.596 193.658 0.5 
0.5 0.5 -0.5 1 378.945 67.0672 0.5 
0.5 0.5 6 1 364.994 217.286 0.5 
10.5 0.5 -0.5 1 572.806 -71.2019 0.5 
10.5 0.5 6 1 528.836 234.371 0.5 
10.5 10.5 -0.5 1 81.0713 -173.971 0.5 
10.5 10.5 6 1 64.4793 190.069 0.5 
0.5 10.5 -0.5 1 135.651 34.8234 0.5 
0.5 10.5 6 1 130.915 198.866 0.5 
0.5 5.5 9.5 1 241.067 290.44 0.5 
10.5 5.5 9.5 1 298.562 377.258 0.5 
0.5 6.5 -0.5 1 238.242 46.1605 0.5 
0.5 8.5 -0.5 1 187.696 38.789 0.5 
0.5 8.5 4.5 1 181.121 168.238 0.5 
0.5 6.5 4.5 1 228.97 170.397 0.5 
0.5 2.5 2 1 326.873 123.012 0.5 
0.5 4.5 2 1 283.183 116.602 0.5 
0.5 4.5 4.5 1 275.724 175.395 0.5 
0.5 2.5 4.5 1 319.82 181.497 0.5 
