0 0 0 1 435.93 -42.737 14.1001 
0 0 6.5 1 418.796 204.439 14.1001 
10 0 0 1 106.649 -7.70186 14.1001 
10 0 6.5 1 120.516 196.418 14.1001 
10 10 0 1 216.716 57.9646 14.1001 
10 10 6.5 1 216.865 183.42 14.1001 
0 10 0 1 418.612 44.6557 14.1001 
0 10 6.5 1 407.96 187.664 14.1001 
0 5 10 1 405.899 278.422 14.1001 
10 5 10 1 184.857 262.739 14.1001 
0 6 0 1 420.728 22.6591 14.1001 
0 8 0 1 420.213 36.1468 14.1001 
0 8 5 1 408.495 157.31 14.1001 
0 6 5 1 413.218 154.83 14.1001 
0 2 2.5 1 424.717 71.4199 14.1001 
0 4 2.5 1 422.489 83.0358 14.1001 
0 4 5 1 417.302 151.244 14.1001 
0 2 5 1 416.989 153.631 14.1001 
0.5 0.5 -0.5 1 417.749 -57.1467 14.1001 
0.5 0.5 6 1 403.879 181.595 14.1001 
10.5 0.5 -0.5 1 101.286 -16.6087 14.1001 
10.5 0.5 6 1 112.504 177.46 14.1001 
10.5 10.5 -0.5 1 212.692 51.0392 14.1001 
10.5 10.5 6 1 213.392 173.73 14.1001 
0.5 10.5 -0.5 1 403.851 39.7097 14.1001 
0.5 10.5 6 1 397.823 175.522 14.1001 
0.5 5.5 9.5 1 396.463 266.06 14.1001 
10.5 5.5 9.5 1 174.673 251.019 14.1001 
0.5 6.5 -0.5 1 408.679 12.0325 14.1001 
0.5 8.5 -0.5 1 407.106 25.4904 14.1001 
0.5 8.5 4.5 1 399.727 142.985 14.1001 
0.5 6.5 4.5 1 400.532 143.306 14.1001 
0.5 2.5 2 1 408.911 57.2878 14.1001 
0.5 4.5 2 1 405.114 67.4497 14.1001 
0.5 4.5 4.5 1 405.215 141.38 14.1001 
0.5 2.5 4.5 1 405.685 135.627 14.1001 
