0 0 0 1 363.621 72.8728 1.16667 
0 0 6.5 1 351.841 217.196 1.16667 
10 0 0 1 584.36 2.30817 1.16667 
10 0 6.5 1 545.423 250.559 1.16667 
10 10 0 1 202.713 -88.5769 1.16667 
10 10 6.5 1 198.536 265.633 1.16667 
0 10 0 1 136.811 41.4201 1.16667 
0 10 6.5 1 140.483 215.02 1.16667 
0 5 10 1 253.87 290.305 1.16667 
10 5 10 1 386.663 392.24 1.16667 
0 6 0 1 237.616 56.0778 1.16667 
0 8 0 1 190.368 51.7493 1.16667 
0 8 5 1 186.44 177.709 1.16667 
0 6 5 1 237.365 177.645 1.16667 
0 2 2.5 1 321.435 124.544 1.16667 
0 4 2.5 1 281.333 121.658 1.16667 
0 4 5 1 275.384 181.933 1.16667 
0 2 5 1 315.902 183.625 1.16667 
0.5 0.5 -0.5 1 359.83 56.6988 1.16667 
0.5 0.5 6 1 350.149 205.964 1.16667 
10.5 0.5 -0.5 1 597.359 -30.5622 1.16667 
10.5 0.5 6 1 553.16 237.708 1.16667 
10.5 10.5 -0.5 1 182.407 -147.131 1.16667 
10.5 10.5 6 1 177.236 244.796 1.16667 
0.5 10.5 -0.5 1 125.929 22.635 1.16667 
0.5 10.5 6 1 127.83 202.214 1.16667 
0.5 5.5 9.5 1 245.413 282.802 1.16667 
10.5 5.5 9.5 1 383.934 379.759 1.16667 
0.5 6.5 -0.5 1 231.49 38.6732 1.16667 
0.5 8.5 -0.5 1 180.235 31.5132 1.16667 
0.5 8.5 4.5 1 180.19 163.699 1.16667 
0.5 6.5 4.5 1 226.89 166.894 1.16667 
0.5 2.5 2 1 319.592 113.941 1.16667 
0.5 4.5 2 1 274.164 112.454 1.16667 
0.5 4.5 4.5 1 270.726 172.003 1.16667 
0.5 2.5 4.5 1 309.822 172.711 1.16667 
