0 0 0 1 207.171 241.765 4.3 
0 0 6.5 1 211.456 351.815 4.3 
10 0 0 1 389.225 223.24 4.3 
10 0 6.5 1 399.451 346.872 4.3 
10 10 0 1 405.134 147.584 4.3 
10 10 6.5 1 426.967 357.423 4.3 
0 10 0 1 118.833 181.645 4.3 
0 10 6.5 1 115.804 365.829 4.3 
0 5 10 1 171.698 441.752 4.3 
10 5 10 1 418.687 441.132 4.3 
0 6 0 1 163.18 214.492 4.3 
0 8 0 1 138.598 198.018 4.3 
0 8 5 1 145.868 322.14 4.3 
0 6 5 1 165.886 325.167 4.3 
0 2 2.5 1 196.231 274.51 4.3 
0 4 2.5 1 184.221 271.038 4.3 
0 4 5 1 182.853 326.747 4.3 
0 2 5 1 195.407 325.911 4.3 
0.5 0.5 -0.5 1 214.398 225.611 4.3 
0.5 0.5 6 1 214.496 347.117 4.3 
10.5 0.5 -0.5 1 400.556 211.79 4.3 
10.5 0.5 6 1 411.447 338.864 4.3 
10.5 10.5 -0.5 1 418.313 124.855 4.3 
10.5 10.5 6 1 443.697 341.086 4.3 
0.5 10.5 -0.5 1 123.123 162.631 4.3 
0.5 10.5 6 1 121.457 349.455 4.3 
0.5 5.5 9.5 1 180.466 431.018 4.3 
10.5 5.5 9.5 1 433.565 431.651 4.3 
0.5 6.5 -0.5 1 171.518 196.265 4.3 
0.5 8.5 -0.5 1 149.018 183.937 4.3 
0.5 8.5 4.5 1 149.764 308.033 4.3 
0.5 6.5 4.5 1 170.837 311.245 4.3 
0.5 2.5 2 1 201.898 267.61 4.3 
0.5 4.5 2 1 184.976 257.932 4.3 
0.5 4.5 4.5 1 187.702 311.987 4.3 
0.5 2.5 4.5 1 201.193 314.909 4.3 
