0 0 0 1 89.1142 108.717 6.33333 
0 0 6.5 1 75.9868 244.61 6.33333 
10 0 0 1 277.326 146.1 6.33333 
10 0 6.5 1 265.582 261.475 6.33333 
10 10 0 1 403.009 100.527 6.33333 
10 10 6.5 1 385.043 280.285 6.33333 
0 10 0 1 119.062 20.9235 6.33333 
0 10 6.5 1 95.0764 255.072 6.33333 
0 5 10 1 75.0174 342.625 6.33333 
10 5 10 1 306.472 346.86 6.33333 
0 6 0 1 103.464 66.0627 6.33333 
0 8 0 1 108.882 47.5818 6.33333 
0 8 5 1 93.6928 205.893 6.33333 
0 6 5 1 90.4085 207.627 6.33333 
0 2 2.5 1 87.4207 152.996 6.33333 
0 4 2.5 1 93.7902 145.065 6.33333 
0 4 5 1 83.8425 209.077 6.33333 
0 2 5 1 85.3066 210.051 6.33333 
0.5 0.5 -0.5 1 103.485 99.1456 6.33333 
0.5 0.5 6 1 91.8283 235.067 6.33333 
10.5 0.5 -0.5 1 293.198 137.712 6.33333 
10.5 0.5 6 1 280.056 253.157 6.33333 
10.5 10.5 -0.5 1 424.994 85.966 6.33333 
10.5 10.5 6 1 405.034 266.452 6.33333 
0.5 10.5 -0.5 1 144.398 -2.70757 6.33333 
0.5 10.5 6 1 118.983 238.394 6.33333 
0.5 5.5 9.5 1 89.902 332.411 6.33333 
10.5 5.5 9.5 1 321.862 336.572 6.33333 
0.5 6.5 -0.5 1 120.407 52.373 6.33333 
0.5 8.5 -0.5 1 130.606 26.8606 6.33333 
0.5 8.5 4.5 1 115.486 188.389 6.33333 
0.5 6.5 4.5 1 107.852 197.107 6.33333 
0.5 2.5 2 1 105.58 140.025 6.33333 
0.5 4.5 2 1 109.782 135.344 6.33333 
0.5 4.5 4.5 1 101.294 196.741 6.33333 
0.5 2.5 4.5 1 95.1718 198.874 6.33333 
