0 0 0 1 426.516 -61.9894 14.4334 
0 0 6.5 1 414.877 179.689 14.4334 
10 0 0 1 92.9793 -23.4173 14.4334 
10 0 6.5 1 110.498 183.562 14.4334 
10 10 0 1 188.693 51.5006 14.4334 
10 10 6.5 1 196.48 179.029 14.4334 
0 10 0 1 387.093 36.6207 14.4334 
0 10 6.5 1 382.082 171.944 14.4334 
0 5 10 1 393.224 260.192 14.4334 
10 5 10 1 169.617 257.777 14.4334 
0 6 0 1 397.594 10.0099 14.4334 
0 8 0 1 390.505 25.9122 14.4334 
0 8 5 1 388.376 141.418 14.4334 
0 6 5 1 392.855 138.623 14.4334 
0 2 2.5 1 413.125 53.3781 14.4334 
0 4 2.5 1 397.833 65.8656 14.4334 
0 4 5 1 399.148 137.163 14.4334 
0 2 5 1 408.206 131.637 14.4334 
0.5 0.5 -0.5 1 402.955 -68.1863 14.4334 
0.5 0.5 6 1 397.087 163.563 14.4334 
10.5 0.5 -0.5 1 83.1732 -31.1443 14.4334 
10.5 0.5 6 1 100.4 173.113 14.4334 
10.5 10.5 -0.5 1 183.079 45.8821 14.4334 
10.5 10.5 6 1 189.731 171.103 14.4334 
0.5 10.5 -0.5 1 374.579 30.7271 14.4334 
0.5 10.5 6 1 372.439 163.673 14.4334 
0.5 5.5 9.5 1 382.477 244.826 14.4334 
10.5 5.5 9.5 1 157.346 245.111 14.4334 
0.5 6.5 -0.5 1 382.162 3.25893 14.4334 
0.5 8.5 -0.5 1 381.187 14.8702 14.4334 
0.5 8.5 4.5 1 376.506 132.407 14.4334 
0.5 6.5 4.5 1 379.232 125.557 14.4334 
0.5 2.5 2 1 392.947 40.5186 14.4334 
0.5 4.5 2 1 388.492 53.5541 14.4334 
0.5 4.5 4.5 1 386.578 120.2 14.4334 
0.5 2.5 4.5 1 390.191 118.092 14.4334 
