0 0 0 1 381.405 80.605 0.533333 
0 0 6.5 1 365.81 226.446 0.533333 
10 0 0 1 572.85 -31.7111 0.533333 
10 0 6.5 1 529.239 250.282 0.533333 
10 10 0 1 118.223 -122.476 0.533333 
10 10 6.5 1 99.1292 218.625 0.533333 
0 10 0 1 149.488 48.4301 0.533333 
0 10 6.5 1 138.941 207.291 0.533333 
0 5 10 1 253.665 296.951 0.533333 
10 5 10 1 315.278 389.558 0.533333 
0 6 0 1 250.155 63.0217 0.533333 
0 8 0 1 201.649 55.746 0.533333 
0 8 5 1 189.181 180.121 0.533333 
0 6 5 1 236.331 183.823 0.533333 
0 2 2.5 1 332.6 132.773 0.533333 
0 4 2.5 1 288.988 128.239 0.533333 
0 4 5 1 285.721 186.64 0.533333 
0 2 5 1 329.641 191.432 0.533333 
0.5 0.5 -0.5 1 379.698 64.3648 0.533333 
0.5 0.5 6 1 361.36 219.682 0.533333 
10.5 0.5 -0.5 1 576.711 -74.0593 0.533333 
10.5 0.5 6 1 532.149 236.551 0.533333 
10.5 10.5 -0.5 1 86.4682 -179.567 0.533333 
10.5 10.5 6 1 69.5965 190.628 0.533333 
0.5 10.5 -0.5 1 139.638 29.1194 0.533333 
0.5 10.5 6 1 128.365 194.057 0.533333 
0.5 5.5 9.5 1 242.595 290.505 0.533333 
10.5 5.5 9.5 1 302.42 370.789 0.533333 
0.5 6.5 -0.5 1 236.691 43.9407 0.533333 
0.5 8.5 -0.5 1 189.12 36.0884 0.533333 
0.5 8.5 4.5 1 182.18 163.368 0.533333 
0.5 6.5 4.5 1 228.574 168.087 0.533333 
0.5 2.5 2 1 326.611 117.746 0.533333 
0.5 4.5 2 1 282.272 115.152 0.533333 
0.5 4.5 4.5 1 277.961 172.697 0.533333 
0.5 2.5 4.5 1 322.098 177.91 0.533333 
