0 0 0 1 434.706 -55.5054 14.2334 
0 0 6.5 1 418.108 184.724 14.2334 
10 0 0 1 99.8245 -16.9525 14.2334 
10 0 6.5 1 116.354 187.284 14.2334 
10 10 0 1 208.481 52.2596 14.2334 
10 10 6.5 1 209.208 177.009 14.2334 
0 10 0 1 405.029 38.4648 14.2334 
0 10 6.5 1 400.081 175.941 14.2334 
0 5 10 1 398.156 264.261 14.2334 
10 5 10 1 177.078 258.567 14.2334 
0 6 0 1 410.563 8.8511 14.2334 
0 8 0 1 408.201 27.8921 14.2334 
0 8 5 1 401.96 144.475 14.2334 
0 6 5 1 405.406 144.153 14.2334 
0 2 2.5 1 418.596 57.648 14.2334 
0 4 2.5 1 414.269 69.5228 14.2334 
0 4 5 1 410.118 140.531 14.2334 
0 2 5 1 416.693 137.664 14.2334 
0.5 0.5 -0.5 1 414.272 -65.7965 14.2334 
0.5 0.5 6 1 399.646 171.143 14.2334 
10.5 0.5 -0.5 1 95.2939 -28.378 14.2334 
10.5 0.5 6 1 107.536 171.457 14.2334 
10.5 10.5 -0.5 1 201.189 46.8884 14.2334 
10.5 10.5 6 1 203.113 168.846 14.2334 
0.5 10.5 -0.5 1 395.012 32.5554 14.2334 
0.5 10.5 6 1 389.786 167.382 14.2334 
0.5 5.5 9.5 1 385.883 251.278 14.2334 
10.5 5.5 9.5 1 170.814 245.091 14.2334 
0.5 6.5 -0.5 1 399.311 3.85225 14.2334 
0.5 8.5 -0.5 1 399.063 16.4518 14.2334 
0.5 8.5 4.5 1 390.029 133.232 14.2334 
0.5 6.5 4.5 1 393.003 132.035 14.2334 
0.5 2.5 2 1 403.733 44.7622 14.2334 
0.5 4.5 2 1 399.88 57.1339 14.2334 
0.5 4.5 4.5 1 394.477 129.763 14.2334 
0.5 2.5 4.5 1 399.599 125.88 14.2334 
