0 0 0 1 166.68 252.136 4.96666 
0 0 6.5 1 160.916 369.43 4.96666 
10 0 0 1 347.287 256.427 4.96666 
10 0 6.5 1 349.468 374.479 4.96666 
10 10 0 1 401.721 195.997 4.96666 
10 10 6.5 1 414.981 393.49 4.96666 
0 10 0 1 113.16 189.292 4.96666 
0 10 6.5 1 95.8682 385.094 4.96666 
0 5 10 1 128.738 462.171 4.96666 
10 5 10 1 375.541 471.785 4.96666 
0 6 0 1 142.427 219.739 4.96666 
0 8 0 1 127.406 207.943 4.96666 
0 8 5 1 117.309 337.547 4.96666 
0 6 5 1 132.424 337.082 4.96666 
0 2 2.5 1 157.564 286.633 4.96666 
0 4 2.5 1 149.415 283.295 4.96666 
0 4 5 1 145.187 340.458 4.96666 
0 2 5 1 154.631 339.147 4.96666 
0.5 0.5 -0.5 1 176.838 236.14 4.96666 
0.5 0.5 6 1 167.583 359.677 4.96666 
10.5 0.5 -0.5 1 359.783 243.133 4.96666 
10.5 0.5 6 1 362.173 365.81 4.96666 
10.5 10.5 -0.5 1 425.648 174.299 4.96666 
10.5 10.5 6 1 432.476 378.497 4.96666 
0.5 10.5 -0.5 1 123.918 170.742 4.96666 
0.5 10.5 6 1 110.605 369.068 4.96666 
0.5 5.5 9.5 1 136.99 454.676 4.96666 
10.5 5.5 9.5 1 391.575 459.048 4.96666 
0.5 6.5 -0.5 1 149.228 205.827 4.96666 
0.5 8.5 -0.5 1 138.282 191.964 4.96666 
0.5 8.5 4.5 1 128.783 322.478 4.96666 
0.5 6.5 4.5 1 141.184 326.084 4.96666 
0.5 2.5 2 1 164.28 279.188 4.96666 
0.5 4.5 2 1 157.782 273.073 4.96666 
0.5 4.5 4.5 1 154.494 329.168 4.96666 
0.5 2.5 4.5 1 161.849 330.899 4.96666 
