0 0 0 1 21.737 51.411 7.19999 
0 0 6.5 1 24.2536 219.362 7.19999 
10 0 0 1 231.425 92.5118 7.19999 
10 0 6.5 1 227.641 216.119 7.19999 
10 10 0 1 398.326 65.8056 7.19999 
10 10 6.5 1 376.306 242.131 7.19999 
0 10 0 1 135.741 -30.7606 7.19999 
0 10 6.5 1 128.033 257.448 7.19999 
0 5 10 1 64.6665 336.36 7.19999 
10 5 10 1 283.048 304.04 7.19999 
0 6 0 1 70.2988 14.2339 7.19999 
0 8 0 1 99.6428 -6.87337 7.19999 
0 8 5 1 98.7294 193.321 7.19999 
0 6 5 1 72.1453 188.241 7.19999 
0 2 2.5 1 37.5501 111.52 7.19999 
0 4 2.5 1 51.6919 109.702 7.19999 
0 4 5 1 52.1096 186.163 7.19999 
0 2 5 1 35.4243 181.912 7.19999 
0.5 0.5 -0.5 1 40.0671 37.7496 7.19999 
0.5 0.5 6 1 42.0229 205.355 7.19999 
10.5 0.5 -0.5 1 245.855 83.6561 7.19999 
10.5 0.5 6 1 238.953 210.375 7.19999 
10.5 10.5 -0.5 1 418.196 49.7898 7.19999 
10.5 10.5 6 1 398.464 231.745 7.19999 
0.5 10.5 -0.5 1 163.984 -55.1105 7.19999 
0.5 10.5 6 1 154.495 242.715 7.19999 
0.5 5.5 9.5 1 84.8165 325.259 7.19999 
10.5 5.5 9.5 1 300.037 291.309 7.19999 
0.5 6.5 -0.5 1 95.9368 -8.91954 7.19999 
0.5 8.5 -0.5 1 125.85 -27.4688 7.19999 
0.5 8.5 4.5 1 123.097 174.263 7.19999 
0.5 6.5 4.5 1 93.7005 177.188 7.19999 
0.5 2.5 2 1 56.1441 100.737 7.19999 
0.5 4.5 2 1 76.8976 95.0225 7.19999 
0.5 4.5 4.5 1 75.7757 173.632 7.19999 
0.5 2.5 4.5 1 55.2751 172.094 7.19999 
