0 0 0 1 61.0523 80.2865 10.2667 
0 0 6.5 1 64.3619 373.057 10.2667 
10 0 0 1 135.279 201.66 10.2667 
10 0 6.5 1 142.22 350.377 10.2667 
10 10 0 1 363.308 187.516 10.2667 
10 10 6.5 1 376.974 332.846 10.2667 
0 10 0 1 482.086 69.6635 10.2667 
0 10 6.5 1 522.746 341.785 10.2667 
0 5 10 1 317.438 531.77 10.2667 
10 5 10 1 266.252 424.8 10.2667 
0 6 0 1 322.943 73.7672 10.2667 
0 8 0 1 403.718 72.9282 10.2667 
0 8 5 1 428.433 276.961 10.2667 
0 6 5 1 340.899 284.854 10.2667 
0 2 2.5 1 155.758 184.113 10.2667 
0 4 2.5 1 244.462 177.884 10.2667 
0 4 5 1 253.721 288.805 10.2667 
0 2 5 1 159.136 295.166 10.2667 
0.5 0.5 -0.5 1 87.9382 69.4545 10.2667 
0.5 0.5 6 1 96.3343 343.164 10.2667 
10.5 0.5 -0.5 1 150.34 193.065 10.2667 
10.5 0.5 6 1 155.658 336.916 10.2667 
10.5 10.5 -0.5 1 365.754 181.766 10.2667 
10.5 10.5 6 1 379.706 322.396 10.2667 
0.5 10.5 -0.5 1 483.453 63.8427 10.2667 
0.5 10.5 6 1 527.317 315.861 10.2667 
0.5 5.5 9.5 1 332.149 488.869 10.2667 
10.5 5.5 9.5 1 277.111 408.989 10.2667 
0.5 6.5 -0.5 1 336.925 66.2826 10.2667 
0.5 8.5 -0.5 1 410.064 62.6667 10.2667 
0.5 8.5 4.5 1 436.605 259.081 10.2667 
0.5 6.5 4.5 1 354.221 262.82 10.2667 
0.5 2.5 2 1 181.132 164.348 10.2667 
0.5 4.5 2 1 263.627 164.144 10.2667 
0.5 4.5 4.5 1 272.366 265.785 10.2667 
0.5 2.5 4.5 1 182.752 270.45 10.2667 
