0 0 0 1 -70.8669 -19.5013 8.36666 
0 0 6.5 1 -39.2991 207.034 8.36666 
10 0 0 1 161.64 51.2208 8.36666 
10 0 6.5 1 170.031 188.891 8.36666 
10 10 0 1 374.143 2.38469 8.36666 
10 10 6.5 1 373.55 181.776 8.36666 
0 10 0 1 221.681 -160.281 8.36666 
0 10 6.5 1 241.565 203.754 8.36666 
0 5 10 1 88.6299 333.652 8.36666 
10 5 10 1 266.684 264.073 8.36666 
0 6 0 1 71.5468 -87.9205 8.36666 
0 8 0 1 138.476 -120.552 8.36666 
0 8 5 1 161.501 135.542 8.36666 
0 6 5 1 95.1213 143.822 8.36666 
0 2 2.5 1 -16.6454 59.6333 8.36666 
0 4 2.5 1 28.7356 47.8586 8.36666 
0 4 5 1 42.2503 146.996 8.36666 
0 2 5 1 -5.28517 151.934 8.36666 
0.5 0.5 -0.5 1 -42.4872 -36.8415 8.36666 
0.5 0.5 6 1 -11.3187 187.691 8.36666 
10.5 0.5 -0.5 1 174.64 39.4218 8.36666 
10.5 0.5 6 1 185.019 179.188 8.36666 
10.5 10.5 -0.5 1 390.795 -11.6408 8.36666 
10.5 10.5 6 1 390.202 167.81 8.36666 
0.5 10.5 -0.5 1 260.519 -183.001 8.36666 
0.5 10.5 6 1 275.333 179.163 8.36666 
0.5 5.5 9.5 1 116.534 313.071 8.36666 
10.5 5.5 9.5 1 276.079 251.105 8.36666 
0.5 6.5 -0.5 1 101.161 -106.76 8.36666 
0.5 8.5 -0.5 1 171.097 -145.436 8.36666 
0.5 8.5 4.5 1 192.228 111.653 8.36666 
0.5 6.5 4.5 1 124.766 119.695 8.36666 
0.5 2.5 2 1 7.50766 39.1076 8.36666 
0.5 4.5 2 1 58.2484 26.5181 8.36666 
0.5 4.5 4.5 1 70.1366 127.73 8.36666 
0.5 2.5 4.5 1 19.4852 135.295 8.36666 
