0 0 0 1 144.602 245.017 5.33333 
0 0 6.5 1 131.925 370.43 5.33333 
10 0 0 1 323.452 258.945 5.33333 
10 0 6.5 1 323.327 379.669 5.33333 
10 10 0 1 401.256 216.946 5.33333 
10 10 6.5 1 399.591 408.596 5.33333 
0 10 0 1 104.983 193.122 5.33333 
0 10 6.5 1 86.3079 399.043 5.33333 
0 5 10 1 103.47 470.889 5.33333 
10 5 10 1 349.836 477.721 5.33333 
0 6 0 1 125.991 221.106 5.33333 
0 8 0 1 117.215 206.293 5.33333 
0 8 5 1 104.414 342.699 5.33333 
0 6 5 1 114.222 345.419 5.33333 
0 2 2.5 1 134.274 288.891 5.33333 
0 4 2.5 1 125.98 287.897 5.33333 
0 4 5 1 123.695 341.809 5.33333 
0 2 5 1 128.262 338.167 5.33333 
0.5 0.5 -0.5 1 152.649 233.839 5.33333 
0.5 0.5 6 1 143.056 359.26 5.33333 
10.5 0.5 -0.5 1 336.493 250.451 5.33333 
10.5 0.5 6 1 332.775 370.101 5.33333 
10.5 10.5 -0.5 1 422.947 200.992 5.33333 
10.5 10.5 6 1 421.892 400.329 5.33333 
0.5 10.5 -0.5 1 124.634 171.589 5.33333 
0.5 10.5 6 1 97.9902 385.03 5.33333 
0.5 5.5 9.5 1 114.323 462.322 5.33333 
10.5 5.5 9.5 1 363.528 469.512 5.33333 
0.5 6.5 -0.5 1 139.03 206.088 5.33333 
0.5 8.5 -0.5 1 129.622 192.399 5.33333 
0.5 8.5 4.5 1 116.251 333.448 5.33333 
0.5 6.5 4.5 1 126.155 332.799 5.33333 
0.5 2.5 2 1 145.038 278.146 5.33333 
0.5 4.5 2 1 139.701 274.298 5.33333 
0.5 4.5 4.5 1 134.072 328.715 5.33333 
0.5 2.5 4.5 1 137.587 332.778 5.33333 
