0 0 0 1 250.323 148.113 11.4667 
0 0 6.5 1 235.121 467.579 11.4667 
10 0 0 1 143.32 230.006 11.4667 
10 0 6.5 1 122.034 395.866 11.4667 
10 10 0 1 338.859 260.117 11.4667 
10 10 6.5 1 338.049 396.02 11.4667 
0 10 0 1 539.279 219.297 11.4667 
0 10 6.5 1 547.954 438.37 11.4667 
0 5 10 1 427.987 615.844 11.4667 
10 5 10 1 239.462 482.695 11.4667 
0 6 0 1 446.994 194.608 11.4667 
0 8 0 1 494.553 206.233 11.4667 
0 8 5 1 502.681 383.906 11.4667 
0 6 5 1 452.574 384.887 11.4667 
0 2 2.5 1 322.775 272.488 11.4667 
0 4 2.5 1 391.884 279.82 11.4667 
0 4 5 1 391.297 387.479 11.4667 
0 2 5 1 322.975 383.627 11.4667 
0.5 0.5 -0.5 1 261.563 138.865 11.4667 
0.5 0.5 6 1 247.155 433.773 11.4667 
10.5 0.5 -0.5 1 152.832 224.265 11.4667 
10.5 0.5 6 1 134.836 382.674 11.4667 
10.5 10.5 -0.5 1 341.523 252.639 11.4667 
10.5 10.5 6 1 339.834 381.239 11.4667 
0.5 10.5 -0.5 1 530.339 208.828 11.4667 
0.5 10.5 6 1 547.754 417.575 11.4667 
0.5 5.5 9.5 1 426.65 577.099 11.4667 
10.5 5.5 9.5 1 246.916 467.426 11.4667 
0.5 6.5 -0.5 1 449.572 186.599 11.4667 
0.5 8.5 -0.5 1 492.152 197.236 11.4667 
0.5 8.5 4.5 1 498.462 363.513 11.4667 
0.5 6.5 4.5 1 448.865 366.305 11.4667 
0.5 2.5 2 1 329.819 251.819 11.4667 
0.5 4.5 2 1 390.689 263.756 11.4667 
0.5 4.5 4.5 1 395.064 363.911 11.4667 
0.5 2.5 4.5 1 328.142 362.88 11.4667 
