0 0 0 1 381.072 158.202 18.4001 
0 0 6.5 1 369.84 317.872 18.4001 
10 0 0 1 269.867 19.6125 18.4001 
10 0 6.5 1 245.43 320.115 18.4001 
10 10 0 1 -6.08795 79.2061 18.4001 
10 10 6.5 1 -38.4365 285.06 18.4001 
0 10 0 1 182.265 170.143 18.4001 
0 10 6.5 1 168.083 297.422 18.4001 
0 5 10 1 251.759 388.73 18.4001 
10 5 10 1 55.6327 439.119 18.4001 
0 6 0 1 251.87 166.589 18.4001 
0 8 0 1 214.6 167.891 18.4001 
0 8 5 1 205.867 269.511 18.4001 
0 6 5 1 240.506 270.451 18.4001 
0 2 2.5 1 328.351 218.548 18.4001 
0 4 2.5 1 287.929 217.45 18.4001 
0 4 5 1 282.356 274.958 18.4001 
0 2 5 1 325.129 276.603 18.4001 
0.5 0.5 -0.5 1 364.242 144.014 18.4001 
0.5 0.5 6 1 354.386 303.031 18.4001 
10.5 0.5 -0.5 1 243.943 -14.5211 18.4001 
10.5 0.5 6 1 212.901 291.722 18.4001 
10.5 10.5 -0.5 1 -31.8518 64.4583 18.4001 
10.5 10.5 6 1 -61.6724 269.294 18.4001 
0.5 10.5 -0.5 1 168.396 159.043 18.4001 
0.5 10.5 6 1 157.897 288.405 18.4001 
0.5 5.5 9.5 1 237.153 375.885 18.4001 
10.5 5.5 9.5 1 29.8817 420.935 18.4001 
0.5 6.5 -0.5 1 236.87 151.343 18.4001 
0.5 8.5 -0.5 1 202.521 156.188 18.4001 
0.5 8.5 4.5 1 193.514 257.926 18.4001 
0.5 6.5 4.5 1 229.737 261.577 18.4001 
0.5 2.5 2 1 313.887 203.931 18.4001 
0.5 4.5 2 1 272.304 209.089 18.4001 
0.5 4.5 4.5 1 270.33 260.722 18.4001 
0.5 2.5 4.5 1 309.277 267.955 18.4001 
