0 0 0 1 32.7006 51.4477 7.09999 
0 0 6.5 1 30.9913 215.336 7.09999 
10 0 0 1 235.957 93.6594 7.09999 
10 0 6.5 1 231.972 216.253 7.09999 
10 10 0 1 398.087 61.5967 7.09999 
10 10 6.5 1 378.111 245.839 7.09999 
0 10 0 1 129.744 -34.0525 7.09999 
0 10 6.5 1 120.282 251.864 7.09999 
0 5 10 1 65.0235 333.075 7.09999 
10 5 10 1 280.422 301.552 7.09999 
0 6 0 1 73.7207 11.1568 7.09999 
0 8 0 1 100.309 -7.4179 7.09999 
0 8 5 1 96.0337 189.904 7.09999 
0 6 5 1 72.7009 184.802 7.09999 
0 2 2.5 1 41.7635 111.633 7.09999 
0 4 2.5 1 58.0592 110.999 7.09999 
0 4 5 1 55.8226 181.921 7.09999 
0 2 5 1 40.0423 180.953 7.09999 
0.5 0.5 -0.5 1 48.9485 37.3638 7.09999 
0.5 0.5 6 1 47.2155 205.228 7.09999 
10.5 0.5 -0.5 1 253.665 85.7338 7.09999 
10.5 0.5 6 1 241.912 211.632 7.09999 
10.5 10.5 -0.5 1 421.271 49.0849 7.09999 
10.5 10.5 6 1 401.869 229.399 7.09999 
0.5 10.5 -0.5 1 159.98 -55.7037 7.09999 
0.5 10.5 6 1 151.935 235.753 7.09999 
0.5 5.5 9.5 1 81.1611 315.855 7.09999 
10.5 5.5 9.5 1 299.334 296.669 7.09999 
0.5 6.5 -0.5 1 99.887 -8.63092 7.09999 
0.5 8.5 -0.5 1 126.77 -25.8181 7.09999 
0.5 8.5 4.5 1 121.1 167.622 7.09999 
0.5 6.5 4.5 1 94.2231 167.836 7.09999 
0.5 2.5 2 1 59.4231 97.0692 7.09999 
0.5 4.5 2 1 73.8588 93.1231 7.09999 
0.5 4.5 4.5 1 75.8318 166.838 7.09999 
0.5 2.5 4.5 1 57.8671 166.938 7.09999 
