0 0 0 1 192.352 241.623 4.6 
0 0 6.5 1 189.239 358.323 4.6 
10 0 0 1 370.638 234.028 4.6 
10 0 6.5 1 376.955 356.813 4.6 
10 10 0 1 403.364 161.583 4.6 
10 10 6.5 1 419.821 362.318 4.6 
0 10 0 1 118.26 177.654 4.6 
0 10 6.5 1 107.68 364.421 4.6 
0 5 10 1 153.312 444.109 4.6 
10 5 10 1 398.178 448.259 4.6 
0 6 0 1 154.885 210.746 4.6 
0 8 0 1 135.615 197.004 4.6 
0 8 5 1 135.45 322.075 4.6 
0 6 5 1 151.465 324.342 4.6 
0 2 2.5 1 180.464 281.035 4.6 
0 4 2.5 1 166.725 274.335 4.6 
0 4 5 1 165.724 328.559 4.6 
0 2 5 1 179.119 328.099 4.6 
0.5 0.5 -0.5 1 198.275 229.914 4.6 
0.5 0.5 6 1 196.039 348.382 4.6 
10.5 0.5 -0.5 1 377.807 223.086 4.6 
10.5 0.5 6 1 386.234 347.018 4.6 
10.5 10.5 -0.5 1 422.116 142.446 4.6 
10.5 10.5 6 1 440.845 347.484 4.6 
0.5 10.5 -0.5 1 124.534 157.633 4.6 
0.5 10.5 6 1 118.268 351.392 4.6 
0.5 5.5 9.5 1 160.048 436.224 4.6 
10.5 5.5 9.5 1 415.154 439.571 4.6 
0.5 6.5 -0.5 1 161.473 197.257 4.6 
0.5 8.5 -0.5 1 146.943 177.74 4.6 
0.5 8.5 4.5 1 142.01 308.543 4.6 
0.5 6.5 4.5 1 158.931 312.472 4.6 
0.5 2.5 2 1 187.696 272.178 4.6 
0.5 4.5 2 1 175.304 260.157 4.6 
0.5 4.5 4.5 1 174.248 317.977 4.6 
0.5 2.5 4.5 1 185.228 318.977 4.6 
