0 0 0 1 227.069 237.571 3.93333 
0 0 6.5 1 234.309 354.519 3.93333 
10 0 0 1 411.055 210.607 3.93333 
10 0 6.5 1 428.441 342.068 3.93333 
10 10 0 1 404.273 144.395 3.93333 
10 10 6.5 1 430.601 371.234 3.93333 
0 10 0 1 119.752 197.179 3.93333 
0 10 6.5 1 125.74 380.072 3.93333 
0 5 10 1 195.119 442.257 3.93333 
10 5 10 1 442.126 450.365 3.93333 
0 6 0 1 174.959 216.825 3.93333 
0 8 0 1 148.42 209.687 3.93333 
0 8 5 1 155.736 331.53 3.93333 
0 6 5 1 180.716 330.203 3.93333 
0 2 2.5 1 216.257 277.134 3.93333 
0 4 2.5 1 197.859 278.141 3.93333 
0 4 5 1 200.549 327.515 3.93333 
0 2 5 1 219.332 325.944 3.93333 
0.5 0.5 -0.5 1 232.216 224.386 3.93333 
0.5 0.5 6 1 240.598 343.338 3.93333 
10.5 0.5 -0.5 1 423.13 200.36 3.93333 
10.5 0.5 6 1 436.003 333.751 3.93333 
10.5 10.5 -0.5 1 420.304 118.883 3.93333 
10.5 10.5 6 1 451.147 349.846 3.93333 
0.5 10.5 -0.5 1 122.01 179.226 3.93333 
0.5 10.5 6 1 133.093 365.341 3.93333 
0.5 5.5 9.5 1 201.692 436.447 3.93333 
10.5 5.5 9.5 1 454.015 437.968 3.93333 
0.5 6.5 -0.5 1 180.147 202.681 3.93333 
0.5 8.5 -0.5 1 155.143 193.821 3.93333 
0.5 8.5 4.5 1 157.806 320.28 3.93333 
0.5 6.5 4.5 1 186.536 317.737 3.93333 
0.5 2.5 2 1 220.997 267.625 3.93333 
0.5 4.5 2 1 203.911 262.192 3.93333 
0.5 4.5 4.5 1 207.784 316.214 3.93333 
0.5 2.5 4.5 1 222.634 314.424 3.93333 
