0 0 0 1 358.857 73.9706 1.23333 
0 0 6.5 1 349.327 215.961 1.23333 
10 0 0 1 586.16 8.75761 1.23333 
10 0 6.5 1 544.948 255.145 1.23333 
10 10 0 1 212.658 -79.0727 1.23333 
10 10 6.5 1 207.899 271.583 1.23333 
0 10 0 1 138.417 45.5248 1.23333 
0 10 6.5 1 137.743 218.94 1.23333 
0 5 10 1 250.625 290.683 1.23333 
10 5 10 1 392.525 390.618 1.23333 
0 6 0 1 234.981 57.7139 1.23333 
0 8 0 1 189.559 52.7836 1.23333 
0 8 5 1 188.631 181.213 1.23333 
0 6 5 1 232.17 181.406 1.23333 
0 2 2.5 1 317.02 124.867 1.23333 
0 4 2.5 1 278.316 124.334 1.23333 
0 4 5 1 275.388 180.369 1.23333 
0 2 5 1 311.148 181.106 1.23333 
0.5 0.5 -0.5 1 359.396 58.0223 1.23333 
0.5 0.5 6 1 345.876 206.856 1.23333 
10.5 0.5 -0.5 1 594.013 -25.3769 1.23333 
10.5 0.5 6 1 551.325 240.844 1.23333 
10.5 10.5 -0.5 1 194.481 -135.704 1.23333 
10.5 10.5 6 1 190.967 254.842 1.23333 
0.5 10.5 -0.5 1 122.525 24.7147 1.23333 
0.5 10.5 6 1 130.134 206.71 1.23333 
0.5 5.5 9.5 1 247.627 286.469 1.23333 
10.5 5.5 9.5 1 390.002 384.443 1.23333 
0.5 6.5 -0.5 1 228.345 44.3108 1.23333 
0.5 8.5 -0.5 1 177.382 35.2431 1.23333 
0.5 8.5 4.5 1 176.281 170.285 1.23333 
0.5 6.5 4.5 1 225.855 168.989 1.23333 
0.5 2.5 2 1 314.205 115.252 1.23333 
0.5 4.5 2 1 272.894 110.165 1.23333 
0.5 4.5 4.5 1 271.728 171.811 1.23333 
0.5 2.5 4.5 1 310.111 171.465 1.23333 
