0 0 0 1 312.944 63.0163 2.1 
0 0 6.5 1 319.88 195.009 2.1 
10 0 0 1 533.177 -6.09151 2.1 
10 0 6.5 1 523.986 195.287 2.1 
10 10 0 1 318.676 -107.442 2.1 
10 10 6.5 1 326.862 227.11 2.1 
0 10 0 1 119.825 29.4121 2.1 
0 10 6.5 1 137.453 212.621 2.1 
0 5 10 1 242.51 279.501 2.1 
10 5 10 1 446.499 324.328 2.1 
0 6 0 1 212.605 46.6823 2.1 
0 8 0 1 167.14 37.3439 2.1 
0 8 5 1 176.024 165.916 2.1 
0 6 5 1 220.913 167.565 2.1 
0 2 2.5 1 283.024 113.628 2.1 
0 4 2.5 1 249.84 111.02 2.1 
0 4 5 1 256.088 165.604 2.1 
0 2 5 1 288.896 163.924 2.1 
0.5 0.5 -0.5 1 312.443 45.7671 2.1 
0.5 0.5 6 1 316.794 187.242 2.1 
10.5 0.5 -0.5 1 547.007 -34.5846 2.1 
10.5 0.5 6 1 535.151 180.862 2.1 
10.5 10.5 -0.5 1 315.513 -165.113 2.1 
10.5 10.5 6 1 325.583 204.069 2.1 
0.5 10.5 -0.5 1 106.334 10.59 2.1 
0.5 10.5 6 1 126.643 198.591 2.1 
0.5 5.5 9.5 1 241.647 271.549 2.1 
10.5 5.5 9.5 1 453.993 315.837 2.1 
0.5 6.5 -0.5 1 205.632 25.9643 2.1 
0.5 8.5 -0.5 1 160.299 19.2733 2.1 
0.5 8.5 4.5 1 171.528 156.889 2.1 
0.5 6.5 4.5 1 213.079 155.934 2.1 
0.5 2.5 2 1 285.295 99.3747 2.1 
0.5 4.5 2 1 248.712 97.0156 2.1 
0.5 4.5 4.5 1 252.98 154.159 2.1 
0.5 2.5 4.5 1 288.353 154.13 2.1 
