0 0 0 1 389.386 101.205 19.6 
0 0 6.5 1 374.096 255.778 19.6 
10 0 0 1 467.282 -5.85492 19.6 
10 0 6.5 1 426.479 320.468 19.6 
10 10 0 1 -9.3149 -15.1307 19.6 
10 10 6.5 1 -5.069 275.331 19.6 
0 10 0 1 153.627 88.1654 19.6 
0 10 6.5 1 149.356 239.335 19.6 
0 5 10 1 250.254 324.523 19.6 
10 5 10 1 191.159 439.614 19.6 
0 6 0 1 242.208 93.0376 19.6 
0 8 0 1 200.505 90.6525 19.6 
0 8 5 1 190.211 207.682 19.6 
0 6 5 1 234.426 213.851 19.6 
0 2 2.5 1 334.009 159.047 19.6 
0 4 2.5 1 284.859 155.2 19.6 
0 4 5 1 284.216 214.737 19.6 
0 2 5 1 328.376 220.846 19.6 
0.5 0.5 -0.5 1 379.807 83.1295 19.6 
0.5 0.5 6 1 363.483 247.239 19.6 
10.5 0.5 -0.5 1 453.186 -46.493 19.6 
10.5 0.5 6 1 409.465 298.683 19.6 
10.5 10.5 -0.5 1 -43.6758 -52.3257 19.6 
10.5 10.5 6 1 -39.5752 253.554 19.6 
0.5 10.5 -0.5 1 137.463 74.2723 19.6 
0.5 10.5 6 1 129.307 225.836 19.6 
0.5 5.5 9.5 1 236.746 314.922 19.6 
10.5 5.5 9.5 1 165.509 428.693 19.6 
0.5 6.5 -0.5 1 231.451 76.0621 19.6 
0.5 8.5 -0.5 1 182.532 76.0988 19.6 
0.5 8.5 4.5 1 178.056 197.213 19.6 
0.5 6.5 4.5 1 225.155 200.212 19.6 
0.5 2.5 2 1 323.445 145.143 19.6 
0.5 4.5 2 1 274.525 143.679 19.6 
0.5 4.5 4.5 1 272.293 203.31 19.6 
0.5 2.5 4.5 1 316.584 205.337 19.6 
