0 0 0 1 186.101 118.988 11.0667 
0 0 6.5 1 177.135 435.537 11.0667 
10 0 0 1 143.474 228.191 11.0667 
10 0 6.5 1 131.955 389.272 11.0667 
10 10 0 1 352.108 247.839 11.0667 
10 10 6.5 1 355.986 387.106 11.0667 
0 10 0 1 535.155 176.963 11.0667 
0 10 6.5 1 563.862 417.388 11.0667 
0 5 10 1 407.054 597.958 11.0667 
10 5 10 1 250.916 477.208 11.0667 
0 6 0 1 417.066 158.223 11.0667 
0 8 0 1 476.341 166.453 11.0667 
0 8 5 1 494.981 358.886 11.0667 
0 6 5 1 430.199 356.437 11.0667 
0 2 2.5 1 273.839 238.931 11.0667 
0 4 2.5 1 352.803 247.735 11.0667 
0 4 5 1 355.544 356.531 11.0667 
0 2 5 1 274.884 359.563 11.0667 
0.5 0.5 -0.5 1 208.443 115.155 11.0667 
0.5 0.5 6 1 194.987 402.995 11.0667 
10.5 0.5 -0.5 1 150.893 221.045 11.0667 
10.5 0.5 6 1 142.217 378.349 11.0667 
10.5 10.5 -0.5 1 357.014 241.08 11.0667 
10.5 10.5 6 1 359.564 375.743 11.0667 
0.5 10.5 -0.5 1 529.562 172.474 11.0667 
0.5 10.5 6 1 553.147 394.108 11.0667 
0.5 5.5 9.5 1 409.908 561.276 11.0667 
10.5 5.5 9.5 1 257.099 457.776 11.0667 
0.5 6.5 -0.5 1 418.792 150.444 11.0667 
0.5 8.5 -0.5 1 474.922 160.935 11.0667 
0.5 8.5 4.5 1 493.064 333.593 11.0667 
0.5 6.5 4.5 1 432.871 334.375 11.0667 
0.5 2.5 2 1 285.903 227.275 11.0667 
0.5 4.5 2 1 361.277 233.209 11.0667 
0.5 4.5 4.5 1 364.565 334.715 11.0667 
0.5 2.5 4.5 1 287.462 332.623 11.0667 
