0 0 0 1 322.797 89.0375 11.9667 
0 0 6.5 1 302.991 388.976 11.9667 
10 0 0 1 147.355 175.139 11.9667 
10 0 6.5 1 128.129 337.125 11.9667 
10 10 0 1 327.55 219.275 11.9667 
10 10 6.5 1 318.162 345.912 11.9667 
0 10 0 1 532.311 187.244 11.9667 
0 10 6.5 1 528.694 380.745 11.9667 
0 5 10 1 436.855 518.491 11.9667 
10 5 10 1 230.15 424.143 11.9667 
0 6 0 1 468.243 155.425 11.9667 
0 8 0 1 500.766 173.687 11.9667 
0 8 5 1 499.343 329.561 11.9667 
0 6 5 1 461.327 328.249 11.9667 
0 2 2.5 1 378.354 217.253 11.9667 
0 4 2.5 1 425.729 227.741 11.9667 
0 4 5 1 420.804 326.713 11.9667 
0 2 5 1 370.026 319.174 11.9667 
0.5 0.5 -0.5 1 326.632 84.9569 11.9667 
0.5 0.5 6 1 307.598 358.576 11.9667 
10.5 0.5 -0.5 1 156.703 164.878 11.9667 
10.5 0.5 6 1 136.592 324.8 11.9667 
10.5 10.5 -0.5 1 325.948 210.774 11.9667 
10.5 10.5 6 1 316.6 333.76 11.9667 
0.5 10.5 -0.5 1 523.457 179.664 11.9667 
0.5 10.5 6 1 517.71 359.436 11.9667 
0.5 5.5 9.5 1 432.634 485.942 11.9667 
10.5 5.5 9.5 1 233.708 408.416 11.9667 
0.5 6.5 -0.5 1 464.196 148.714 11.9667 
0.5 8.5 -0.5 1 493.719 164.977 11.9667 
0.5 8.5 4.5 1 492.25 312.147 11.9667 
0.5 6.5 4.5 1 456.627 310.46 11.9667 
0.5 2.5 2 1 375.054 203.725 11.9667 
0.5 4.5 2 1 420.457 216.738 11.9667 
0.5 4.5 4.5 1 416.433 304.569 11.9667 
0.5 2.5 4.5 1 370.713 296.715 11.9667 
