0 0 0 1 385.686 14.4594 12.4667 
0 0 6.5 1 359.264 296.748 12.4667 
10 0 0 1 155.151 95.2143 12.4667 
10 0 6.5 1 133.463 264.146 12.4667 
10 10 0 1 312.791 157.69 12.4667 
10 10 6.5 1 304.72 277.043 12.4667 
0 10 0 1 519.157 134.44 12.4667 
0 10 6.5 1 505.71 299.913 12.4667 
0 5 10 1 442.012 416.69 12.4667 
10 5 10 1 222.883 348.563 12.4667 
0 6 0 1 482.485 98.9279 12.4667 
0 8 0 1 505.491 117.646 12.4667 
0 8 5 1 489.892 257.367 12.4667 
0 6 5 1 467.261 250.811 12.4667 
0 2 2.5 1 418.935 142.949 12.4667 
0 4 2.5 1 450.958 159.729 12.4667 
0 4 5 1 440.349 246.224 12.4667 
0 2 5 1 408.608 238.937 12.4667 
0.5 0.5 -0.5 1 381.239 9.89327 12.4667 
0.5 0.5 6 1 357.925 271.449 12.4667 
10.5 0.5 -0.5 1 156.66 90.147 12.4667 
10.5 0.5 6 1 140.399 250.541 12.4667 
10.5 10.5 -0.5 1 312.042 150.612 12.4667 
10.5 10.5 6 1 299.608 271.713 12.4667 
0.5 10.5 -0.5 1 510.254 122.996 12.4667 
0.5 10.5 6 1 497.146 289.137 12.4667 
0.5 5.5 9.5 1 432.302 394.494 12.4667 
10.5 5.5 9.5 1 229.055 333.681 12.4667 
0.5 6.5 -0.5 1 474.629 89.8991 12.4667 
0.5 8.5 -0.5 1 491.479 109.402 12.4667 
0.5 8.5 4.5 1 482.186 241.803 12.4667 
0.5 6.5 4.5 1 459.439 237.821 12.4667 
0.5 2.5 2 1 409.611 130.32 12.4667 
0.5 4.5 2 1 441.965 150.897 12.4667 
0.5 4.5 4.5 1 433.337 231.569 12.4667 
0.5 2.5 4.5 1 400.092 221.665 12.4667 
