0 0 0 1 377.006 140.845 16.3001 
0 0 6.5 1 392.079 314.733 16.3001 
10 0 0 1 88.3307 114.798 16.3001 
10 0 6.5 1 99.6388 341.892 16.3001 
10 10 0 1 78.1361 199.545 16.3001 
10 10 6.5 1 83.3065 336.03 16.3001 
0 10 0 1 266.053 203.672 16.3001 
0 10 6.5 1 277.325 317.013 16.3001 
0 5 10 1 326.994 395.021 16.3001 
10 5 10 1 95.0703 436.358 16.3001 
0 6 0 1 298.781 182.177 16.3001 
0 8 0 1 282.587 194.587 16.3001 
0 8 5 1 288.009 287.018 16.3001 
0 6 5 1 310.09 282.571 16.3001 
0 2 2.5 1 350.725 217.292 16.3001 
0 4 2.5 1 324.44 228.271 16.3001 
0 4 5 1 330.364 282.3 16.3001 
0 2 5 1 355.757 277.096 16.3001 
0.5 0.5 -0.5 1 353.655 131.223 16.3001 
0.5 0.5 6 1 372.708 300.997 16.3001 
10.5 0.5 -0.5 1 70.7262 107.619 16.3001 
10.5 0.5 6 1 80.4528 326.102 16.3001 
10.5 10.5 -0.5 1 66.2534 192.685 16.3001 
10.5 10.5 6 1 71.7338 325.717 16.3001 
0.5 10.5 -0.5 1 251.452 196.548 16.3001 
0.5 10.5 6 1 264.035 308.539 16.3001 
0.5 5.5 9.5 1 311.453 384.755 16.3001 
10.5 5.5 9.5 1 76.944 418.744 16.3001 
0.5 6.5 -0.5 1 284.572 174.841 16.3001 
0.5 8.5 -0.5 1 263.729 190.923 16.3001 
0.5 8.5 4.5 1 275.828 277.202 16.3001 
0.5 6.5 4.5 1 291.145 274.392 16.3001 
0.5 2.5 2 1 331.26 208.483 16.3001 
0.5 4.5 2 1 307.354 217.167 16.3001 
0.5 4.5 4.5 1 313.332 272.106 16.3001 
0.5 2.5 4.5 1 340.628 265.969 16.3001 
