0 0 0 1 355.129 74.9893 1.33333 
0 0 6.5 1 346.898 217.046 1.33333 
10 0 0 1 579.177 15.9828 1.33333 
10 0 6.5 1 542.772 251.516 1.33333 
10 10 0 1 225.794 -71.034 1.33333 
10 10 6.5 1 222.459 281.655 1.33333 
0 10 0 1 133.519 48.9459 1.33333 
0 10 6.5 1 137.178 221.209 1.33333 
0 5 10 1 248.568 295.7 1.33333 
10 5 10 1 400.668 393.537 1.33333 
0 6 0 1 231.498 62.4229 1.33333 
0 8 0 1 183.71 53.7414 1.33333 
0 8 5 1 190.972 184.711 1.33333 
0 6 5 1 231.876 183.757 1.33333 
0 2 2.5 1 315.833 131.73 1.33333 
0 4 2.5 1 274.309 127.93 1.33333 
0 4 5 1 273.378 179.953 1.33333 
0 2 5 1 312.772 183.885 1.33333 
0.5 0.5 -0.5 1 353.797 60.3322 1.33333 
0.5 0.5 6 1 345.454 205.869 1.33333 
10.5 0.5 -0.5 1 590.393 -17.1954 1.33333 
10.5 0.5 6 1 550.727 238.807 1.33333 
10.5 10.5 -0.5 1 206.944 -126.987 1.33333 
10.5 10.5 6 1 207.374 259.495 1.33333 
0.5 10.5 -0.5 1 121.761 28.7394 1.33333 
0.5 10.5 6 1 128.859 210.251 1.33333 
0.5 5.5 9.5 1 247.134 286.461 1.33333 
10.5 5.5 9.5 1 400.826 386.357 1.33333 
0.5 6.5 -0.5 1 226.52 42.2962 1.33333 
0.5 8.5 -0.5 1 179.876 35.3094 1.33333 
0.5 8.5 4.5 1 177.316 170.376 1.33333 
0.5 6.5 4.5 1 226.04 172.053 1.33333 
0.5 2.5 2 1 310.113 116.548 1.33333 
0.5 4.5 2 1 271.419 113.76 1.33333 
0.5 4.5 4.5 1 267.626 174.132 1.33333 
0.5 2.5 4.5 1 310.407 171.756 1.33333 
