0 0 0 1 5.96075 51.1419 7.36666 
0 0 6.5 1 13.9008 224.469 7.36666 
10 0 0 1 222.018 91.7953 7.36666 
10 0 6.5 1 218.466 213.359 7.36666 
10 10 0 1 393.658 60.0408 7.36666 
10 10 6.5 1 374.994 240.869 7.36666 
0 10 0 1 139.425 -29.7483 7.36666 
0 10 6.5 1 141.147 269.534 7.36666 
0 5 10 1 66.8621 342.979 7.36666 
10 5 10 1 278.067 301.165 7.36666 
0 6 0 1 70.1459 14.0714 7.36666 
0 8 0 1 99.9652 -6.31803 7.36666 
0 8 5 1 102.158 202.363 7.36666 
0 6 5 1 73.0495 194.766 7.36666 
0 2 2.5 1 28.575 113.208 7.36666 
0 4 2.5 1 47.0052 112.029 7.36666 
0 4 5 1 51.1609 191.908 7.36666 
0 2 5 1 30.3389 186.919 7.36666 
0.5 0.5 -0.5 1 27.0664 35.5492 7.36666 
0.5 0.5 6 1 32.9986 208.368 7.36666 
10.5 0.5 -0.5 1 233.249 82.2979 7.36666 
10.5 0.5 6 1 230.482 207.406 7.36666 
10.5 10.5 -0.5 1 416.501 47.4132 7.36666 
10.5 10.5 6 1 393.92 229.165 7.36666 
0.5 10.5 -0.5 1 169.729 -55.4014 7.36666 
0.5 10.5 6 1 168.01 249.895 7.36666 
0.5 5.5 9.5 1 85.7057 331.204 7.36666 
10.5 5.5 9.5 1 294.891 290.653 7.36666 
0.5 6.5 -0.5 1 90.776 -5.99917 7.36666 
0.5 8.5 -0.5 1 127.427 -28.7576 7.36666 
0.5 8.5 4.5 1 129.029 182.7 7.36666 
0.5 6.5 4.5 1 98.2173 180.117 7.36666 
0.5 2.5 2 1 46.2975 102.433 7.36666 
0.5 4.5 2 1 67.7151 97.0033 7.36666 
0.5 4.5 4.5 1 70.4994 175.443 7.36666 
0.5 2.5 4.5 1 47.6502 174.356 7.36666 
