0 0 0 1 282.774 96.8488 2.66667 
0 0 6.5 1 291.185 222.028 2.66667 
10 0 0 1 488.336 34.5386 2.66667 
10 0 6.5 1 493.452 209.414 2.66667 
10 10 0 1 356.518 -63.9173 2.66667 
10 10 6.5 1 377.704 226.924 2.66667 
0 10 0 1 114.074 63.5587 2.66667 
0 10 6.5 1 132.453 242.391 2.66667 
0 5 10 1 232.028 304.963 2.66667 
10 5 10 1 455.81 325.231 2.66667 
0 6 0 1 193.949 78.6841 2.66667 
0 8 0 1 161.289 73.9393 2.66667 
0 8 5 1 170.224 197.843 2.66667 
0 6 5 1 210.799 198.524 2.66667 
0 2 2.5 1 260.167 145.08 2.66667 
0 4 2.5 1 234.123 142.2 2.66667 
0 4 5 1 239.65 193.286 2.66667 
0 2 5 1 266.741 191.183 2.66667 
0.5 0.5 -0.5 1 285.03 85.4586 2.66667 
0.5 0.5 6 1 294.411 211.557 2.66667 
10.5 0.5 -0.5 1 495.936 16.2086 2.66667 
10.5 0.5 6 1 502.993 194.061 2.66667 
10.5 10.5 -0.5 1 367.131 -109.5 2.66667 
10.5 10.5 6 1 387.506 204.146 2.66667 
0.5 10.5 -0.5 1 107.993 38.5573 2.66667 
0.5 10.5 6 1 126.76 224.702 2.66667 
0.5 5.5 9.5 1 231.482 292.433 2.66667 
10.5 5.5 9.5 1 465.78 314.645 2.66667 
0.5 6.5 -0.5 1 195.036 65.1151 2.66667 
0.5 8.5 -0.5 1 152.394 54.5131 2.66667 
0.5 8.5 4.5 1 166.961 185.387 2.66667 
0.5 6.5 4.5 1 205.844 184.592 2.66667 
0.5 2.5 2 1 261.277 129.033 2.66667 
0.5 4.5 2 1 233.99 129.282 2.66667 
0.5 4.5 4.5 1 238.486 181.892 2.66667 
0.5 2.5 4.5 1 269.25 182.268 2.66667 
