0 0 0 1 370.036 68.5257 1 
0 0 6.5 1 357.753 214.074 1 
10 0 0 1 588.276 -14.6944 1 
10 0 6.5 1 546.552 250.529 1 
10 10 0 1 180.503 -111.133 1 
10 10 6.5 1 175.366 245.827 1 
0 10 0 1 139.154 38.5796 1 
0 10 6.5 1 140.701 206.849 1 
0 5 10 1 250.2 288.923 1 
10 5 10 1 372.344 385.696 1 
0 6 0 1 242.103 52.5062 1 
0 8 0 1 193.889 47.2824 1 
0 8 5 1 187.829 169.611 1 
0 6 5 1 236.052 173.659 1 
0 2 2.5 1 327.3 123.628 1 
0 4 2.5 1 281.128 117.356 1 
0 4 5 1 280.817 177.201 1 
0 2 5 1 320.841 179.323 1 
0.5 0.5 -0.5 1 366.25 53.7096 1 
0.5 0.5 6 1 352.766 202.896 1 
10.5 0.5 -0.5 1 596.363 -50.0253 1 
10.5 0.5 6 1 550.207 230.55 1 
10.5 10.5 -0.5 1 155.9 -170.816 1 
10.5 10.5 6 1 145.844 223.618 1 
0.5 10.5 -0.5 1 129.772 17.4151 1 
0.5 10.5 6 1 125.392 199.113 1 
0.5 5.5 9.5 1 244.198 281.005 1 
10.5 5.5 9.5 1 364.52 376.501 1 
0.5 6.5 -0.5 1 233.107 35.1205 1 
0.5 8.5 -0.5 1 180.648 25.215 1 
0.5 8.5 4.5 1 176.837 159.045 1 
0.5 6.5 4.5 1 227.956 162.63 1 
0.5 2.5 2 1 322.494 107.276 1 
0.5 4.5 2 1 275.382 105.474 1 
0.5 4.5 4.5 1 273.846 164.762 1 
0.5 2.5 4.5 1 316.489 167.788 1 
