0 0 0 1 217.32 237.691 4.16666 
0 0 6.5 1 220.009 353.088 4.16666 
10 0 0 1 397.441 221.2 4.16666 
10 0 6.5 1 408.251 344.07 4.16666 
10 10 0 1 403.976 147.769 4.16666 
10 10 6.5 1 428.435 357.639 4.16666 
0 10 0 1 116.573 186.743 4.16666 
0 10 6.5 1 121.416 369.165 4.16666 
0 5 10 1 180.154 442.497 4.16666 
10 5 10 1 426.071 443.461 4.16666 
0 6 0 1 166.228 213.412 4.16666 
0 8 0 1 144.816 200.241 4.16666 
0 8 5 1 148.337 324.998 4.16666 
0 6 5 1 174.385 326.054 4.16666 
0 2 2.5 1 200.753 279.1 4.16666 
0 4 2.5 1 189.347 274.571 4.16666 
0 4 5 1 189.049 327.521 4.16666 
0 2 5 1 207.113 328.885 4.16666 
0.5 0.5 -0.5 1 219.67 225.372 4.16666 
0.5 0.5 6 1 225.374 344.829 4.16666 
10.5 0.5 -0.5 1 405.978 205.648 4.16666 
10.5 0.5 6 1 420.439 335.411 4.16666 
10.5 10.5 -0.5 1 421.426 119.765 4.16666 
10.5 10.5 6 1 445.78 340.952 4.16666 
0.5 10.5 -0.5 1 121.96 170.23 4.16666 
0.5 10.5 6 1 124.763 356.041 4.16666 
0.5 5.5 9.5 1 192.37 434.486 4.16666 
10.5 5.5 9.5 1 440.524 432.967 4.16666 
0.5 6.5 -0.5 1 173.327 199.293 4.16666 
0.5 8.5 -0.5 1 153.37 183.293 4.16666 
0.5 8.5 4.5 1 153.443 314.518 4.16666 
0.5 6.5 4.5 1 173.816 313.496 4.16666 
0.5 2.5 2 1 209.387 265.836 4.16666 
0.5 4.5 2 1 194.193 260.076 4.16666 
0.5 4.5 4.5 1 196.056 316.703 4.16666 
0.5 2.5 4.5 1 209.213 315.736 4.16666 
