0 0 0 1 381.166 122.066 0.166667 
0 0 6.5 1 366.071 270.918 0.166667 
10 0 0 1 531.42 12.7077 0.166667 
10 0 6.5 1 497.161 307.736 0.166667 
10 10 0 1 69.8371 -43.1538 0.166667 
10 10 6.5 1 44.7136 265.142 0.166667 
0 10 0 1 155.631 97.5125 0.166667 
0 10 6.5 1 139.814 250.845 0.166667 
0 5 10 1 247.396 337.814 0.166667 
10 5 10 1 263.035 444.535 0.166667 
0 6 0 1 244.82 112.397 0.166667 
0 8 0 1 200.18 106.948 0.166667 
0 8 5 1 188.072 223.312 0.166667 
0 6 5 1 234.477 222.274 0.166667 
0 2 2.5 1 332.216 176.723 0.166667 
0 4 2.5 1 286.33 172.544 0.166667 
0 4 5 1 281.437 228.804 0.166667 
0 2 5 1 325.15 235.609 0.166667 
0.5 0.5 -0.5 1 377.939 110.867 0.166667 
0.5 0.5 6 1 358.276 263.412 0.166667 
10.5 0.5 -0.5 1 527.237 -20.7507 0.166667 
10.5 0.5 6 1 491.527 288.219 0.166667 
10.5 10.5 -0.5 1 37.9552 -86.6988 0.166667 
10.5 10.5 6 1 11.4337 239.425 0.166667 
0.5 10.5 -0.5 1 139.837 79.6154 0.166667 
0.5 10.5 6 1 126.32 238.725 0.166667 
0.5 5.5 9.5 1 235.709 333.129 0.166667 
10.5 5.5 9.5 1 245.049 427.571 0.166667 
0.5 6.5 -0.5 1 238.844 91.6624 0.166667 
0.5 8.5 -0.5 1 187.835 85.3294 0.166667 
0.5 8.5 4.5 1 179.379 209.246 0.166667 
0.5 6.5 4.5 1 226.358 210.698 0.166667 
0.5 2.5 2 1 322.831 162.666 0.166667 
0.5 4.5 2 1 279.251 154.673 0.166667 
0.5 4.5 4.5 1 271.827 215.543 0.166667 
0.5 2.5 4.5 1 317.016 222.484 0.166667 
