0 0 0 1 373.059 195.994 16.9001 
0 0 6.5 1 388.934 368.2 16.9001 
10 0 0 1 113.375 144.622 16.9001 
10 0 6.5 1 111.817 397.695 16.9001 
10 10 0 1 46.3774 226.13 16.9001 
10 10 6.5 1 39.8437 379.895 16.9001 
0 10 0 1 235.616 244.026 16.9001 
0 10 6.5 1 242.567 365.573 16.9001 
0 5 10 1 304.313 451.036 16.9001 
10 5 10 1 61.8715 500.076 16.9001 
0 6 0 1 283.041 230.302 16.9001 
0 8 0 1 255.826 237.243 16.9001 
0 8 5 1 260.348 336.224 16.9001 
0 6 5 1 284.023 332.359 16.9001 
0 2 2.5 1 341.235 267.23 16.9001 
0 4 2.5 1 310.145 275.303 16.9001 
0 4 5 1 312.496 330.64 16.9001 
0 2 5 1 345.538 330.504 16.9001 
0.5 0.5 -0.5 1 355.053 187.16 16.9001 
0.5 0.5 6 1 367.314 352.952 16.9001 
10.5 0.5 -0.5 1 92.2799 126.031 16.9001 
10.5 0.5 6 1 86.3851 376.403 16.9001 
10.5 10.5 -0.5 1 32.9343 217.497 16.9001 
10.5 10.5 6 1 23.358 365.859 16.9001 
0.5 10.5 -0.5 1 227.186 237.823 16.9001 
0.5 10.5 6 1 226.993 356.227 16.9001 
0.5 5.5 9.5 1 288.522 437.144 16.9001 
10.5 5.5 9.5 1 40.5745 480.523 16.9001 
0.5 6.5 -0.5 1 265.611 223.185 16.9001 
0.5 8.5 -0.5 1 242.729 232.468 16.9001 
0.5 8.5 4.5 1 247.159 323.955 16.9001 
0.5 6.5 4.5 1 269.884 324.516 16.9001 
0.5 2.5 2 1 321.329 258.003 16.9001 
0.5 4.5 2 1 293.931 264.896 16.9001 
0.5 4.5 4.5 1 297.518 318.083 16.9001 
0.5 2.5 4.5 1 326.66 319.371 16.9001 
