0 0 0 1 3.90352 45.6334 7.43333 
0 0 6.5 1 10.1088 224.605 7.43333 
10 0 0 1 214.266 86.1895 7.43333 
10 0 6.5 1 215.77 214.701 7.43333 
10 10 0 1 394.414 60.4869 7.43333 
10 10 6.5 1 375.196 241.904 7.43333 
0 10 0 1 142.646 -31.1213 7.43333 
0 10 6.5 1 142.726 269.987 7.43333 
0 5 10 1 69.1115 347.839 7.43333 
10 5 10 1 277.332 297.526 7.43333 
0 6 0 1 66.64 9.60835 7.43333 
0 8 0 1 101.162 -8.07408 7.43333 
0 8 5 1 105.519 202.199 7.43333 
0 6 5 1 69.4457 195.254 7.43333 
0 2 2.5 1 24.0142 115.069 7.43333 
0 4 2.5 1 44.4537 109.88 7.43333 
0 4 5 1 46.8248 191.216 7.43333 
0 2 5 1 27.1318 187.144 7.43333 
0.5 0.5 -0.5 1 20.8743 31.1858 7.43333 
0.5 0.5 6 1 30.9039 212.145 7.43333 
10.5 0.5 -0.5 1 231.244 76.9621 7.43333 
10.5 0.5 6 1 227.092 206.559 7.43333 
10.5 10.5 -0.5 1 414.15 46.2097 7.43333 
10.5 10.5 6 1 396.869 230.338 7.43333 
0.5 10.5 -0.5 1 175.497 -57.0223 7.43333 
0.5 10.5 6 1 174.074 252.555 7.43333 
0.5 5.5 9.5 1 82.668 332.451 7.43333 
10.5 5.5 9.5 1 293.929 289.1 7.43333 
0.5 6.5 -0.5 1 91.858 -7.25722 7.43333 
0.5 8.5 -0.5 1 129.207 -28.4038 7.43333 
0.5 8.5 4.5 1 132.129 181.848 7.43333 
0.5 6.5 4.5 1 97.8317 179.653 7.43333 
0.5 2.5 2 1 44.9325 99.6265 7.43333 
0.5 4.5 2 1 64.4005 95.2737 7.43333 
0.5 4.5 4.5 1 67.5675 178.251 7.43333 
0.5 2.5 4.5 1 45.5865 175.985 7.43333 
