0 0 0 1 117.588 76.4184 10.6334 
0 0 6.5 1 110.877 373.684 10.6334 
10 0 0 1 138.889 208.208 10.6334 
10 0 6.5 1 138.183 358.728 10.6334 
10 10 0 1 356.171 210.738 10.6334 
10 10 6.5 1 367.903 349.704 10.6334 
0 10 0 1 507.326 106.765 10.6334 
0 10 6.5 1 546.784 355.601 10.6334 
0 5 10 1 360.234 539.636 10.6334 
10 5 10 1 263.852 444.06 10.6334 
0 6 0 1 369.609 93.6908 10.6334 
0 8 0 1 440.508 100.379 10.6334 
0 8 5 1 463.308 293.569 10.6334 
0 6 5 1 387.505 297.387 10.6334 
0 2 2.5 1 209.94 184.371 10.6334 
0 4 2.5 1 296.657 188.329 10.6334 
0 4 5 1 305.146 296.904 10.6334 
0 2 5 1 210.139 300.164 10.6334 
0.5 0.5 -0.5 1 139.429 71.454 10.6334 
0.5 0.5 6 1 140.326 351.106 10.6334 
10.5 0.5 -0.5 1 153.156 200.858 10.6334 
10.5 0.5 6 1 149.041 348.194 10.6334 
10.5 10.5 -0.5 1 363.422 205.062 10.6334 
10.5 10.5 6 1 373.451 338.382 10.6334 
0.5 10.5 -0.5 1 509.508 100.69 10.6334 
0.5 10.5 6 1 545.884 333.232 10.6334 
0.5 5.5 9.5 1 372.625 502.156 10.6334 
10.5 5.5 9.5 1 268.675 426.964 10.6334 
0.5 6.5 -0.5 1 378.425 88.5868 10.6334 
0.5 8.5 -0.5 1 444.655 95.3164 10.6334 
0.5 8.5 4.5 1 466.93 276.996 10.6334 
0.5 6.5 4.5 1 393.174 277.34 10.6334 
0.5 2.5 2 1 229.597 170.913 10.6334 
0.5 4.5 2 1 310.309 174.595 10.6334 
0.5 4.5 4.5 1 316.188 278.458 10.6334 
0.5 2.5 4.5 1 230.681 278.456 10.6334 
