0 0 0 1 373.146 229.509 17.7667 
0 0 6.5 1 375.854 401.719 17.7667 
10 0 0 1 182.342 142.448 17.7667 
10 0 6.5 1 158.105 435.329 17.7667 
10 10 0 1 3.16556 204.15 17.7667 
10 10 6.5 1 -25.4162 386.149 17.7667 
0 10 0 1 199.427 251.585 17.7667 
0 10 6.5 1 187.811 373.135 17.7667 
0 5 10 1 266.072 473.768 17.7667 
10 5 10 1 24.1127 544.238 17.7667 
0 6 0 1 257.474 241.78 17.7667 
0 8 0 1 225.354 249.542 17.7667 
0 8 5 1 220.733 349.766 17.7667 
0 6 5 1 254.13 349.042 17.7667 
0 2 2.5 1 328.179 294.612 17.7667 
0 4 2.5 1 287.796 297.044 17.7667 
0 4 5 1 286.429 353.643 17.7667 
0 2 5 1 327.893 353.961 17.7667 
0.5 0.5 -0.5 1 356.023 213.655 17.7667 
0.5 0.5 6 1 355.518 387.153 17.7667 
10.5 0.5 -0.5 1 148.412 120.567 17.7667 
10.5 0.5 6 1 124.739 411.252 17.7667 
10.5 10.5 -0.5 1 -14.8271 190.308 17.7667 
10.5 10.5 6 1 -41.2691 370.789 17.7667 
0.5 10.5 -0.5 1 186.031 238.482 17.7667 
0.5 10.5 6 1 176.763 367.778 17.7667 
0.5 5.5 9.5 1 248.807 459.018 17.7667 
10.5 5.5 9.5 1 0.132032 522.782 17.7667 
0.5 6.5 -0.5 1 241.974 232.858 17.7667 
0.5 8.5 -0.5 1 211.342 236.32 17.7667 
0.5 8.5 4.5 1 205.973 339.594 17.7667 
0.5 6.5 4.5 1 233.909 339.781 17.7667 
0.5 2.5 2 1 311.144 279.424 17.7667 
0.5 4.5 2 1 273.436 285.328 17.7667 
0.5 4.5 4.5 1 268.906 340.376 17.7667 
0.5 2.5 4.5 1 311.78 345.321 17.7667 
