0 0 0 1 378.647 182.598 18.2001 
0 0 6.5 1 369.354 340.26 18.2001 
10 0 0 1 241.652 51.3058 18.2001 
10 0 6.5 1 213.805 351.17 18.2001 
10 10 0 1 -7.63207 120.585 18.2001 
10 10 6.5 1 -34.2524 314.298 18.2001 
0 10 0 1 188.171 194.189 18.2001 
0 10 6.5 1 174.213 320.208 18.2001 
0 5 10 1 252.424 413.71 18.2001 
10 5 10 1 45.6113 469.666 18.2001 
0 6 0 1 252.943 192.333 18.2001 
0 8 0 1 219.295 195.334 18.2001 
0 8 5 1 210.301 293.948 18.2001 
0 6 5 1 244.35 298.592 18.2001 
0 2 2.5 1 326.644 241.661 18.2001 
0 4 2.5 1 288.305 242.162 18.2001 
0 4 5 1 281.463 297.778 18.2001 
0 2 5 1 326.097 299.971 18.2001 
0.5 0.5 -0.5 1 361.231 167.449 18.2001 
0.5 0.5 6 1 353.591 327.267 18.2001 
10.5 0.5 -0.5 1 208.47 25.7655 18.2001 
10.5 0.5 6 1 182.126 324.16 18.2001 
10.5 10.5 -0.5 1 -25.4891 106.085 18.2001 
10.5 10.5 6 1 -58.3987 299.153 18.2001 
0.5 10.5 -0.5 1 174.321 183.518 18.2001 
0.5 10.5 6 1 162.102 308.743 18.2001 
0.5 5.5 9.5 1 236.05 399.494 18.2001 
10.5 5.5 9.5 1 16.7582 447.048 18.2001 
0.5 6.5 -0.5 1 240.56 181.046 18.2001 
0.5 8.5 -0.5 1 206.498 184.164 18.2001 
0.5 8.5 4.5 1 196.625 283.215 18.2001 
0.5 6.5 4.5 1 230.146 283.826 18.2001 
0.5 2.5 2 1 313.185 229.294 18.2001 
0.5 4.5 2 1 271.121 229.917 18.2001 
0.5 4.5 4.5 1 264.735 283.705 18.2001 
0.5 2.5 4.5 1 310.033 290.845 18.2001 
