0 0 0 1 388.273 90.9278 15.4001 
0 0 6.5 1 406.838 284.417 15.4001 
10 0 0 1 78.4145 110.702 15.4001 
10 0 6.5 1 103.75 315.734 15.4001 
10 10 0 1 127.184 162.636 15.4001 
10 10 6.5 1 142.219 286.312 15.4001 
0 10 0 1 312.436 150.134 15.4001 
0 10 6.5 1 322.374 261.834 15.4001 
0 5 10 1 359.774 349.871 15.4001 
10 5 10 1 135.401 378.202 15.4001 
0 6 0 1 336.949 131.193 15.4001 
0 8 0 1 326.304 139.291 15.4001 
0 8 5 1 331.051 237.518 15.4001 
0 6 5 1 344.616 237.37 15.4001 
0 2 2.5 1 374.321 174.056 15.4001 
0 4 2.5 1 354.375 179.234 15.4001 
0 4 5 1 359.728 238.104 15.4001 
0 2 5 1 375.519 240.718 15.4001 
0.5 0.5 -0.5 1 370.097 81.5808 15.4001 
0.5 0.5 6 1 385.17 269.44 15.4001 
10.5 0.5 -0.5 1 66.2724 101.542 15.4001 
10.5 0.5 6 1 88.439 303.362 15.4001 
10.5 10.5 -0.5 1 116.297 152.785 15.4001 
10.5 10.5 6 1 131.594 272.294 15.4001 
0.5 10.5 -0.5 1 301.873 137.248 15.4001 
0.5 10.5 6 1 312.503 254.971 15.4001 
0.5 5.5 9.5 1 347.806 334.974 15.4001 
10.5 5.5 9.5 1 124.666 362.734 15.4001 
0.5 6.5 -0.5 1 322.281 123.687 15.4001 
0.5 8.5 -0.5 1 308.322 133.25 15.4001 
0.5 8.5 4.5 1 321.758 227.972 15.4001 
0.5 6.5 4.5 1 329.099 229.105 15.4001 
0.5 2.5 2 1 355.644 164.505 15.4001 
0.5 4.5 2 1 339.534 172.468 15.4001 
0.5 4.5 4.5 1 342.135 230.244 15.4001 
0.5 2.5 4.5 1 361.737 229.281 15.4001 
