0 0 0 1 92.9061 119.596 6.26666 
0 0 6.5 1 81.1128 253.463 6.26666 
10 0 0 1 280.529 157.876 6.26666 
10 0 6.5 1 267.712 271.853 6.26666 
10 10 0 1 403.136 112.099 6.26666 
10 10 6.5 1 384.968 290.531 6.26666 
0 10 0 1 114.599 31.1564 6.26666 
0 10 6.5 1 95.3473 266.862 6.26666 
0 5 10 1 75.4484 353.11 6.26666 
10 5 10 1 303.853 358.488 6.26666 
0 6 0 1 104.455 79.4285 6.26666 
0 8 0 1 110.2 57.4653 6.26666 
0 8 5 1 94.5942 214.819 6.26666 
0 6 5 1 90.8112 219.982 6.26666 
0 2 2.5 1 90.9005 164.933 6.26666 
0 4 2.5 1 94.3748 157.65 6.26666 
0 4 5 1 90.4385 219.874 6.26666 
0 2 5 1 86.0424 221.757 6.26666 
0.5 0.5 -0.5 1 105.913 108.432 6.26666 
0.5 0.5 6 1 95.2907 244.832 6.26666 
10.5 0.5 -0.5 1 294.353 147.484 6.26666 
10.5 0.5 6 1 283.074 264.169 6.26666 
10.5 10.5 -0.5 1 427.112 96.9873 6.26666 
10.5 10.5 6 1 408.678 278.042 6.26666 
0.5 10.5 -0.5 1 141.049 11.4379 6.26666 
0.5 10.5 6 1 116.525 252.381 6.26666 
0.5 5.5 9.5 1 92.4642 340.548 6.26666 
10.5 5.5 9.5 1 323.586 347.933 6.26666 
0.5 6.5 -0.5 1 122.192 63.5941 6.26666 
0.5 8.5 -0.5 1 129.768 42.7397 6.26666 
0.5 8.5 4.5 1 113.949 198.972 6.26666 
0.5 6.5 4.5 1 109.517 206.41 6.26666 
0.5 2.5 2 1 103.63 152.606 6.26666 
0.5 4.5 2 1 111.002 145.541 6.26666 
0.5 4.5 4.5 1 103.061 208.875 6.26666 
0.5 2.5 4.5 1 99.4925 209.568 6.26666 
