0 0 0 1 428.18 23.6876 13.1001 
0 0 6.5 1 397.013 290.565 13.1001 
10 0 0 1 143.706 65.615 13.1001 
10 0 6.5 1 133.36 243.198 13.1001 
10 10 0 1 285.426 122.133 13.1001 
10 10 6.5 1 274.11 242.577 13.1001 
0 10 0 1 489.422 114.848 13.1001 
0 10 6.5 1 469.887 268.629 13.1001 
0 5 10 1 430.971 374.175 13.1001 
10 5 10 1 212.652 315.765 13.1001 
0 6 0 1 474.836 90.0336 13.1001 
0 8 0 1 485.659 103.334 13.1001 
0 8 5 1 468.563 232.45 13.1001 
0 6 5 1 454.966 233.618 13.1001 
0 2 2.5 1 434.394 144.595 13.1001 
0 4 2.5 1 451.856 153.33 13.1001 
0 4 5 1 441.253 232.805 13.1001 
0 2 5 1 427.521 234.02 13.1001 
0.5 0.5 -0.5 1 418.915 14.5354 13.1001 
0.5 0.5 6 1 389.219 266.715 13.1001 
10.5 0.5 -0.5 1 145.831 59.8962 13.1001 
10.5 0.5 6 1 135.112 228.92 13.1001 
10.5 10.5 -0.5 1 280.954 115.257 13.1001 
10.5 10.5 6 1 272.361 235.364 13.1001 
0.5 10.5 -0.5 1 480.046 104.897 13.1001 
0.5 10.5 6 1 457.464 253.843 13.1001 
0.5 5.5 9.5 1 421.583 355.561 13.1001 
10.5 5.5 9.5 1 211.105 303.785 13.1001 
0.5 6.5 -0.5 1 462.097 81.3557 13.1001 
0.5 8.5 -0.5 1 473.03 90.2761 13.1001 
0.5 8.5 4.5 1 455.774 219.237 13.1001 
0.5 6.5 4.5 1 445.481 218.413 13.1001 
0.5 2.5 2 1 424.718 127.88 13.1001 
0.5 4.5 2 1 443.945 140.148 13.1001 
0.5 4.5 4.5 1 432.648 216.405 13.1001 
0.5 2.5 4.5 1 413.657 215.591 13.1001 
