0 0 0 1 64.7835 78.1762 10.3 
0 0 6.5 1 66.6155 372.523 10.3 
10 0 0 1 136.861 200.114 10.3 
10 0 6.5 1 143.163 352.754 10.3 
10 10 0 1 363.86 192.267 10.3 
10 10 6.5 1 374.736 334.821 10.3 
0 10 0 1 484.192 70.6221 10.3 
0 10 6.5 1 525.411 339.728 10.3 
0 5 10 1 322.337 530.906 10.3 
10 5 10 1 268.069 428.481 10.3 
0 6 0 1 323.614 75.141 10.3 
0 8 0 1 406.834 73.0987 10.3 
0 8 5 1 430.085 274.734 10.3 
0 6 5 1 344.712 280.877 10.3 
0 2 2.5 1 161.435 181.036 10.3 
0 4 2.5 1 247.294 175.681 10.3 
0 4 5 1 256.403 286.632 10.3 
0 2 5 1 161.336 289.403 10.3 
0.5 0.5 -0.5 1 95.348 67.864 10.3 
0.5 0.5 6 1 97.3569 345.13 10.3 
10.5 0.5 -0.5 1 151.42 192.135 10.3 
10.5 0.5 6 1 153.933 335.95 10.3 
10.5 10.5 -0.5 1 363.706 181.883 10.3 
10.5 10.5 6 1 380.006 321.681 10.3 
0.5 10.5 -0.5 1 488.024 62.4003 10.3 
0.5 10.5 6 1 528.475 312.661 10.3 
0.5 5.5 9.5 1 336.494 490.993 10.3 
10.5 5.5 9.5 1 273.534 409.005 10.3 
0.5 6.5 -0.5 1 339.888 66.8046 10.3 
0.5 8.5 -0.5 1 414.047 64.5961 10.3 
0.5 8.5 4.5 1 440.209 258.196 10.3 
0.5 6.5 4.5 1 360.482 260.738 10.3 
0.5 2.5 2 1 184.17 166.996 10.3 
0.5 4.5 2 1 267.194 162.748 10.3 
0.5 4.5 4.5 1 276.235 263.197 10.3 
0.5 2.5 4.5 1 184.938 271.776 10.3 
