0 0 0 1 387.777 130.576 18.8667 
0 0 6.5 1 372.19 291.48 18.8667 
10 0 0 1 349.162 -9.69092 18.8667 
10 0 6.5 1 316.809 311.154 18.8667 
10 10 0 1 -17.9545 27.1251 18.8667 
10 10 6.5 1 -39.3033 263.662 18.8667 
0 10 0 1 170.708 129.197 18.8667 
0 10 6.5 1 160.446 265.47 18.8667 
0 5 10 1 247.953 357.161 18.8667 
10 5 10 1 97.204 428.95 18.8667 
0 6 0 1 250.903 132.977 18.8667 
0 8 0 1 210.365 129.846 18.8667 
0 8 5 1 202.135 237.221 18.8667 
0 6 5 1 237.623 240.197 18.8667 
0 2 2.5 1 333.858 190.39 18.8667 
0 4 2.5 1 285.113 190.421 18.8667 
0 4 5 1 283.434 245.893 18.8667 
0 2 5 1 326.647 251.433 18.8667 
0.5 0.5 -0.5 1 376.642 112.933 18.8667 
0.5 0.5 6 1 361.002 279.833 18.8667 
10.5 0.5 -0.5 1 320.822 -50.6108 18.8667 
10.5 0.5 6 1 287.802 288.458 18.8667 
10.5 10.5 -0.5 1 -41.423 1.27658 18.8667 
10.5 10.5 6 1 -65.5734 241.538 18.8667 
0.5 10.5 -0.5 1 159.76 116.137 18.8667 
0.5 10.5 6 1 142.725 252.698 18.8667 
0.5 5.5 9.5 1 236.326 342.443 18.8667 
10.5 5.5 9.5 1 68.4117 411.241 18.8667 
0.5 6.5 -0.5 1 240.049 114.975 18.8667 
0.5 8.5 -0.5 1 197.812 114.609 18.8667 
0.5 8.5 4.5 1 185.485 224.049 18.8667 
0.5 6.5 4.5 1 226.41 229.298 18.8667 
0.5 2.5 2 1 319.826 177.36 18.8667 
0.5 4.5 2 1 274.832 173.203 18.8667 
0.5 4.5 4.5 1 267.69 232.409 18.8667 
0.5 2.5 4.5 1 312.512 235.333 18.8667 
