0 0 0 1 -15.2448 38.4398 7.63333 
0 0 6.5 1 -0.579561 222.921 7.63333 
10 0 0 1 205.347 80.2344 7.63333 
10 0 6.5 1 203.577 207.431 7.63333 
10 10 0 1 388.428 50.1963 7.63333 
10 10 6.5 1 373.57 228.475 7.63333 
0 10 0 1 156.11 -44.9506 7.63333 
0 10 6.5 1 163.154 269.844 7.63333 
0 5 10 1 65.4066 349.63 7.63333 
10 5 10 1 274.226 291.904 7.63333 
0 6 0 1 64.6496 -1.16388 7.63333 
0 8 0 1 102.55 -20.8497 7.63333 
0 8 5 1 110.913 198.103 7.63333 
0 6 5 1 73.3173 191.716 7.63333 
0 2 2.5 1 13.3148 106.078 7.63333 
0 4 2.5 1 37.2083 102.425 7.63333 
0 4 5 1 45.3449 188.468 7.63333 
0 2 5 1 18.3492 184.974 7.63333 
0.5 0.5 -0.5 1 5.14674 24.0623 7.63333 
0.5 0.5 6 1 16.8233 210.244 7.63333 
10.5 0.5 -0.5 1 217.165 72.6133 7.63333 
10.5 0.5 6 1 218.424 200.476 7.63333 
10.5 10.5 -0.5 1 408.241 32.8418 7.63333 
10.5 10.5 6 1 397.01 217.591 7.63333 
0.5 10.5 -0.5 1 189.685 -74.851 7.63333 
0.5 10.5 6 1 189.824 248.146 7.63333 
0.5 5.5 9.5 1 90.5864 336.293 7.63333 
10.5 5.5 9.5 1 288.648 281.137 7.63333 
0.5 6.5 -0.5 1 92.0539 -20.0797 7.63333 
0.5 8.5 -0.5 1 135.374 -44.0147 7.63333 
0.5 8.5 4.5 1 139.258 174.969 7.63333 
0.5 6.5 4.5 1 99.8064 173.61 7.63333 
0.5 2.5 2 1 34.0893 93.2708 7.63333 
0.5 4.5 2 1 60.771 88.059 7.63333 
0.5 4.5 4.5 1 67.3678 172.732 7.63333 
0.5 2.5 4.5 1 38.9127 170.924 7.63333 
