0 0 0 1 131.978 230.121 5.53333 
0 0 6.5 1 119.862 357.24 5.53333 
10 0 0 1 311.393 248.959 5.53333 
10 0 6.5 1 305.613 366.973 5.53333 
10 10 0 1 400.362 212.963 5.53333 
10 10 6.5 1 393.967 402.771 5.53333 
0 10 0 1 106.359 178.371 5.53333 
0 10 6.5 1 81.0687 389.306 5.53333 
0 5 10 1 98.6852 458.463 5.53333 
10 5 10 1 335.516 464.887 5.53333 
0 6 0 1 118.785 205.98 5.53333 
0 8 0 1 113.586 197.981 5.53333 
0 8 5 1 96.6102 335.82 5.53333 
0 6 5 1 105.3 334.137 5.53333 
0 2 2.5 1 121.949 274.18 5.53333 
0 4 2.5 1 120.126 267.277 5.53333 
0 4 5 1 112.356 330.748 5.53333 
0 2 5 1 117.221 328.191 5.53333 
0.5 0.5 -0.5 1 142.886 221.884 5.53333 
0.5 0.5 6 1 128.299 347.695 5.53333 
10.5 0.5 -0.5 1 324.464 241.117 5.53333 
10.5 0.5 6 1 321.236 361.704 5.53333 
10.5 10.5 -0.5 1 418.987 196.072 5.53333 
10.5 10.5 6 1 415.344 389.427 5.53333 
0.5 10.5 -0.5 1 121.96 157.978 5.53333 
0.5 10.5 6 1 95.7038 374.772 5.53333 
0.5 5.5 9.5 1 104.944 448.407 5.53333 
10.5 5.5 9.5 1 351.563 456.986 5.53333 
0.5 6.5 -0.5 1 129.91 194.59 5.53333 
0.5 8.5 -0.5 1 127.086 177.36 5.53333 
0.5 8.5 4.5 1 112.088 321.243 5.53333 
0.5 6.5 4.5 1 119.455 320.109 5.53333 
0.5 2.5 2 1 134.355 264.541 5.53333 
0.5 4.5 2 1 131.997 262.626 5.53333 
0.5 4.5 4.5 1 127.306 319.481 5.53333 
0.5 2.5 4.5 1 126.011 315.298 5.53333 
