0 0 0 1 -76.0923 -11.1337 8.63334 
0 0 6.5 1 -39.8949 230.415 8.63334 
10 0 0 1 151.3 69.7082 8.63334 
10 0 6.5 1 163.054 208.45 8.63334 
10 10 0 1 365.376 22.8548 8.63334 
10 10 6.5 1 371.958 195.737 8.63334 
0 10 0 1 260.701 -140.647 8.63334 
0 10 6.5 1 280.509 215.764 8.63334 
0 5 10 1 109.046 357.532 8.63334 
10 5 10 1 259.84 283.075 8.63334 
0 6 0 1 93.2625 -75.8111 8.63334 
0 8 0 1 167.806 -107.697 8.63334 
0 8 5 1 191.066 150.16 8.63334 
0 6 5 1 117.995 159.15 8.63334 
0 2 2.5 1 -12.8688 76.0085 8.63334 
0 4 2.5 1 40.7147 61.7784 8.63334 
0 4 5 1 55.6806 166.787 8.63334 
0 2 5 1 0.843025 173.011 8.63334 
0.5 0.5 -0.5 1 -50.0861 -24.2021 8.63334 
0.5 0.5 6 1 -16.7369 208.297 8.63334 
10.5 0.5 -0.5 1 164.151 54.7144 8.63334 
10.5 0.5 6 1 176.361 196.398 8.63334 
10.5 10.5 -0.5 1 380.143 9.59834 8.63334 
10.5 10.5 6 1 384.947 182.021 8.63334 
0.5 10.5 -0.5 1 293.15 -164.471 8.63334 
0.5 10.5 6 1 312.565 187.277 8.63334 
0.5 5.5 9.5 1 132.57 335.311 8.63334 
10.5 5.5 9.5 1 277.032 268.569 8.63334 
0.5 6.5 -0.5 1 122.458 -96.6176 8.63334 
0.5 8.5 -0.5 1 198.925 -130.552 8.63334 
0.5 8.5 4.5 1 218.914 122.394 8.63334 
0.5 6.5 4.5 1 149.946 134.843 8.63334 
0.5 2.5 2 1 17.0304 55.6175 8.63334 
0.5 4.5 2 1 69.4167 41.1906 8.63334 
0.5 4.5 4.5 1 82.9903 144.514 8.63334 
0.5 2.5 4.5 1 27.8754 149.841 8.63334 
