0 0 0 1 382.826 148.55 18.5001 
0 0 6.5 1 368.121 309.147 18.5001 
10 0 0 1 286.366 2.69392 18.5001 
10 0 6.5 1 259.533 309.856 18.5001 
10 10 0 1 -8.86324 66.0241 18.5001 
10 10 6.5 1 -37.9962 276.136 18.5001 
0 10 0 1 179.919 159.791 18.5001 
0 10 6.5 1 167.141 288.799 18.5001 
0 5 10 1 251.913 376.047 18.5001 
10 5 10 1 62.8317 428.648 18.5001 
0 6 0 1 250.821 156.975 18.5001 
0 8 0 1 213.734 158.469 18.5001 
0 8 5 1 204.713 260.549 18.5001 
0 6 5 1 240.906 261.224 18.5001 
0 2 2.5 1 332.244 212.141 18.5001 
0 4 2.5 1 285.451 211.957 18.5001 
0 4 5 1 282.517 266.142 18.5001 
0 2 5 1 322.695 265.993 18.5001 
0.5 0.5 -0.5 1 367.463 131.627 18.5001 
0.5 0.5 6 1 355.725 295.493 18.5001 
10.5 0.5 -0.5 1 259.41 -29.9077 18.5001 
10.5 0.5 6 1 227.486 284.383 18.5001 
10.5 10.5 -0.5 1 -31.2177 46.7619 18.5001 
10.5 10.5 6 1 -63.2831 254.932 18.5001 
0.5 10.5 -0.5 1 169.854 149.288 18.5001 
0.5 10.5 6 1 152.752 274.631 18.5001 
0.5 5.5 9.5 1 235.736 363.312 18.5001 
10.5 5.5 9.5 1 35.3177 411.371 18.5001 
0.5 6.5 -0.5 1 232.493 139.419 18.5001 
0.5 8.5 -0.5 1 202.66 145.531 18.5001 
0.5 8.5 4.5 1 190.156 248.074 18.5001 
0.5 6.5 4.5 1 225.876 252.075 18.5001 
0.5 2.5 2 1 315.694 197.275 18.5001 
0.5 4.5 2 1 272.663 196.431 18.5001 
0.5 4.5 4.5 1 265.555 251.343 18.5001 
0.5 2.5 4.5 1 309.814 253.993 18.5001 
