0 0 0 1 177.89 244.459 4.8 
0 0 6.5 1 175.408 364.13 4.8 
10 0 0 1 360.762 242.753 4.8 
10 0 6.5 1 362.632 366.606 4.8 
10 10 0 1 404.373 180.872 4.8 
10 10 6.5 1 417.598 380.057 4.8 
0 10 0 1 115.419 182.603 4.8 
0 10 6.5 1 100.996 375.248 4.8 
0 5 10 1 139.182 456.147 4.8 
10 5 10 1 383.155 458.291 4.8 
0 6 0 1 148.086 217.528 4.8 
0 8 0 1 133.692 200.658 4.8 
0 8 5 1 123.486 331.208 4.8 
0 6 5 1 141.629 329.401 4.8 
0 2 2.5 1 167.657 284.484 4.8 
0 4 2.5 1 158.929 278.73 4.8 
0 4 5 1 155.217 334.418 4.8 
0 2 5 1 167.249 333.142 4.8 
0.5 0.5 -0.5 1 185.631 234.936 4.8 
0.5 0.5 6 1 183.241 354.591 4.8 
10.5 0.5 -0.5 1 367.691 232.455 4.8 
10.5 0.5 6 1 374.445 359.816 4.8 
10.5 10.5 -0.5 1 424.043 161.64 4.8 
10.5 10.5 6 1 437.703 364.138 4.8 
0.5 10.5 -0.5 1 123.428 164.116 4.8 
0.5 10.5 6 1 113.269 358.899 4.8 
0.5 5.5 9.5 1 149.658 445.696 4.8 
10.5 5.5 9.5 1 403.723 449.439 4.8 
0.5 6.5 -0.5 1 158.767 198.63 4.8 
0.5 8.5 -0.5 1 140.144 185.553 4.8 
0.5 8.5 4.5 1 134.211 315.021 4.8 
0.5 6.5 4.5 1 151.536 322.123 4.8 
0.5 2.5 2 1 175.959 272.331 4.8 
0.5 4.5 2 1 166.141 266.433 4.8 
0.5 4.5 4.5 1 161.44 322.339 4.8 
0.5 2.5 4.5 1 174.253 321.915 4.8 
