0 0 0 1 387.83 110.046 19.5 
0 0 6.5 1 373.238 269.091 19.5 
10 0 0 1 452.05 1.91588 19.5 
10 0 6.5 1 414.317 329.665 19.5 
10 10 0 1 -8.99637 -3.5253 19.5 
10 10 6.5 1 -9.38277 281.646 19.5 
0 10 0 1 156.358 99.9481 19.5 
0 10 6.5 1 151.694 243.277 19.5 
0 5 10 1 248.485 330.222 19.5 
10 5 10 1 173.722 445.834 19.5 
0 6 0 1 246.485 99.7775 19.5 
0 8 0 1 196.932 103.254 19.5 
0 8 5 1 190.513 214.999 19.5 
0 6 5 1 237.176 218.557 19.5 
0 2 2.5 1 332.696 169.697 19.5 
0 4 2.5 1 287.79 164.099 19.5 
0 4 5 1 283.924 224.047 19.5 
0 2 5 1 328.65 230.443 19.5 
0.5 0.5 -0.5 1 381.167 92.0046 19.5 
0.5 0.5 6 1 360.986 255.611 19.5 
10.5 0.5 -0.5 1 432.804 -36.7337 19.5 
10.5 0.5 6 1 392.148 311.504 19.5 
10.5 10.5 -0.5 1 -46.4807 -36.8132 19.5 
10.5 10.5 6 1 -49.1717 261.539 19.5 
0.5 10.5 -0.5 1 142.647 84.3841 19.5 
0.5 10.5 6 1 133.565 234.963 19.5 
0.5 5.5 9.5 1 236.681 323.368 19.5 
10.5 5.5 9.5 1 149.909 436.159 19.5 
0.5 6.5 -0.5 1 233.166 88.1575 19.5 
0.5 8.5 -0.5 1 185.792 87.0566 19.5 
0.5 8.5 4.5 1 179.886 204.932 19.5 
0.5 6.5 4.5 1 222.692 206.754 19.5 
0.5 2.5 2 1 323.36 155.325 19.5 
0.5 4.5 2 1 275.691 149.531 19.5 
0.5 4.5 4.5 1 267.109 209.627 19.5 
0.5 2.5 4.5 1 315.894 216.209 19.5 
