0 0 0 1 -49.5387 85.4412 9.20001 
0 0 6.5 1 -17.6119 340.506 9.20001 
10 0 0 1 140.739 149.226 9.20001 
10 0 6.5 1 154.027 286.115 9.20001 
10 10 0 1 362.213 115.687 9.20001 
10 10 6.5 1 376.432 270.778 9.20001 
0 10 0 1 355.101 -4.871 9.20001 
0 10 6.5 1 384.875 323.033 9.20001 
0 5 10 1 173.281 481.42 9.20001 
10 5 10 1 266.764 359.244 9.20001 
0 6 0 1 167.639 37.8225 9.20001 
0 8 0 1 254.903 19.04 9.20001 
0 8 5 1 278.238 259.026 9.20001 
0 6 5 1 192.791 265.743 9.20001 
0 2 2.5 1 27.263 177.597 9.20001 
0 4 2.5 1 101.688 165.592 9.20001 
0 4 5 1 112.949 270.822 9.20001 
0 2 5 1 40.4797 278.755 9.20001 
0.5 0.5 -0.5 1 -21.6126 69.0771 9.20001 
0.5 0.5 6 1 7.63226 320.767 9.20001 
10.5 0.5 -0.5 1 154.486 138.093 9.20001 
10.5 0.5 6 1 169.712 274.349 9.20001 
10.5 10.5 -0.5 1 374.771 103.09 9.20001 
10.5 10.5 6 1 389.309 258.48 9.20001 
0.5 10.5 -0.5 1 378.151 -20.9842 9.20001 
0.5 10.5 6 1 404.088 294.376 9.20001 
0.5 5.5 9.5 1 200.87 447.956 9.20001 
10.5 5.5 9.5 1 280.871 344.814 9.20001 
0.5 6.5 -0.5 1 194.827 19.3322 9.20001 
0.5 8.5 -0.5 1 282.603 0.79625 9.20001 
0.5 8.5 4.5 1 306.088 233.745 9.20001 
0.5 6.5 4.5 1 218.002 239.344 9.20001 
0.5 2.5 2 1 58.0074 156.213 9.20001 
0.5 4.5 2 1 126.575 144.578 9.20001 
0.5 4.5 4.5 1 138.397 248.317 9.20001 
0.5 2.5 4.5 1 65.3507 254.02 9.20001 
