0 0 0 1 320.14 95.8341 11.9334 
0 0 6.5 1 299.084 395.814 11.9334 
10 0 0 1 148.528 178.499 11.9334 
10 0 6.5 1 127.002 340.447 11.9334 
10 10 0 1 329.738 222.633 11.9334 
10 10 6.5 1 318.651 349.087 11.9334 
0 10 0 1 529.846 187.658 11.9334 
0 10 6.5 1 530.992 383.844 11.9334 
0 5 10 1 434.781 526.674 11.9334 
10 5 10 1 230.399 429.882 11.9334 
0 6 0 1 466.48 161.088 11.9334 
0 8 0 1 503.613 178.863 11.9334 
0 8 5 1 497.808 336.143 11.9334 
0 6 5 1 460.243 332.554 11.9334 
0 2 2.5 1 371.841 221.283 11.9334 
0 4 2.5 1 424.682 234.992 11.9334 
0 4 5 1 419.172 327.312 11.9334 
0 2 5 1 365.873 327.425 11.9334 
0.5 0.5 -0.5 1 321.483 90.0169 11.9334 
0.5 0.5 6 1 300.494 365.981 11.9334 
10.5 0.5 -0.5 1 154.497 169.635 11.9334 
10.5 0.5 6 1 137.32 329.589 11.9334 
10.5 10.5 -0.5 1 327.863 212.252 11.9334 
10.5 10.5 6 1 322.212 338.49 11.9334 
0.5 10.5 -0.5 1 524.754 183.663 11.9334 
0.5 10.5 6 1 521.412 368.108 11.9334 
0.5 5.5 9.5 1 432.934 495.428 11.9334 
10.5 5.5 9.5 1 233.689 411.381 11.9334 
0.5 6.5 -0.5 1 462.687 151.667 11.9334 
0.5 8.5 -0.5 1 495.412 169.814 11.9334 
0.5 8.5 4.5 1 494.523 321.397 11.9334 
0.5 6.5 4.5 1 454.672 316.353 11.9334 
0.5 2.5 2 1 370.01 210.899 11.9334 
0.5 4.5 2 1 418.377 222.905 11.9334 
0.5 4.5 4.5 1 418.62 311.56 11.9334 
0.5 2.5 4.5 1 368.819 304.94 11.9334 
