0 0 0 1 317.788 63.6994 2.06667 
0 0 6.5 1 318.423 195.027 2.06667 
10 0 0 1 540.79 -6.21395 2.06667 
10 0 6.5 1 525.738 198.484 2.06667 
10 10 0 1 311.554 -105.726 2.06667 
10 10 6.5 1 323.144 229.29 2.06667 
0 10 0 1 117.85 29.5657 2.06667 
0 10 6.5 1 133.475 209.726 2.06667 
0 5 10 1 245.873 277.759 2.06667 
10 5 10 1 446.723 325.591 2.06667 
0 6 0 1 210.888 44.9256 2.06667 
0 8 0 1 168.832 38.8331 2.06667 
0 8 5 1 176.6 169.391 2.06667 
0 6 5 1 220.874 171.419 2.06667 
0 2 2.5 1 286.56 115.646 2.06667 
0 4 2.5 1 253.405 113.376 2.06667 
0 4 5 1 255.535 167.985 2.06667 
0 2 5 1 286.473 168.058 2.06667 
0.5 0.5 -0.5 1 314.257 47.2757 2.06667 
0.5 0.5 6 1 319.125 186.657 2.06667 
10.5 0.5 -0.5 1 546.875 -35.6045 2.06667 
10.5 0.5 6 1 539.155 183.808 2.06667 
10.5 10.5 -0.5 1 314.298 -162.578 2.06667 
10.5 10.5 6 1 321.438 210.703 2.06667 
0.5 10.5 -0.5 1 109.423 12.7902 2.06667 
0.5 10.5 6 1 128.106 200.75 2.06667 
0.5 5.5 9.5 1 239.607 271.082 2.06667 
10.5 5.5 9.5 1 453.527 319.022 2.06667 
0.5 6.5 -0.5 1 205.69 30.3061 2.06667 
0.5 8.5 -0.5 1 160.377 18.8331 2.06667 
0.5 8.5 4.5 1 170.819 156.774 2.06667 
0.5 6.5 4.5 1 215.749 155.553 2.06667 
0.5 2.5 2 1 284.84 101.001 2.06667 
0.5 4.5 2 1 248.457 97.2218 2.06667 
0.5 4.5 4.5 1 254.465 159.039 2.06667 
0.5 2.5 4.5 1 286.485 156.325 2.06667 
