0 0 0 1 308.316 61.6876 2.2 
0 0 6.5 1 308.684 192.266 2.2 
10 0 0 1 526.067 -7.39809 2.2 
10 0 6.5 1 518.438 189.019 2.2 
10 10 0 1 324.126 -114.739 2.2 
10 10 6.5 1 337.39 213.165 2.2 
0 10 0 1 114.86 30.2494 2.2 
0 10 6.5 1 134.595 209.755 2.2 
0 5 10 1 240.141 276.177 2.2 
10 5 10 1 445.102 318.529 2.2 
0 6 0 1 210.495 45.9657 2.2 
0 8 0 1 166.945 36.2756 2.2 
0 8 5 1 177.113 170.815 2.2 
0 6 5 1 215.564 168.802 2.2 
0 2 2.5 1 280.397 109.954 2.2 
0 4 2.5 1 247.897 110.027 2.2 
0 4 5 1 251.507 166.455 2.2 
0 2 5 1 284.661 162.983 2.2 
0.5 0.5 -0.5 1 309.233 47.5449 2.2 
0.5 0.5 6 1 312.067 184.681 2.2 
10.5 0.5 -0.5 1 536.745 -32.1336 2.2 
10.5 0.5 6 1 531.402 177.165 2.2 
10.5 10.5 -0.5 1 328.133 -170.367 2.2 
10.5 10.5 6 1 340.091 194.572 2.2 
0.5 10.5 -0.5 1 106.447 7.05847 2.2 
0.5 10.5 6 1 125.033 199.973 2.2 
0.5 5.5 9.5 1 234.983 267.674 2.2 
10.5 5.5 9.5 1 458.306 308.113 2.2 
0.5 6.5 -0.5 1 205.738 28.4291 2.2 
0.5 8.5 -0.5 1 158.017 17.9696 2.2 
0.5 8.5 4.5 1 172.393 156.948 2.2 
0.5 6.5 4.5 1 213.36 155.561 2.2 
0.5 2.5 2 1 280.293 99.8392 2.2 
0.5 4.5 2 1 246.59 97.9058 2.2 
0.5 4.5 4.5 1 247.519 151.241 2.2 
0.5 2.5 4.5 1 281.879 157.341 2.2 
