0 0 0 1 -13.2811 125.557 9.63335 
0 0 6.5 1 7.2938 402.475 9.63335 
10 0 0 1 140.608 194.931 9.63335 
10 0 6.5 1 152.631 337.372 9.63335 
10 10 0 1 362.5 166.853 9.63335 
10 10 6.5 1 380.595 319.767 9.63335 
0 10 0 1 421.167 61.9866 9.63335 
0 10 6.5 1 454.669 371.227 9.63335 
0 5 10 1 231.511 550.548 9.63335 
10 5 10 1 272.023 409.344 9.63335 
0 6 0 1 237.236 89.8756 9.63335 
0 8 0 1 326.094 79.2381 9.63335 
0 8 5 1 349.202 308.917 9.63335 
0 6 5 1 253.968 314.257 9.63335 
0 2 2.5 1 69.9634 222.853 9.63335 
0 4 2.5 1 156.779 212.671 9.63335 
0 4 5 1 170.589 320.569 9.63335 
0 2 5 1 83.5415 333.106 9.63335 
0.5 0.5 -0.5 1 19.6969 107.565 9.63335 
0.5 0.5 6 1 37.6622 373.15 9.63335 
10.5 0.5 -0.5 1 154.07 184.008 9.63335 
10.5 0.5 6 1 167.366 324.829 9.63335 
10.5 10.5 -0.5 1 373.983 156.956 9.63335 
10.5 10.5 6 1 389.36 304.431 9.63335 
0.5 10.5 -0.5 1 435.435 47.5287 9.63335 
0.5 10.5 6 1 468.525 339.229 9.63335 
0.5 5.5 9.5 1 255.55 517.017 9.63335 
10.5 5.5 9.5 1 285.218 394.1 9.63335 
0.5 6.5 -0.5 1 253.128 72.9129 9.63335 
0.5 8.5 -0.5 1 344.346 61.0399 9.63335 
0.5 8.5 4.5 1 365.845 281.719 9.63335 
0.5 6.5 4.5 1 278.407 289.633 9.63335 
0.5 2.5 2 1 101.659 200.989 9.63335 
0.5 4.5 2 1 182.171 190.518 9.63335 
0.5 4.5 4.5 1 190.861 295.612 9.63335 
0.5 2.5 4.5 1 112.421 304.062 9.63335 
