0 0 0 1 -56.7941 74.9462 9.13334 
0 0 6.5 1 -25.3674 329.432 9.13334 
10 0 0 1 144.012 137.895 9.13334 
10 0 6.5 1 156.205 280.79 9.13334 
10 10 0 1 362.767 102.059 9.13334 
10 10 6.5 1 374.401 264.382 9.13334 
0 10 0 1 343.257 -16.676 9.13334 
0 10 6.5 1 371.18 309.081 9.13334 
0 5 10 1 164.068 465.929 9.13334 
10 5 10 1 264.408 348.968 9.13334 
0 6 0 1 158.251 25.6196 9.13334 
0 8 0 1 243.849 6.47895 9.13334 
0 8 5 1 267.538 247.733 9.13334 
0 6 5 1 181.004 253.009 9.13334 
0 2 2.5 1 19.787 163.183 9.13334 
0 4 2.5 1 92.769 152.238 9.13334 
0 4 5 1 104.029 258.978 9.13334 
0 2 5 1 35.2729 266.565 9.13334 
0.5 0.5 -0.5 1 -25.8824 57.8621 9.13334 
0.5 0.5 6 1 4.46411 305.325 9.13334 
10.5 0.5 -0.5 1 154.347 129.072 9.13334 
10.5 0.5 6 1 170.255 266.833 9.13334 
10.5 10.5 -0.5 1 376.035 89.122 9.13334 
10.5 10.5 6 1 386.595 250.813 9.13334 
0.5 10.5 -0.5 1 368.593 -38.1593 9.13334 
0.5 10.5 6 1 392.208 279.841 9.13334 
0.5 5.5 9.5 1 190.32 437.818 9.13334 
10.5 5.5 9.5 1 276.683 335.25 9.13334 
0.5 6.5 -0.5 1 183.751 4.744 9.13334 
0.5 8.5 -0.5 1 270.123 -16.5517 9.13334 
0.5 8.5 4.5 1 295.532 219.702 9.13334 
0.5 6.5 4.5 1 207.72 228.389 9.13334 
0.5 2.5 2 1 48.395 144.271 9.13334 
0.5 4.5 2 1 121.05 131.739 9.13334 
0.5 4.5 4.5 1 131.244 235.574 9.13334 
0.5 2.5 4.5 1 61.0002 239.324 9.13334 
