0 0 0 1 -72.6378 -21.4867 8.5 
0 0 6.5 1 -38.7244 214.917 8.5 
10 0 0 1 151.675 56.9897 8.5 
10 0 6.5 1 166.009 196.076 8.5 
10 10 0 1 369.354 8.62057 8.5 
10 10 6.5 1 374.212 186.003 8.5 
0 10 0 1 240.013 -157.811 8.5 
0 10 6.5 1 260.558 203.933 8.5 
0 5 10 1 100.078 344.474 8.5 
10 5 10 1 261.307 272.091 8.5 
0 6 0 1 79.971 -85.1346 8.5 
0 8 0 1 154.012 -119.537 8.5 
0 8 5 1 174.462 137.942 8.5 
0 6 5 1 102.729 145.114 8.5 
0 2 2.5 1 -13.9022 62.9438 8.5 
0 4 2.5 1 32.077 50.4906 8.5 
0 4 5 1 46.4762 153.424 8.5 
0 2 5 1 -4.31307 158.056 8.5 
0.5 0.5 -0.5 1 -49.9339 -35.2609 8.5 
0.5 0.5 6 1 -11.5806 195.968 8.5 
10.5 0.5 -0.5 1 168.547 42.6125 8.5 
10.5 0.5 6 1 178.881 183.541 8.5 
10.5 10.5 -0.5 1 383.179 -4.30615 8.5 
10.5 10.5 6 1 386.767 170.092 8.5 
0.5 10.5 -0.5 1 275.418 -180.763 8.5 
0.5 10.5 6 1 292.961 179.872 8.5 
0.5 5.5 9.5 1 123.944 324.137 8.5 
10.5 5.5 9.5 1 276.276 257.007 8.5 
0.5 6.5 -0.5 1 112.624 -110.75 8.5 
0.5 8.5 -0.5 1 187.592 -140.534 8.5 
0.5 8.5 4.5 1 204.429 114.197 8.5 
0.5 6.5 4.5 1 133.4 126.285 8.5 
0.5 2.5 2 1 7.3826 45.5417 8.5 
0.5 4.5 2 1 62.3432 28.224 8.5 
0.5 4.5 4.5 1 74.0868 130.06 8.5 
0.5 2.5 4.5 1 23.4439 141.51 8.5 
