0 0 0 1 298.927 67.4856 2.33333 
0 0 6.5 1 306.617 196.782 2.33333 
10 0 0 1 515.002 2.25346 2.33333 
10 0 6.5 1 514.598 187.178 2.33333 
10 10 0 1 337.39 -112.939 2.33333 
10 10 6.5 1 351.722 209.188 2.33333 
0 10 0 1 112.258 34.8623 2.33333 
0 10 6.5 1 133.791 213.491 2.33333 
0 5 10 1 237.849 279.179 2.33333 
10 5 10 1 452.648 309.286 2.33333 
0 6 0 1 204.162 49.1855 2.33333 
0 8 0 1 159.313 41.1369 2.33333 
0 8 5 1 173.964 169.101 2.33333 
0 6 5 1 213.614 170.343 2.33333 
0 2 2.5 1 274.021 113.482 2.33333 
0 4 2.5 1 244.428 116.145 2.33333 
0 4 5 1 249.18 167.515 2.33333 
0 2 5 1 279.186 170.924 2.33333 
0.5 0.5 -0.5 1 301.309 51.8642 2.33333 
0.5 0.5 6 1 307.353 185.777 2.33333 
10.5 0.5 -0.5 1 527.358 -25.7247 2.33333 
10.5 0.5 6 1 523.723 171.991 2.33333 
10.5 10.5 -0.5 1 342.732 -167.731 2.33333 
10.5 10.5 6 1 354.795 184.88 2.33333 
0.5 10.5 -0.5 1 105.103 11.4826 2.33333 
0.5 10.5 6 1 125.604 198.374 2.33333 
0.5 5.5 9.5 1 237.441 272.383 2.33333 
10.5 5.5 9.5 1 459.751 301.606 2.33333 
0.5 6.5 -0.5 1 199.371 33.5748 2.33333 
0.5 8.5 -0.5 1 156.148 22.6837 2.33333 
0.5 8.5 4.5 1 168.929 156.342 2.33333 
0.5 6.5 4.5 1 209.99 156.8 2.33333 
0.5 2.5 2 1 273.222 103.774 2.33333 
0.5 4.5 2 1 239.85 99.3268 2.33333 
0.5 4.5 4.5 1 245.643 159.379 2.33333 
0.5 2.5 4.5 1 277.434 157.065 2.33333 
