0 0 0 1 274.405 138.261 11.6334 
0 0 6.5 1 257.278 452.442 11.6334 
10 0 0 1 139.506 220.164 11.6334 
10 0 6.5 1 124.276 387.354 11.6334 
10 10 0 1 338.184 251.571 11.6334 
10 10 6.5 1 330.368 384.495 11.6334 
0 10 0 1 533.891 215.627 11.6334 
0 10 6.5 1 544.444 423.734 11.6334 
0 5 10 1 431.615 595.094 11.6334 
10 5 10 1 235.687 469.458 11.6334 
0 6 0 1 458.771 192.444 11.6334 
0 8 0 1 496.314 204.575 11.6334 
0 8 5 1 501.927 373.015 11.6334 
0 6 5 1 460.675 373.941 11.6334 
0 2 2.5 1 341.562 262.996 11.6334 
0 4 2.5 1 403.946 271.281 11.6334 
0 4 5 1 401.446 374.178 11.6334 
0 2 5 1 341.542 372.775 11.6334 
0.5 0.5 -0.5 1 280.233 130.871 11.6334 
0.5 0.5 6 1 268.8 421.358 11.6334 
10.5 0.5 -0.5 1 149.655 208.285 11.6334 
10.5 0.5 6 1 139.472 369.822 11.6334 
10.5 10.5 -0.5 1 339.2 245.965 11.6334 
10.5 10.5 6 1 332.051 374.452 11.6334 
0.5 10.5 -0.5 1 527.83 207.061 11.6334 
0.5 10.5 6 1 539.222 404.813 11.6334 
0.5 5.5 9.5 1 428.728 555.298 11.6334 
10.5 5.5 9.5 1 242.316 453.228 11.6334 
0.5 6.5 -0.5 1 450.892 182.884 11.6334 
0.5 8.5 -0.5 1 494.527 195.489 11.6334 
0.5 8.5 4.5 1 496.951 355.648 11.6334 
0.5 6.5 4.5 1 454.754 353.191 11.6334 
0.5 2.5 2 1 343.012 249.454 11.6334 
0.5 4.5 2 1 399.467 257.685 11.6334 
0.5 4.5 4.5 1 403.928 351.925 11.6334 
0.5 2.5 4.5 1 340.999 350.981 11.6334 
