0 0 0 1 376.863 201.207 18.0334 
0 0 6.5 1 369.44 366.438 18.0334 
10 0 0 1 215.397 90.4093 18.0334 
10 0 6.5 1 187.293 383.478 18.0334 
10 10 0 1 -4.10698 155.152 18.0334 
10 10 6.5 1 -32.3143 343.036 18.0334 
0 10 0 1 190.894 219.517 18.0334 
0 10 6.5 1 178.758 344.483 18.0334 
0 5 10 1 256.032 439.048 18.0334 
10 5 10 1 34.7086 499.098 18.0334 
0 6 0 1 254.321 212.942 18.0334 
0 8 0 1 223.019 214.765 18.0334 
0 8 5 1 211.106 315.485 18.0334 
0 6 5 1 244.625 318.541 18.0334 
0 2 2.5 1 328.58 265.193 18.0334 
0 4 2.5 1 286.126 262.79 18.0334 
0 4 5 1 283.929 320.715 18.0334 
0 2 5 1 323.18 324.409 18.0334 
0.5 0.5 -0.5 1 357.585 190.062 18.0334 
0.5 0.5 6 1 351.871 352.302 18.0334 
10.5 0.5 -0.5 1 183.539 63.2932 18.0334 
10.5 0.5 6 1 157.87 361.295 18.0334 
10.5 10.5 -0.5 1 -24.2384 141.167 18.0334 
10.5 10.5 6 1 -53.759 328.317 18.0334 
0.5 10.5 -0.5 1 176.298 209.679 18.0334 
0.5 10.5 6 1 164.542 334.231 18.0334 
0.5 5.5 9.5 1 240.712 422.766 18.0334 
10.5 5.5 9.5 1 7.98496 480.848 18.0334 
0.5 6.5 -0.5 1 239.222 199.295 18.0334 
0.5 8.5 -0.5 1 211.27 206.548 18.0334 
0.5 8.5 4.5 1 197.652 304.18 18.0334 
0.5 6.5 4.5 1 230.189 306.724 18.0334 
0.5 2.5 2 1 310.536 248.156 18.0334 
0.5 4.5 2 1 267.295 249.068 18.0334 
0.5 4.5 4.5 1 266.889 308.598 18.0334 
0.5 2.5 4.5 1 309.417 309.62 18.0334 
