0 0 0 1 372.641 220.513 17.1001 
0 0 6.5 1 388.21 395.186 17.1001 
10 0 0 1 127.967 161.179 17.1001 
10 0 6.5 1 116.566 426.554 17.1001 
10 10 0 1 33.3859 236.832 17.1001 
10 10 6.5 1 24.5867 396.328 17.1001 
0 10 0 1 229.264 260.343 17.1001 
0 10 6.5 1 232.064 380.403 17.1001 
0 5 10 1 293.569 470.433 17.1001 
10 5 10 1 49.0361 529.852 17.1001 
0 6 0 1 275.565 246.17 17.1001 
0 8 0 1 247.615 254.698 17.1001 
0 8 5 1 252.247 352.001 17.1001 
0 6 5 1 278.499 352.09 17.1001 
0 2 2.5 1 339.821 288.158 17.1001 
0 4 2.5 1 304.019 292.179 17.1001 
0 4 5 1 304.021 353.643 17.1001 
0 2 5 1 342.118 352.964 17.1001 
0.5 0.5 -0.5 1 352.532 209.252 17.1001 
0.5 0.5 6 1 363.439 378.546 17.1001 
10.5 0.5 -0.5 1 98.2058 146.863 17.1001 
10.5 0.5 6 1 90.3673 404.205 17.1001 
10.5 10.5 -0.5 1 19.9997 226.728 17.1001 
10.5 10.5 6 1 4.46328 385.012 17.1001 
0.5 10.5 -0.5 1 219.435 255.504 17.1001 
0.5 10.5 6 1 214.588 373.214 17.1001 
0.5 5.5 9.5 1 280.227 456.909 17.1001 
10.5 5.5 9.5 1 29.1338 511.201 17.1001 
0.5 6.5 -0.5 1 260.574 237.279 17.1001 
0.5 8.5 -0.5 1 237.266 248.356 17.1001 
0.5 8.5 4.5 1 238.266 341.278 17.1001 
0.5 6.5 4.5 1 263.37 344.362 17.1001 
0.5 2.5 2 1 321.772 279.692 17.1001 
0.5 4.5 2 1 289.089 284.639 17.1001 
0.5 4.5 4.5 1 291.161 343.085 17.1001 
0.5 2.5 4.5 1 322.359 338.075 17.1001 
