0 0 0 1 384.978 119.334 0.2 
0 0 6.5 1 368.478 268.693 0.2 
10 0 0 1 537.297 7.68507 0.2 
10 0 6.5 1 500.126 301.82 0.2 
10 10 0 1 75.8377 -53.4418 0.2 
10 10 6.5 1 52.0987 256.687 0.2 
0 10 0 1 152.224 90.3103 0.2 
0 10 6.5 1 141.687 247.862 0.2 
0 5 10 1 245.955 336.286 0.2 
10 5 10 1 265.776 435.792 0.2 
0 6 0 1 248.769 105.215 0.2 
0 8 0 1 202.808 99.4898 0.2 
0 8 5 1 190.241 213.34 0.2 
0 6 5 1 235.596 219.774 0.2 
0 2 2.5 1 331.541 172.096 0.2 
0 4 2.5 1 285.263 167.528 0.2 
0 4 5 1 281.702 221.334 0.2 
0 2 5 1 324.21 228.454 0.2 
0.5 0.5 -0.5 1 376.979 101.045 0.2 
0.5 0.5 6 1 361.07 258.851 0.2 
10.5 0.5 -0.5 1 531.733 -31.5762 0.2 
10.5 0.5 6 1 495.04 277.082 0.2 
10.5 10.5 -0.5 1 44.5964 -99.747 0.2 
10.5 10.5 6 1 15.0582 234.629 0.2 
0.5 10.5 -0.5 1 136.874 79.8215 0.2 
0.5 10.5 6 1 127.06 232.558 0.2 
0.5 5.5 9.5 1 239.529 325.727 0.2 
10.5 5.5 9.5 1 248.425 420.764 0.2 
0.5 6.5 -0.5 1 235.729 87.4187 0.2 
0.5 8.5 -0.5 1 190.452 82.9357 0.2 
0.5 8.5 4.5 1 179.88 203.096 0.2 
0.5 6.5 4.5 1 225.631 210.195 0.2 
0.5 2.5 2 1 325.291 156.521 0.2 
0.5 4.5 2 1 278.869 153.172 0.2 
0.5 4.5 4.5 1 272.201 214.913 0.2 
0.5 2.5 4.5 1 320.761 214.463 0.2 
