0 0 0 1 375.253 240.755 17.3667 
0 0 6.5 1 382.8 413.327 17.3667 
10 0 0 1 142.869 173.989 17.3667 
10 0 6.5 1 126.18 455.942 17.3667 
10 10 0 1 15.3896 238.83 17.3667 
10 10 6.5 1 -1.01403 410.074 17.3667 
0 10 0 1 215.933 268.116 17.3667 
0 10 6.5 1 212.998 393.212 17.3667 
0 5 10 1 281.363 488.965 17.3667 
10 5 10 1 33.0299 561.025 17.3667 
0 6 0 1 268.397 258.911 17.3667 
0 8 0 1 239.628 264.78 17.3667 
0 8 5 1 237.551 366.676 17.3667 
0 6 5 1 266.831 365.893 17.3667 
0 2 2.5 1 332.942 306.514 17.3667 
0 4 2.5 1 299.86 310.436 17.3667 
0 4 5 1 297.12 368.311 17.3667 
0 2 5 1 337.112 372.386 17.3667 
0.5 0.5 -0.5 1 357.077 227.671 17.3667 
0.5 0.5 6 1 358.889 401.927 17.3667 
10.5 0.5 -0.5 1 118.802 155.087 17.3667 
10.5 0.5 6 1 95.8707 432.497 17.3667 
10.5 10.5 -0.5 1 6.04766 229.32 17.3667 
10.5 10.5 6 1 -16.8275 394.434 17.3667 
0.5 10.5 -0.5 1 203.154 263.67 17.3667 
0.5 10.5 6 1 198.867 385.051 17.3667 
0.5 5.5 9.5 1 267.191 476.384 17.3667 
10.5 5.5 9.5 1 11.7734 542.074 17.3667 
0.5 6.5 -0.5 1 248.12 255.19 17.3667 
0.5 8.5 -0.5 1 227.034 255.029 17.3667 
0.5 8.5 4.5 1 222.085 354.617 17.3667 
0.5 6.5 4.5 1 249.314 356.688 17.3667 
0.5 2.5 2 1 315.691 293.847 17.3667 
0.5 4.5 2 1 279.454 297.119 17.3667 
0.5 4.5 4.5 1 282.101 357.633 17.3667 
0.5 2.5 4.5 1 317.127 355.951 17.3667 
