0 0 0 1 195.594 238.353 4.53333 
0 0 6.5 1 194.751 355.525 4.53333 
10 0 0 1 371.903 228.257 4.53333 
10 0 6.5 1 381.672 355.83 4.53333 
10 10 0 1 406.249 153.847 4.53333 
10 10 6.5 1 421.641 360 4.53333 
0 10 0 1 116.3 178.495 4.53333 
0 10 6.5 1 110.092 366.261 4.53333 
0 5 10 1 162.308 444.204 4.53333 
10 5 10 1 404.16 445.48 4.53333 
0 6 0 1 154.071 209.496 4.53333 
0 8 0 1 138.942 197.948 4.53333 
0 8 5 1 137.445 322.986 4.53333 
0 6 5 1 155.135 324.768 4.53333 
0 2 2.5 1 184.394 280.101 4.53333 
0 4 2.5 1 170.677 272.533 4.53333 
0 4 5 1 168.385 325.108 4.53333 
0 2 5 1 181.777 324.772 4.53333 
0.5 0.5 -0.5 1 198.892 231.33 4.53333 
0.5 0.5 6 1 197.71 346.849 4.53333 
10.5 0.5 -0.5 1 383.761 220.994 4.53333 
10.5 0.5 6 1 393.871 342.429 4.53333 
10.5 10.5 -0.5 1 423.627 138.75 4.53333 
10.5 10.5 6 1 441.583 343.3 4.53333 
0.5 10.5 -0.5 1 123.242 159.495 4.53333 
0.5 10.5 6 1 116.469 348.25 4.53333 
0.5 5.5 9.5 1 165.513 435.145 4.53333 
10.5 5.5 9.5 1 418.608 435.539 4.53333 
0.5 6.5 -0.5 1 164.489 193.653 4.53333 
0.5 8.5 -0.5 1 148.357 177.146 4.53333 
0.5 8.5 4.5 1 140.017 304.583 4.53333 
0.5 6.5 4.5 1 159.602 310.111 4.53333 
0.5 2.5 2 1 192.244 269.222 4.53333 
0.5 4.5 2 1 178.763 260.412 4.53333 
0.5 4.5 4.5 1 177.843 311.554 4.53333 
0.5 2.5 4.5 1 189.807 314.73 4.53333 
