0 0 0 1 -65.2536 47.6049 9.00001 
0 0 6.5 1 -29.8529 298.312 9.00001 
10 0 0 1 141.06 117.673 9.00001 
10 0 6.5 1 158.521 255.514 9.00001 
10 10 0 1 365.008 79.423 9.00001 
10 10 6.5 1 372.635 242.747 9.00001 
0 10 0 1 320.234 -54.2924 9.00001 
0 10 6.5 1 342.606 280.686 9.00001 
0 5 10 1 147.854 434.264 9.00001 
10 5 10 1 266.686 328.875 9.00001 
0 6 0 1 138.133 -5.91069 9.00001 
0 8 0 1 221.355 -28.1695 9.00001 
0 8 5 1 244.405 215.818 9.00001 
0 6 5 1 161.683 223.526 9.00001 
0 2 2.5 1 10.337 136.617 9.00001 
0 4 2.5 1 77.2523 125.639 9.00001 
0 4 5 1 88.5126 233.847 9.00001 
0 2 5 1 22.2135 237.925 9.00001 
0.5 0.5 -0.5 1 -33.4816 35.1226 9.00001 
0.5 0.5 6 1 -1.05516 277.488 9.00001 
10.5 0.5 -0.5 1 156.14 106.991 9.00001 
10.5 0.5 6 1 170.77 245.533 9.00001 
10.5 10.5 -0.5 1 374.76 68.6334 9.00001 
10.5 10.5 6 1 388.719 230.816 9.00001 
0.5 10.5 -0.5 1 348.141 -72.1801 9.00001 
0.5 10.5 6 1 368.788 252.847 9.00001 
0.5 5.5 9.5 1 175.019 406.41 9.00001 
10.5 5.5 9.5 1 276.895 313.376 9.00001 
0.5 6.5 -0.5 1 167.288 -25.2167 9.00001 
0.5 8.5 -0.5 1 251.506 -49.2494 9.00001 
0.5 8.5 4.5 1 274.043 191.669 9.00001 
0.5 6.5 4.5 1 187.793 199.699 9.00001 
0.5 2.5 2 1 38.1288 120.759 9.00001 
0.5 4.5 2 1 105.242 106.221 9.00001 
0.5 4.5 4.5 1 115.653 209.216 9.00001 
0.5 2.5 4.5 1 47.7997 214.517 9.00001 
