0 0 0 1 257.186 196.564 3.3 
0 0 6.5 1 271.03 310.625 3.3 
10 0 0 1 448.333 155 3.3 
10 0 6.5 1 465.63 302.981 3.3 
10 10 0 1 390.025 94.4042 3.3 
10 10 6.5 1 418.52 345.82 3.3 
0 10 0 1 123.896 167.612 3.3 
0 10 6.5 1 135.462 345.745 3.3 
0 5 10 1 222.394 402.25 3.3 
10 5 10 1 459.12 416.084 3.3 
0 6 0 1 189.633 181.007 3.3 
0 8 0 1 159.716 179.243 3.3 
0 8 5 1 170.475 297.599 3.3 
0 6 5 1 200.418 291.192 3.3 
0 2 2.5 1 242.78 237.245 3.3 
0 4 2.5 1 223.256 236.481 3.3 
0 4 5 1 228.112 287.177 3.3 
0 2 5 1 245.411 285.459 3.3 
0.5 0.5 -0.5 1 259.113 181.763 3.3 
0.5 0.5 6 1 270.819 300.459 3.3 
10.5 0.5 -0.5 1 456.202 138.862 3.3 
10.5 0.5 6 1 476.377 290.652 3.3 
10.5 10.5 -0.5 1 403.942 60.626 3.3 
10.5 10.5 6 1 433.818 323.65 3.3 
0.5 10.5 -0.5 1 121.254 150.923 3.3 
0.5 10.5 6 1 135.137 331.638 3.3 
0.5 5.5 9.5 1 224.586 390.144 3.3 
10.5 5.5 9.5 1 471.003 407.35 3.3 
0.5 6.5 -0.5 1 190.444 165.468 3.3 
0.5 8.5 -0.5 1 157.908 159.193 3.3 
0.5 8.5 4.5 1 169.129 285.032 3.3 
0.5 6.5 4.5 1 200.081 280.997 3.3 
0.5 2.5 2 1 240.718 226.98 3.3 
0.5 4.5 2 1 223.077 225.147 3.3 
0.5 4.5 4.5 1 228.048 274.969 3.3 
0.5 2.5 4.5 1 252.693 277.463 3.3 
