0 0 0 1 251.503 213.467 3.46666 
0 0 6.5 1 260.565 329.464 3.46666 
10 0 0 1 438.315 177.349 3.46666 
10 0 6.5 1 457.18 319.32 3.46666 
10 10 0 1 399.178 122.43 3.46666 
10 10 6.5 1 426.967 365.158 3.46666 
0 10 0 1 121.422 188.85 3.46666 
0 10 6.5 1 136.239 364.61 3.46666 
0 5 10 1 219.033 423.638 3.46666 
10 5 10 1 455.669 436.284 3.46666 
0 6 0 1 188.86 202.327 3.46666 
0 8 0 1 157.463 195.732 3.46666 
0 8 5 1 170.787 316.92 3.46666 
0 6 5 1 196.44 313.159 3.46666 
0 2 2.5 1 240.442 257.85 3.46666 
0 4 2.5 1 216.85 256.226 3.46666 
0 4 5 1 219.829 311.116 3.46666 
0 2 5 1 242.066 303.903 3.46666 
0.5 0.5 -0.5 1 254.835 201.41 3.46666 
0.5 0.5 6 1 262.382 322.953 3.46666 
10.5 0.5 -0.5 1 450.143 164.173 3.46666 
10.5 0.5 6 1 469.13 309.398 3.46666 
10.5 10.5 -0.5 1 410.872 91.0154 3.46666 
10.5 10.5 6 1 441.97 347.152 3.46666 
0.5 10.5 -0.5 1 123.507 169.293 3.46666 
0.5 10.5 6 1 136.164 352.269 3.46666 
0.5 5.5 9.5 1 219.986 412.892 3.46666 
10.5 5.5 9.5 1 470.83 425.748 3.46666 
0.5 6.5 -0.5 1 189.334 185.082 3.46666 
0.5 8.5 -0.5 1 157.74 180.423 3.46666 
0.5 8.5 4.5 1 167.708 303.943 3.46666 
0.5 6.5 4.5 1 195.065 300.286 3.46666 
0.5 2.5 2 1 238.75 245.228 3.46666 
0.5 4.5 2 1 220.037 243.848 3.46666 
0.5 4.5 4.5 1 226.384 298.601 3.46666 
0.5 2.5 4.5 1 244.817 294.764 3.46666 
