0.000000000 20.00000 5.00000 5.00000 0.04998 0.00000 0.00000 0.99875
0.033333335 19.99918 5.20944 5.10453 0.04993 0.00359 0.00506 0.99873
0.066666670 19.99671 5.41885 5.20791 0.04979 0.00718 0.01013 0.99868
0.100000001 19.99260 5.62822 5.30902 0.04956 0.01075 0.01519 0.99860
0.133333340 19.98684 5.83751 5.40674 0.04924 0.01431 0.02026 0.99848
0.166666672 19.97944 6.04672 5.50000 0.04883 0.01785 0.02532 0.99833
0.200000003 19.97040 6.25581 5.58779 0.04833 0.02137 0.03039 0.99814
0.233333334 19.95972 6.46476 5.66913 0.04773 0.02486 0.03547 0.99792
0.266666681 19.94739 6.67356 5.74314 0.04705 0.02831 0.04054 0.99767
0.300000012 19.93343 6.88217 5.80902 0.04628 0.03173 0.04562 0.99738
0.333333343 19.91783 7.09057 5.86603 0.04543 0.03510 0.05071 0.99706
0.366666675 19.90059 7.29874 5.91355 0.04449 0.03843 0.05579 0.99671
0.400000006 19.88172 7.50666 5.95106 0.04347 0.04170 0.06089 0.99633
0.433333337 19.86122 7.71431 5.97815 0.04237 0.04492 0.06599 0.99591
0.466666669 19.83908 7.92166 5.99452 0.04118 0.04808 0.07109 0.99546
0.500000000 19.81533 8.12869 6.00000 0.03992 0.05117 0.07620 0.99498
0.533333361 19.78994 8.33538 5.99452 0.03859 0.05419 0.08131 0.99447
0.566666722 19.76293 8.54170 5.97815 0.03718 0.05714 0.08643 0.99392
0.600000083 19.73431 8.74763 5.95106 0.03570 0.06001 0.09156 0.99335
0.633333445 19.70407 8.95315 5.91355 0.03415 0.06280 0.09669 0.99274
0.666666806 19.67221 9.15823 5.86603 0.03254 0.06551 0.10183 0.99211
0.700000167 19.63875 9.36287 5.80902 0.03086 0.06813 0.10698 0.99144
0.733333528 19.60368 9.56702 5.74314 0.02913 0.07066 0.11213 0.99075
0.766666889 19.56701 9.77067 5.66913 0.02733 0.07309 0.11729 0.99003
0.800000250 19.52875 9.97380 5.58778 0.02549 0.07542 0.12246 0.98928
0.833333611 19.48889 10.17638 5.50000 0.02359 0.07765 0.12763 0.98850
0.866666973 19.44744 10.37840 5.40674 0.02164 0.07978 0.13281 0.98769
0.900000334 19.40440 10.57982 5.30902 0.01965 0.08180 0.13799 0.98685
0.933333695 19.35979 10.78064 5.20791 0.01762 0.08371 0.14318 0.98599
0.966667056 19.31360 10.98082 5.10453 0.01555 0.08551 0.14838 0.98510
1.000000358 19.26585 11.18034 5.00000 0.01344 0.08719 0.15358 0.98419
1.033333659 19.21653 11.37919 4.89547 0.01131 0.08876 0.15879 0.98325
1.066666961 19.16565 11.57733 4.79209 0.00914 0.09021 0.16400 0.98228
1.100000262 19.11321 11.77476 4.69098 0.00695 0.09154 0.16921 0.98129
1.133333564 19.05923 11.97144 4.59326 0.00474 0.09274 0.17443 0.98028
1.166666865 19.00371 12.16736 4.50000 0.00252 0.09383 0.17966 0.97924
1.200000167 18.94665 12.36249 4.41221 0.00028 0.09479 0.18488 0.97818
1.233333468 18.88806 12.55682 4.33087 -0.00196 0.09562 0.19011 0.97709
1.266666770 18.82795 12.75031 4.25685 -0.00422 0.09632 0.19534 0.97599
1.300000072 18.76632 12.94296 4.19098 -0.00647 0.09690 0.20057 0.97485
1.333333373 18.70318 13.13473 4.13397 -0.00872 0.09735 0.20580 0.97370
1.366666675 18.63854 13.32562 4.08645 -0.01097 0.09767 0.21103 0.97253
1.399999976 18.57241 13.51559 4.04894 -0.01321 0.09786 0.21626 0.97133
1.433333278 18.50478 13.70462 4.02185 -0.01543 0.09792 0.22149 0.97011
1.466666579 18.43568 13.89270 4.00548 -0.01764 0.09785 0.22672 0.96887
1.499999881 18.36510 14.07981 4.00000 -0.01983 0.09765 0.23194 0.96761
1.533333182 18.29305 14.26592 4.00548 -0.02199 0.09733 0.23716 0.96633
1.566666484 18.21955 14.45101 4.02185 -0.02412 0.09687 0.24238 0.96503
1.599999785 18.14460 14.63507 4.04894 -0.02622 0.09629 0.24759 0.96371
1.633333087 18.06821 14.81807 4.08645 -0.02829 0.09559 0.25280 0.96237
1.666666389 17.99038 15.00000 4.13397 -0.03032 0.09476 0.25799 0.96101
1.699999690 17.91113 15.18083 4.19098 -0.03231 0.09380 0.26319 0.95963
1.733332992 17.83046 15.36054 4.25685 -0.03425 0.09272 0.26837 0.95823
1.766666293 17.74839 15.53911 4.33087 -0.03614 0.09153 0.27355 0.95681
1.799999595 17.66492 15.71653 4.41221 -0.03798 0.09021 0.27871 0.95537
1.833332896 17.58006 15.89278 4.50000 -0.03977 0.08878 0.28387 0.95392
1.866666198 17.49382 16.06783 4.59326 -0.04149 0.08723 0.28901 0.95244
1.899999499 17.40621 16.24167 4.69098 -0.04316 0.08557 0.29415 0.95094
1.933332801 17.31724 16.41427 4.79209 -0.04476 0.08380 0.29927 0.94943
1.966666102 17.22692 16.58562 4.89547 -0.04630 0.08192 0.30438 0.94789
1.999999404 17.13526 16.75570 5.00000 -0.04776 0.07994 0.30947 0.94634
2.033332825 17.04226 16.92450 5.10453 -0.04915 0.07785 0.31455 0.94476
2.066666126 16.94795 17.09198 5.20791 -0.05047 0.07567 0.31962 0.94317
2.099999428 16.85233 17.25814 5.30902 -0.05171 0.07339 0.32467 0.94156
2.133332729 16.75540 17.42295 5.40674 -0.05287 0.07102 0.32970 0.93992
2.166666031 16.65719 17.58641 5.50000 -0.05394 0.06857 0.33472 0.93827
2.199999332 16.55770 17.74848 5.58778 -0.05494 0.06602 0.33972 0.93660
2.233332634 16.45694 17.90915 5.66913 -0.05584 0.06339 0.34470 0.93490
2.266665936 16.35493 18.06841 5.74314 -0.05666 0.06069 0.34967 0.93319
2.299999237 16.25167 18.22623 5.80902 -0.05739 0.05791 0.35462 0.93145
2.333332539 16.14717 18.38261 5.86602 -0.05803 0.05506 0.35955 0.92969
2.366665840 16.04146 18.53752 5.91354 -0.05857 0.05215 0.36446 0.92791
2.399999142 15.93453 18.69094 5.95106 -0.05902 0.04917 0.36935 0.92611
2.433332443 15.82641 18.84286 5.97815 -0.05938 0.04614 0.37422 0.92429
2.466665745 15.71709 18.99326 5.99452 -0.05964 0.04305 0.37907 0.92244
2.499999046 15.60660 19.14213 6.00000 -0.05980 0.03992 0.38390 0.92057
2.533332348 15.49495 19.28945 5.99452 -0.05987 0.03674 0.38872 0.91868
2.566665649 15.38215 19.43520 5.97815 -0.05983 0.03351 0.39351 0.91676
2.599998951 15.26821 19.57937 5.95106 -0.05970 0.03026 0.39828 0.91482
2.633332253 15.15314 19.72194 5.91355 -0.05947 0.02697 0.40303 0.91285
2.666665554 15.03696 19.86289 5.86603 -0.05914 0.02366 0.40777 0.91086
2.699998856 14.91968 20.00222 5.80902 -0.05871 0.02032 0.41248 0.90885
2.733332157 14.80131 20.13990 5.74315 -0.05818 0.01697 0.41717 0.90681
2.766665459 14.68187 20.27592 5.66913 -0.05756 0.01360 0.42184 0.90474
2.799998760 14.56136 20.41026 5.58779 -0.05683 0.01023 0.42650 0.90264
2.833332062 14.43981 20.54291 5.50000 -0.05601 0.00686 0.43113 0.90052
2.866665363 14.31722 20.67386 5.40674 -0.05509 0.00348 0.43574 0.89838
2.899998665 14.19361 20.80310 5.30902 -0.05408 0.00011 0.44034 0.89620
2.933331966 14.06899 20.93059 5.20792 -0.05297 -0.00324 0.44491 0.89400
2.966665268 13.94338 21.05634 5.10453 -0.05177 -0.00658 0.44947 0.89177
2.999998569 13.81678 21.18033 5.00000 -0.05048 -0.00990 0.45401 0.88951
3.033331871 13.68922 21.30255 4.89548 -0.04910 -0.01320 0.45853 0.88722
3.066665173 13.56071 21.42298 4.79209 -0.04763 -0.01646 0.46304 0.88490
3.099998474 13.43126 21.54161 4.69099 -0.04607 -0.01970 0.46753 0.88256
3.133331776 13.30088 21.65842 4.59327 -0.04444 -0.02289 0.47200 0.88018
3.166665077 13.16959 21.77341 4.50000 -0.04271 -0.02604 0.47645 0.87778
3.199998379 13.03741 21.88655 4.41222 -0.04091 -0.02915 0.48089 0.87534
3.233331680 12.90434 21.99785 4.33087 -0.03904 -0.03220 0.48531 0.87287
3.266664982 12.77041 22.10728 4.25686 -0.03708 -0.03520 0.48972 0.87038
3.299998283 12.63563 22.21484 4.19099 -0.03506 -0.03813 0.49412 0.86785
3.333331585 12.50001 22.32050 4.13398 -0.03297 -0.04101 0.49850 0.86529
3.366664886 12.36356 22.42427 4.08646 -0.03081 -0.04382 0.50286 0.86270
3.399998188 12.22631 22.52613 4.04895 -0.02859 -0.04656 0.50722 0.86008
3.433331490 12.08827 22.62606 4.02185 -0.02631 -0.04922 0.51156 0.85743
3.466664791 11.94945 22.72407 4.00548 -0.02397 -0.05181 0.51589 0.85475
3.499998093 11.80987 22.82013 4.00000 -0.02158 -0.05431 0.52020 0.85204
3.533331394 11.66954 22.91423 4.00548 -0.01914 -0.05673 0.52451 0.84930
3.566664696 11.52847 23.00637 4.02185 -0.01666 -0.05906 0.52881 0.84652
3.599997997 11.38670 23.09654 4.04894 -0.01413 -0.06131 0.53309 0.84372
3.633331299 11.24422 23.18472 4.08645 -0.01156 -0.06346 0.53736 0.84088
3.666664600 11.10106 23.27090 4.13397 -0.00896 -0.06551 0.54163 0.83801
3.699997902 10.95723 23.35509 4.19098 -0.00633 -0.06747 0.54588 0.83512
3.733331203 10.81274 23.43726 4.25685 -0.00368 -0.06932 0.55013 0.83219
3.766664505 10.66762 23.51741 4.33086 -0.00100 -0.07107 0.55437 0.82923
3.799997807 10.52188 23.59552 4.41221 0.00170 -0.07272 0.55859 0.82625
3.833331108 10.37553 23.67160 4.49999 0.00442 -0.07426 0.56281 0.82323
3.866664410 10.22859 23.74564 4.59326 0.00714 -0.07569 0.56702 0.82019
3.899997711 10.08108 23.81761 4.69098 0.00987 -0.07700 0.57123 0.81711
3.933331013 9.93301 23.88752 4.79208 0.01260 -0.07821 0.57542 0.81401
3.966664314 9.78440 23.95536 4.89546 0.01533 -0.07931 0.57961 0.81088
3.999997616 9.63527 24.02113 4.99999 0.01806 -0.08029 0.58379 0.80772
4.033330917 9.48562 24.08480 5.10452 0.02077 -0.08115 0.58796 0.80454
4.066664219 9.33549 24.14639 5.20790 0.02347 -0.08190 0.59213 0.80133
4.099997520 9.18488 24.20587 5.30901 0.02615 -0.08253 0.59629 0.79809
4.133330822 9.03381 24.26325 5.40673 0.02881 -0.08305 0.60044 0.79483
4.166664124 8.88230 24.31851 5.49999 0.03144 -0.08345 0.60458 0.79154
4.199997425 8.73036 24.37166 5.58778 0.03404 -0.08373 0.60871 0.78823
4.233330727 8.57801 24.42268 5.66912 0.03661 -0.08389 0.61284 0.78489
4.266664028 8.42527 24.47157 5.74314 0.03913 -0.08393 0.61695 0.78153
4.299997330 8.27216 24.51833 5.80901 0.04162 -0.08386 0.62106 0.77815
4.333330631 8.11869 24.56295 5.86602 0.04405 -0.08367 0.62517 0.77474
4.366663933 7.96487 24.60542 5.91354 0.04644 -0.08337 0.62926 0.77132
4.399997234 7.81073 24.64574 5.95105 0.04877 -0.08295 0.63334 0.76787
4.433330536 7.65628 24.68391 5.97815 0.05105 -0.08242 0.63741 0.76440
4.466663837 7.50154 24.71992 5.99452 0.05326 -0.08178 0.64148 0.76091
4.499997139 7.34653 24.75376 6.00000 0.05540 -0.08102 0.64553 0.75740
4.533330441 7.19126 24.78544 5.99452 0.05748 -0.08016 0.64957 0.75388
4.566663742 7.03575 24.81495 5.97815 0.05949 -0.07918 0.65360 0.75033
4.599997044 6.88001 24.84229 5.95106 0.06142 -0.07810 0.65762 0.74677
4.633330345 6.72407 24.86745 5.91355 0.06327 -0.07692 0.66163 0.74319
4.666663647 6.56794 24.89044 5.86603 0.06504 -0.07563 0.66562 0.73959
4.699996948 6.41164 24.91124 5.80902 0.06673 -0.07425 0.66960 0.73598
4.733330250 6.25518 24.92986 5.74315 0.06833 -0.07277 0.67357 0.73235
4.766663551 6.09859 24.94629 5.66914 0.06984 -0.07119 0.67753 0.72871
4.799996853 5.94187 24.96053 5.58779 0.07125 -0.06952 0.68146 0.72505
4.833330154 5.78505 24.97259 5.50001 0.07257 -0.06776 0.68539 0.72138
4.866663456 5.62815 24.98246 5.40675 0.07380 -0.06591 0.68929 0.71769
4.899996758 5.47118 24.99013 5.30903 0.07492 -0.06398 0.69318 0.71400
4.933330059 5.31415 24.99561 5.20792 0.07594 -0.06197 0.69706 0.71029
4.966663361 5.15709 24.99890 5.10454 0.07686 -0.05988 0.70091 0.70656
4.999996662 5.00002 25.00000 5.00001 0.07768 -0.05771 0.70475 0.70283
5.033329964 4.84294 24.99890 4.89548 0.07839 -0.05548 0.70856 0.69908
5.066663265 4.68588 24.99561 4.79210 0.07898 -0.05318 0.71236 0.69532
5.099996567 4.52885 24.99013 4.69099 0.07947 -0.05081 0.71614 0.69155
5.133329868 4.37188 24.98246 4.59327 0.07985 -0.04839 0.71989 0.68777
5.166663170 4.21498 24.97259 4.50001 0.08012 -0.04591 0.72363 0.68398
5.199996471 4.05816 24.96054 4.41222 0.08027 -0.04337 0.72734 0.68018
5.233329773 3.90144 24.94629 4.33088 0.08031 -0.04079 0.73103 0.67637
5.266663074 3.74485 24.92986 4.25686 0.08024 -0.03817 0.73470 0.67255
5.299996376 3.58839 24.91124 4.19099 0.08005 -0.03550 0.73834 0.66872
5.333329678 3.43209 24.89044 4.13398 0.07975 -0.03280 0.74196 0.66488
5.366662979 3.27596 24.86746 4.08646 0.07933 -0.03006 0.74555 0.66103
5.399996281 3.12002 24.84230 4.04895 0.07880 -0.02730 0.74912 0.65717
5.433329582 2.96428 24.81496 4.02185 0.07815 -0.02451 0.75266 0.65330
5.466662884 2.80877 24.78545 4.00548 0.07739 -0.02171 0.75617 0.64942
5.499996185 2.65350 24.75377 4.00000 0.07652 -0.01888 0.75966 0.64553
5.533329487 2.49849 24.71992 4.00548 0.07554 -0.01605 0.76312 0.64163
5.566662788 2.34375 24.68392 4.02185 0.07444 -0.01321 0.76655 0.63771
5.599996090 2.18930 24.64575 4.04894 0.07323 -0.01037 0.76996 0.63379
5.633329391 2.03516 24.60543 4.08645 0.07192 -0.00753 0.77334 0.62986
5.666662693 1.88134 24.56296 4.13397 0.07050 -0.00470 0.77668 0.62591
5.699995995 1.72787 24.51834 4.19098 0.06897 -0.00187 0.78000 0.62196
5.733329296 1.57475 24.47158 4.25685 0.06733 0.00094 0.78329 0.61799
5.766662598 1.42202 24.42269 4.33086 0.06560 0.00373 0.78656 0.61401
5.799995899 1.26967 24.37167 4.41220 0.06376 0.00650 0.78979 0.61002
5.833329201 1.11773 24.31852 4.49999 0.06183 0.00924 0.79299 0.60602
5.866662502 0.96622 24.26326 4.59325 0.05980 0.01195 0.79616 0.60200
5.899995804 0.81515 24.20588 4.69097 0.05767 0.01463 0.79931 0.59797
5.933329105 0.66454 24.14640 4.79208 0.05546 0.01726 0.80242 0.59393
5.966662407 0.51441 24.08481 4.89546 0.05316 0.01986 0.80550 0.58987
5.999995708 0.36476 24.02114 4.99999 0.05077 0.02241 0.80856 0.58579
6.033329010 0.21563 23.95538 5.10452 0.04831 0.02491 0.81158 0.58171
6.066662312 0.06702 23.88754 5.20790 0.04576 0.02735 0.81458 0.57760
6.099995613 -0.08105 23.81762 5.30900 0.04314 0.02974 0.81754 0.57348
6.133328915 -0.22856 23.74565 5.40672 0.04045 0.03207 0.82048 0.56935
6.166662216 -0.37550 23.67162 5.49999 0.03768 0.03433 0.82338 0.56519
6.199995518 -0.52185 23.59554 5.58777 0.03486 0.03653 0.82626 0.56102
6.233328819 -0.66759 23.51742 5.66912 0.03197 0.03866 0.82911 0.55684
6.266662121 -0.81271 23.43727 5.74314 0.02903 0.04071 0.83192 0.55263
6.299995422 -0.95720 23.35510 5.80901 0.02603 0.04269 0.83472 0.54841
6.333328724 -1.10103 23.27092 5.86602 0.02299 0.04459 0.83748 0.54416
6.366662025 -1.24419 23.18473 5.91354 0.01990 0.04641 0.84021 0.53990
6.399995327 -1.38667 23.09655 5.95105 0.01677 0.04815 0.84292 0.53562
6.433328629 -1.52845 23.00639 5.97814 0.01360 0.04980 0.84560 0.53132
6.466661930 -1.66951 22.91425 5.99452 0.01040 0.05136 0.84825 0.52699
6.499995232 -1.80984 22.82014 6.00000 0.00718 0.05283 0.85088 0.52265
6.533328533 -1.94942 22.72409 5.99452 0.00393 0.05422 0.85348 0.51829
6.566661835 -2.08824 22.62608 5.97815 0.00066 0.05550 0.85605 0.51390
6.599995136 -2.22629 22.52615 5.95106 -0.00262 0.05670 0.85860 0.50949
6.633328438 -2.36354 22.42429 5.91355 -0.00591 0.05780 0.86112 0.50507
6.666661739 -2.49998 22.32052 5.86603 -0.00920 0.05880 0.86362 0.50062
6.699995041 -2.63560 22.21486 5.80903 -0.01249 0.05970 0.86610 0.49614
6.733328342 -2.77039 22.10730 5.74315 -0.01578 0.06050 0.86855 0.49165
6.766661644 -2.90432 21.99787 5.66914 -0.01906 0.06120 0.87097 0.48713
6.799994946 -3.03738 21.88657 5.58780 -0.02233 0.06181 0.87338 0.48259
6.833328247 -3.16957 21.77343 5.50001 -0.02558 0.06231 0.87576 0.47803
6.866661549 -3.30085 21.65844 5.40675 -0.02880 0.06271 0.87811 0.47345
6.899994850 -3.43123 21.54163 5.30903 -0.03200 0.06300 0.88045 0.46884
6.933328152 -3.56068 21.42300 5.20793 -0.03517 0.06320 0.88276 0.46422
6.966661453 -3.68920 21.30257 5.10454 -0.03829 0.06330 0.88506 0.45957
6.999994755 -3.81676 21.18036 5.00002 -0.04138 0.06329 0.88733 0.45489
7.033328056 -3.94335 21.05637 4.89549 -0.04442 0.06318 0.88958 0.45020
7.066661358 -4.06897 20.93062 4.79210 -0.04741 0.06298 0.89181 0.44549
7.099994659 -4.19359 20.80312 4.69100 -0.05035 0.06267 0.89402 0.44075
7.133327961 -4.31720 20.67389 4.59328 -0.05323 0.06227 0.89621 0.43600
7.166661263 -4.43979 20.54294 4.50001 -0.05605 0.06177 0.89838 0.43122
7.199994564 -4.56134 20.41029 4.41223 -0.05880 0.06117 0.90053 0.42643
7.233327866 -4.68185 20.27594 4.33088 -0.06147 0.06048 0.90267 0.42161
7.266661167 -4.80129 20.13992 4.25687 -0.06408 0.05970 0.90478 0.41678
7.299994469 -4.91966 20.00224 4.19099 -0.06660 0.05883 0.90688 0.41192
7.333327770 -5.03694 19.86292 4.13398 -0.06905 0.05786 0.90895 0.40705
7.366661072 -5.15312 19.72196 4.08646 -0.07141 0.05681 0.91101 0.40216
7.399994373 -5.26819 19.57940 4.04895 -0.07368 0.05568 0.91305 0.39726
7.433327675 -5.38213 19.43523 4.02186 -0.07585 0.05446 0.91507 0.39233
7.466660976 -5.49493 19.28948 4.00548 -0.07793 0.05316 0.91707 0.38740
7.499994278 -5.60658 19.14216 4.00000 -0.07992 0.05178 0.91906 0.38244
7.533327579 -5.71707 18.99329 4.00548 -0.08180 0.05032 0.92103 0.37748
7.566660881 -5.82639 18.84289 4.02185 -0.08357 0.04880 0.92297 0.37250
7.599994183 -5.93451 18.69097 4.04894 -0.08524 0.04720 0.92490 0.36750
7.633327484 -6.04144 18.53755 4.08645 -0.08680 0.04553 0.92682 0.36250
7.666660786 -6.14715 18.38264 4.13397 -0.08825 0.04380 0.92871 0.35748
7.699994087 -6.25165 18.22626 4.19097 -0.08959 0.04201 0.93059 0.35245
7.733327389 -6.35491 18.06844 4.25684 -0.09080 0.04016 0.93244 0.34741
7.766660690 -6.45692 17.90918 4.33086 -0.09190 0.03825 0.93428 0.34236
7.799993992 -6.55768 17.74851 4.41220 -0.09289 0.03629 0.93610 0.33730
7.833327293 -6.65717 17.58644 4.49998 -0.09374 0.03429 0.93790 0.33224
7.866660595 -6.75538 17.42298 4.59325 -0.09448 0.03223 0.93968 0.32716
7.899993896 -6.85231 17.25817 4.69097 -0.09509 0.03014 0.94144 0.32209
7.933327198 -6.94793 17.09201 4.79207 -0.09558 0.02801 0.94318 0.31700
7.966660500 -7.04225 16.92453 4.89545 -0.09594 0.02584 0.94490 0.31191
7.999993801 -7.13524 16.75574 4.99998 -0.09617 0.02364 0.94660 0.30682
8.033327103 -7.22690 16.58565 5.10451 -0.09628 0.02141 0.94828 0.30172
8.066660881 -7.31722 16.41430 5.20789 -0.09626 0.01916 0.94994 0.29661
8.099994659 -7.40620 16.24169 5.30900 -0.09611 0.01689 0.95158 0.29151
8.133328438 -7.49381 16.06786 5.40672 -0.09584 0.01460 0.95319 0.28640
8.166662216 -7.58005 15.89280 5.49999 -0.09543 0.01230 0.95478 0.28130
8.199995995 -7.66491 15.71656 5.58778 -0.09490 0.00999 0.95635 0.27619
8.233329773 -7.74838 15.53913 5.66912 -0.09424 0.00768 0.95790 0.27108
8.266663551 -7.83046 15.36056 5.74314 -0.09346 0.00536 0.95942 0.26597
8.299997330 -7.91112 15.18084 5.80901 -0.09255 0.00305 0.96092 0.26086
8.333331108 -7.99038 15.00001 5.86602 -0.09152 0.00074 0.96240 0.25576
8.366664886 -8.06820 14.81808 5.91354 -0.09036 -0.00155 0.96385 0.25065
8.399998665 -8.14460 14.63508 5.95106 -0.08908 -0.00383 0.96527 0.24555
8.433332443 -8.21955 14.45102 5.97815 -0.08768 -0.00610 0.96667 0.24045
8.466666222 -8.29305 14.26592 5.99452 -0.08616 -0.00834 0.96805 0.23536
8.500000000 -8.36510 14.07981 6.00000 -0.08453 -0.01056 0.96939 0.23026
8.533333778 -8.43568 13.89270 5.99452 -0.08278 -0.01275 0.97071 0.22517
8.566667557 -8.50478 13.70462 5.97815 -0.08092 -0.01491 0.97200 0.22008
8.600001335 -8.57241 13.51558 5.95105 -0.07895 -0.01703 0.97327 0.21500
8.633335114 -8.63855 13.32560 5.91354 -0.07687 -0.01911 0.97450 0.20992
8.666668892 -8.70319 13.13472 5.86602 -0.07468 -0.02115 0.97571 0.20484
8.700002670 -8.76632 12.94294 5.80901 -0.07240 -0.02314 0.97689 0.19977
8.733336449 -8.82795 12.75029 5.74314 -0.07001 -0.02508 0.97804 0.19470
8.766670227 -8.88807 12.55679 5.66912 -0.06753 -0.02698 0.97916 0.18964
8.800004005 -8.94665 12.36247 5.58777 -0.06496 -0.02881 0.98025 0.18458
8.833337784 -9.00371 12.16733 5.49999 -0.06230 -0.03059 0.98130 0.17952
8.866671562 -9.05924 11.97141 5.40672 -0.05955 -0.03231 0.98233 0.17447
8.900005341 -9.11322 11.77473 5.30900 -0.05672 -0.03396 0.98332 0.16942
8.933339119 -9.16565 11.57730 5.20789 -0.05381 -0.03554 0.98429 0.16437
8.966672897 -9.21654 11.37915 5.10451 -0.05082 -0.03706 0.98522 0.15933
9.000006676 -9.26586 11.18030 4.99998 -0.04777 -0.03850 0.98612 0.15429
9.033340454 -9.31362 10.98077 4.89545 -0.04465 -0.03987 0.98699 0.14925
9.066674232 -9.35980 10.78059 4.79206 -0.04146 -0.04117 0.98782 0.14421
9.100008011 -9.40442 10.57977 4.69096 -0.03822 -0.04238 0.98862 0.13917
9.133341789 -9.44745 10.37834 4.59324 -0.03492 -0.04352 0.98939 0.13414
9.166675568 -9.48890 10.17633 4.49998 -0.03158 -0.04457 0.99013 0.12911
9.200009346 -9.52876 9.97374 4.41219 -0.02819 -0.04554 0.99083 0.12407
9.233343124 -9.56703 9.77061 4.33085 -0.02476 -0.04642 0.99149 0.11904
9.266676903 -9.60369 9.56695 4.25683 -0.02129 -0.04722 0.99213 0.11401
9.300010681 -9.63876 9.36280 4.19096 -0.01780 -0.04792 0.99273 0.10898
9.333344460 -9.67223 9.15816 4.13396 -0.01427 -0.04854 0.99330 0.10394
9.366678238 -9.70408 8.95307 4.08644 -0.01073 -0.04907 0.99383 0.09890
9.400012016 -9.73432 8.74755 4.04893 -0.00716 -0.04951 0.99433 0.09387
9.433345795 -9.76294 8.54162 4.02184 -0.00359 -0.04986 0.99479 0.08882
9.466679573 -9.78995 8.33529 4.00547 -0.00001 -0.05011 0.99522 0.08378
9.500013351 -9.81534 8.12860 4.00000 0.00357 -0.05027 0.99562 0.07873
9.533347130 -9.83909 7.92157 4.00548 0.00715 -0.05034 0.99598 0.07368
9.566680908 -9.86123 7.71422 4.02186 0.01073 -0.05032 0.99632 0.06862
9.600014687 -9.88173 7.50657 4.04896 0.01429 -0.05020 0.99661 0.06356
9.633348465 -9.90060 7.29865 4.08647 0.01783 -0.05000 0.99688 0.05849
9.666682243 -9.91784 7.09047 4.13400 0.02135 -0.04970 0.99711 0.05342
9.700016022 -9.93344 6.88206 4.19101 0.02485 -0.04931 0.99730 0.04834
9.733349800 -9.94740 6.67345 4.25689 0.02831 -0.04883 0.99747 0.04325
9.766683578 -9.95972 6.46466 4.33091 0.03174 -0.04826 0.99760 0.03816
9.800017357 -9.97041 6.25570 4.41226 0.03512 -0.04760 0.99770 0.03306
9.833351135 -9.97945 6.04661 4.50005 0.03846 -0.04685 0.99777 0.02795
9.866684914 -9.98685 5.83740 4.59332 0.04176 -0.04602 0.99781 0.02283
9.900018692 -9.99260 5.62810 4.69104 0.04499 -0.04511 0.99781 0.01771
9.933352470 -9.99671 5.41873 4.79215 0.04817 -0.04411 0.99779 0.01257
9.966686249 -9.99918 5.20931 4.89553 0.05128 -0.04304 0.99773 0.00743
10.000020027 -10.00000 4.99987 5.00006 0.05433 -0.04188 0.99764 0.00228
10.033353806 -9.99918 4.79043 5.10459 0.05730 -0.04064 0.99752 -0.00288
10.066687584 -9.99671 4.58102 5.20798 0.06020 -0.03934 0.99738 -0.00805
10.100021362 -9.99260 4.37165 5.30908 0.06302 -0.03796 0.99720 -0.01323
10.133355141 -9.98684 4.16235 5.40680 0.06576 -0.03651 0.99700 -0.01842
10.166688919 -9.97944 3.95314 5.50006 0.06841 -0.03499 0.99676 -0.02362
10.200022697 -9.97039 3.74405 5.58784 0.07097 -0.03340 0.99650 -0.02882
10.233356476 -9.95971 3.53509 5.66919 0.07344 -0.03176 0.99621 -0.03404
10.266690254 -9.94738 3.32629 5.74320 0.07581 -0.03005 0.99590 -0.03926
10.300024033 -9.93342 3.11768 5.80906 0.07807 -0.02829 0.99555 -0.04449
10.333357811 -9.91782 2.90928 5.86606 0.08024 -0.02648 0.99518 -0.04973
10.366691589 -9.90058 2.70110 5.91358 0.08230 -0.02461 0.99479 -0.05498
10.400025368 -9.88171 2.49318 5.95108 0.08425 -0.02270 0.99436 -0.06024
10.433359146 -9.86120 2.28553 5.97816 0.08609 -0.02075 0.99392 -0.06551
10.466692924 -9.83907 2.07817 5.99453 0.08781 -0.01875 0.99344 -0.07078
10.500026703 -9.81531 1.87114 6.00000 0.08942 -0.01672 0.99295 -0.07606
10.533360481 -9.78992 1.66446 5.99451 0.09091 -0.01465 0.99242 -0.08134
10.566694260 -9.76291 1.45813 5.97813 0.09228 -0.01255 0.99188 -0.08663
10.600028038 -9.73428 1.25220 5.95103 0.09353 -0.01043 0.99131 -0.09193
10.633361816 -9.70404 1.04668 5.91351 0.09465 -0.00828 0.99072 -0.09723
10.666695595 -9.67219 0.84159 5.86598 0.09565 -0.00611 0.99010 -0.10253
10.700029373 -9.63872 0.63695 5.80896 0.09652 -0.00393 0.98946 -0.10784
10.733363152 -9.60365 0.43280 5.74308 0.09727 -0.00173 0.98880 -0.11316
10.766696930 -9.56698 0.22914 5.66906 0.09788 0.00047 0.98812 -0.11847
10.800030708 -9.52871 0.02601 5.58771 0.09837 0.00268 0.98742 -0.12379
10.833364487 -9.48885 -0.17657 5.49991 0.09873 0.00489 0.98669 -0.12910
10.866698265 -9.44740 -0.37859 5.40665 0.09896 0.00710 0.98595 -0.13442
10.900032043 -9.40436 -0.58002 5.30892 0.09906 0.00930 0.98518 -0.13974
10.933365822 -9.35975 -0.78083 5.20781 0.09902 0.01150 0.98439 -0.14505
10.966699600 -9.31356 -0.98102 5.10442 0.09886 0.01368 0.98358 -0.15037
11.000033379 -9.26580 -1.18054 4.99989 0.09857 0.01584 0.98275 -0.15568
11.033367157 -9.21647 -1.37939 4.89536 0.09815 0.01798 0.98190 -0.16099
11.066700935 -9.16559 -1.57754 4.79198 0.09760 0.02009 0.98103 -0.16629
11.100034714 -9.11316 -1.77497 4.69088 0.09692 0.02218 0.98014 -0.17159
11.133368492 -9.05917 -1.97165 4.59316 0.09611 0.02424 0.97923 -0.17689
11.166702271 -9.00365 -2.16757 4.49990 0.09518 0.02626 0.97830 -0.18217
11.200036049 -8.94658 -2.36270 4.41212 0.09413 0.02824 0.97734 -0.18745
11.233369827 -8.88799 -2.55703 4.33078 0.09295 0.03018 0.97637 -0.19273
11.266703606 -8.82788 -2.75053 4.25678 0.09166 0.03208 0.97538 -0.19799
11.300037384 -8.76625 -2.94318 4.19091 0.09024 0.03393 0.97437 -0.20325
11.333371162 -8.70311 -3.13495 4.13391 0.08871 0.03572 0.97334 -0.20849
11.366704941 -8.63847 -3.32584 4.08641 0.08706 0.03746 0.97229 -0.21373
11.400038719 -8.57233 -3.51581 4.04891 0.08530 0.03914 0.97121 -0.21895
11.433372498 -8.50470 -3.70485 4.02183 0.08343 0.04076 0.97012 -0.22416
11.466706276 -8.43559 -3.89293 4.00547 0.08145 0.04232 0.96900 -0.22936
11.500040054 -8.36501 -4.08004 4.00000 0.07937 0.04381 0.96787 -0.23454
11.533373833 -8.29296 -4.26615 4.00549 0.07719 0.04523 0.96671 -0.23972
11.566707611 -8.21946 -4.45124 4.02188 0.07491 0.04658 0.96553 -0.24487
11.600041389 -8.14451 -4.63530 4.04898 0.07253 0.04786 0.96433 -0.25002
11.633375168 -8.06811 -4.81831 4.08651 0.07006 0.04906 0.96311 -0.25514
11.666708946 -7.99028 -5.00023 4.13404 0.06751 0.05018 0.96187 -0.26026
11.700042725 -7.91103 -5.18106 4.19106 0.06487 0.05121 0.96060 -0.26535
11.733376503 -7.83036 -5.36077 4.25695 0.06215 0.05217 0.95931 -0.27043
11.766710281 -7.74828 -5.53935 4.33097 0.05935 0.05304 0.95800 -0.27550
11.800044060 -7.66481 -5.71677 4.41233 0.05648 0.05382 0.95667 -0.28054
11.833377838 -7.57994 -5.89302 4.50012 0.05353 0.05452 0.95531 -0.28557
11.866711617 -7.49370 -6.06807 4.59339 0.05053 0.05512 0.95392 -0.29058
11.900045395 -7.40609 -6.24191 4.69112 0.04746 0.05564 0.95252 -0.29558
11.933379173 -7.31711 -6.41451 4.79223 0.04434 0.05606 0.95108 -0.30056
11.966712952 -7.22679 -6.58586 4.89562 0.04116 0.05638 0.94962 -0.30551
12.000046730 -7.13512 -6.75594 5.00015 0.03794 0.05662 0.94814 -0.31046
12.033380508 -7.04213 -6.92474 5.10468 0.03468 0.05675 0.94663 -0.31538
12.066714287 -6.94781 -7.09222 5.20806 0.03137 0.05680 0.94510 -0.32029
12.100048065 -6.85219 -7.25838 5.30916 0.02803 0.05674 0.94353 -0.32517
12.133381844 -6.75526 -7.42320 5.40688 0.02466 0.05659 0.94195 -0.33004
12.166715622 -6.65704 -7.58665 5.50013 0.02127 0.05634 0.94033 -0.33490
12.200049400 -6.55755 -7.74872 5.58791 0.01786 0.05600 0.93868 -0.33973
12.233383179 -6.45679 -7.90939 5.66925 0.01443 0.05555 0.93701 -0.34455
12.266716957 -6.35477 -8.06865 5.74325 0.01099 0.05502 0.93531 -0.34935
12.300050735 -6.25151 -8.22648 5.80911 0.00755 0.05438 0.93358 -0.35414
12.333384514 -6.14701 -8.38285 5.86611 0.00410 0.05365 0.93182 -0.35890
12.366718292 -6.04129 -8.53776 5.91361 0.00066 0.05283 0.93003 -0.36366
12.400052071 -5.93436 -8.69118 5.95111 -0.00277 0.05191 0.92822 -0.36839
12.433385849 -5.82623 -8.84310 5.97818 -0.00619 0.05090 0.92637 -0.37311
12.466719627 -5.71691 -8.99351 5.99454 -0.00959 0.04980 0.92449 -0.37782
12.500053406 -5.60642 -9.14237 6.00000 -0.01297 0.04861 0.92258 -0.38251
12.533387184 -5.49477 -9.28969 5.99450 -0.01632 0.04732 0.92064 -0.38719
12.566720963 -5.38196 -9.43544 5.97811 -0.01964 0.04596 0.91867 -0.39185
12.600054741 -5.26802 -9.57961 5.95100 -0.02293 0.04451 0.91667 -0.39650
12.633388519 -5.15295 -9.72218 5.91347 -0.02617 0.04297 0.91463 -0.40114
12.666722298 -5.03676 -9.86313 5.86594 -0.02937 0.04136 0.91257 -0.40577
12.700056076 -4.91948 -10.00246 5.80891 -0.03251 0.03966 0.91047 -0.41038
12.733389854 -4.80111 -10.14013 5.74303 -0.03561 0.03789 0.90834 -0.41498
12.766723633 -4.68166 -10.27615 5.66900 -0.03865 0.03605 0.90618 -0.41957
12.800057411 -4.56115 -10.41050 5.58764 -0.04162 0.03414 0.90399 -0.42415
12.833391190 -4.43959 -10.54315 5.49984 -0.04453 0.03215 0.90177 -0.42872
12.866724968 -4.31700 -10.67410 5.40657 -0.04737 0.03010 0.89951 -0.43328
12.900058746 -4.19339 -10.80333 5.30884 -0.05014 0.02799 0.89722 -0.43783
12.933392525 -4.06876 -10.93082 5.20773 -0.05283 0.02583 0.89490 -0.44237
12.966726303 -3.94315 -11.05657 5.10434 -0.05544 0.02360 0.89255 -0.44691
13.000060081 -3.81655 -11.18056 4.99981 -0.05797 0.02132 0.89016 -0.45143
13.033393860 -3.68898 -11.30278 4.89528 -0.06040 0.01900 0.88775 -0.45595
13.066727638 -3.56047 -11.42320 4.79190 -0.06275 0.01662 0.88530 -0.46046
13.100061417 -3.43101 -11.54183 4.69080 -0.06501 0.01421 0.88282 -0.46497
13.133395195 -3.30063 -11.65864 4.59308 -0.06717 0.01176 0.88031 -0.46946
13.166728973 -3.16934 -11.77363 4.49983 -0.06923 0.00927 0.87778 -0.47395
13.200062752 -3.03715 -11.88677 4.41205 -0.07119 0.00675 0.87520 -0.47844
13.233396530 -2.90408 -11.99806 4.33072 -0.07304 0.00420 0.87260 -0.48292
13.266730309 -2.77015 -12.10749 4.25672 -0.07479 0.00164 0.86997 -0.48739
13.300064087 -2.63536 -12.21505 4.19086 -0.07644 -0.00095 0.86731 -0.49186
13.333397865 -2.49974 -12.32071 4.13387 -0.07797 -0.00356 0.86462 -0.49632
13.366731644 -2.36329 -12.42448 4.08637 0.07939 0.00617 -0.86191 0.50078
13.400065422 -2.22603 -12.52633 4.04888 0.08069 0.00879 -0.85916 0.50523
13.433399200 -2.08799 -12.62627 4.02181 0.08189 0.01142 -0.85638 0.50968
13.466732979 -1.94916 -12.72427 4.00546 0.08296 0.01404 -0.85358 0.51412
13.500066757 -1.80958 -12.82032 4.00000 0.08392 0.01666 -0.85075 0.51855
13.533400536 -1.66924 -12.91442 4.00550 0.08476 0.01927 -0.84790 0.52299
13.566734314 -1.52818 -13.00656 4.02190 0.08548 0.02187 -0.84502 0.52741
13.600068092 -1.38640 -13.09672 4.04901 0.08609 0.02445 -0.84211 0.53183
13.633401871 -1.24392 -13.18490 4.08654 0.08657 0.02701 -0.83918 0.53625
13.666735649 -1.10075 -13.27109 4.13408 0.08693 0.02954 -0.83622 0.54065
13.700069427 -0.95692 -13.35527 4.19111 0.08717 0.03205 -0.83324 0.54506
13.733403206 -0.81243 -13.43743 4.25700 0.08730 0.03452 -0.83023 0.54945
13.766736984 -0.66730 -13.51758 4.33103 0.08730 0.03695 -0.82721 0.55384
13.800070763 -0.52156 -13.59569 4.41240 0.08718 0.03934 -0.82416 0.55823
13.833404541 -0.37520 -13.67177 4.50019 0.08694 0.04169 -0.82109 0.56260
13.866738319 -0.22826 -13.74580 4.59347 0.08659 0.04399 -0.81799 0.56697
13.900072098 -0.08075 -13.81777 4.69120 0.08612 0.04624 -0.81488 0.57133
13.933405876 0.06732 -13.88768 4.79231 0.08553 0.04843 -0.81175 0.57568
13.966739655 0.21594 -13.95552 4.89570 0.08482 0.05056 -0.80859 0.58002
14.000073433 0.36508 -14.02127 5.00023 0.08401 0.05263 -0.80542 0.58435
14.033407211 0.51472 -14.08495 5.10476 0.08308 0.05463 -0.80223 0.58867
14.066740990 0.66486 -14.14653 5.20814 0.08204 0.05657 -0.79902 0.59299
14.100074768 0.81547 -14.20601 5.30924 0.08089 0.05843 -0.79580 0.59729
14.133408546 0.96655 -14.26338 5.40695 0.07963 0.06021 -0.79255 0.60157
14.166742325 1.11806 -14.31864 5.50021 0.07827 0.06192 -0.78930 0.60585
14.200076103 1.27000 -14.37178 5.58798 0.07681 0.06354 -0.78602 0.61011
14.233409882 1.42235 -14.42280 5.66931 0.07525 0.06508 -0.78273 0.61436
14.266743660 1.57509 -14.47169 5.74331 0.07359 0.06653 -0.77942 0.61859
14.300077438 1.72821 -14.51844 5.80916 0.07184 0.06789 -0.77610 0.62281
14.333411217 1.88169 -14.56305 5.86615 0.06999 0.06916 -0.77277 0.62702
14.366744995 2.03550 -14.60552 5.91365 0.06806 0.07034 -0.76942 0.63121
14.400078773 2.18965 -14.64584 5.95113 0.06604 0.07142 -0.76605 0.63538
14.433412552 2.34410 -14.68400 5.97820 0.06393 0.07240 -0.76268 0.63953
14.466746330 2.49884 -14.72000 5.99455 0.06175 0.07328 -0.75929 0.64366
14.500080109 2.65386 -14.75385 6.00000 0.05950 0.07406 -0.75588 0.64778
14.533413887 2.80913 -14.78552 5.99450 0.05717 0.07473 -0.75247 0.65188
14.566747665 2.96465 -14.81503 5.97809 0.05477 0.07530 -0.74904 0.65595
14.600081444 3.12038 -14.84236 5.95098 0.05230 0.07576 -0.74560 0.66001
14.633415222 3.27633 -14.86751 5.91344 0.04978 0.07611 -0.74214 0.66404
14.666749001 3.43246 -14.89049 5.86590 0.04720 0.07636 -0.73868 0.66806
14.700082779 3.58877 -14.91129 5.80886 0.04456 0.07649 -0.73520 0.67204
14.733416557 3.74523 -14.92990 5.74297 0.04188 0.07652 -0.73171 0.67601
14.766750336 3.90182 -14.94633 5.66893 0.03915 0.07643 -0.72821 0.67996
14.800084114 4.05854 -14.96057 5.58757 0.03637 0.07623 -0.72469 0.68387
14.833417892 4.21536 -14.97262 5.49977 0.03357 0.07592 -0.72117 0.68777
14.866751671 4.37227 -14.98248 5.40649 0.03072 0.07550 -0.71763 0.69164
14.900085449 4.52924 -14.99015 5.30876 0.02785 0.07497 -0.71408 0.69548
14.933419228 4.68627 -14.99563 5.20765 0.02496 0.07433 -0.71051 0.69930
14.966753006 4.84333 -14.99891 5.10426 0.02204 0.07357 -0.70694 0.70309
15.000086784 5.00041 -15.00000 4.99973 0.01911 0.07271 -0.70335 0.70686
15.033420563 5.15749 -14.99890 4.89520 0.01617 0.07174 -0.69975 0.71060
15.066754341 5.31455 -14.99560 4.79182 0.01322 0.07065 -0.69613 0.71431
15.100088120 5.47158 -14.99011 4.69072 0.01027 0.06947 -0.69250 0.71799
15.133421898 5.62855 -14.98243 4.59301 0.00732 0.06817 -0.68886 0.72165
15.166755676 5.78546 -14.97256 4.49976 0.00438 0.06677 -0.68520 0.72528
15.200089455 5.94228 -14.96050 4.41199 0.00144 0.06527 -0.68153 0.72888
15.233423233 6.09900 -14.94625 4.33066 -0.00147 0.06366 -0.67784 0.73245
15.266757011 6.25559 -14.92981 4.25666 -0.00437 0.06196 -0.67414 0.73599
15.300090790 6.41205 -14.91119 4.19081 -0.00725 0.06015 -0.67042 0.73951
15.333424568 6.56836 -14.89038 4.13383 -0.01010 0.05826 -0.66668 0.74299
15.366758347 6.72449 -14.86739 4.08634 -0.01292 0.05627 -0.66293 0.74645
15.400092125 6.88043 -14.84222 4.04885 -0.01570 0.05419 -0.65916 0.74988
15.433425903 7.03617 -14.81488 4.02179 -0.01844 0.05202 -0.65538 0.75328
15.466759682 7.19168 -14.78536 4.00545 -0.02114 0.04976 -0.65158 0.75665
15.500093460 7.34695 -14.75367 4.00000 -0.02379 0.04743 -0.64775 0.76000
15.533427238 7.50197 -14.71982 4.00551 -0.02640 0.04501 -0.64391 0.76332
15.566761017 7.65671 -14.68381 4.02191 -0.02894 0.04252 -0.64005 0.76661
15.600094795 7.81116 -14.64563 4.04904 -0.03143 0.03996 -0.63618 0.76987
15.633428574 7.96530 -14.60530 4.08658 -0.03386 0.03732 -0.63228 0.77310
15.666762352 8.11912 -14.56283 4.13413 -0.03622 0.03462 -0.62836 0.77631
15.700096130 8.27259 -14.51820 4.19116 -0.03851 0.03186 -0.62442 0.77949
15.733429909 8.42571 -14.47144 4.25706 -0.04074 0.02904 -0.62046 0.78264
15.766763687 8.57845 -14.42254 4.33110 -0.04288 0.02617 -0.61648 0.78577
15.800097466 8.73080 -14.37151 4.41246 -0.04495 0.02324 -0.61247 0.78887
15.833431244 8.88273 -14.31836 4.50027 -0.04695 0.02027 -0.60844 0.79195
15.866765022 9.03425 -14.26308 4.59355 -0.04885 0.01725 -0.60440 0.79500
15.900098801 9.18532 -14.20570 4.69128 -0.05068 0.01420 -0.60032 0.79802
15.933432579 9.33593 -14.14621 4.79239 -0.05241 0.01111 -0.59623 0.80102
15.966766357 9.48606 -14.08462 4.89578 -0.05406 0.00799 -0.59211 0.80400
16.000099182 9.63570 -14.02094 5.00031 -0.05561 0.00485 -0.58797 0.80695
16.033432007 9.78483 -13.95517 5.10484 -0.05707 0.00169 -0.58381 0.80988
16.066764832 9.93344 -13.88732 5.20821 -0.05844 -0.00149 -0.57962 0.81279
16.100097656 10.08150 -13.81741 5.30931 -0.05971 -0.00469 -0.57540 0.81567
16.133430481 10.22901 -13.74543 5.40702 -0.06088 -0.00789 -0.57117 0.81854
16.166763306 10.37595 -13.67139 5.50026 -0.06195 -0.01109 -0.56690 0.82138
16.200096130 10.52229 -13.59531 5.58803 -0.06292 -0.01430 -0.56262 0.82419
16.233428955 10.66803 -13.51718 5.66935 -0.06378 -0.01749 -0.55831 0.82699
16.266761780 10.81315 -13.43703 5.74335 -0.06455 -0.02068 -0.55398 0.82977
16.300094604 10.95763 -13.35486 5.80919 -0.06521 -0.02385 -0.54962 0.83253
16.333427429 11.10146 -13.27067 5.86617 -0.06577 -0.02700 -0.54524 0.83526
16.366760254 11.24461 -13.18448 5.91367 -0.06622 -0.03013 -0.54083 0.83798
16.400093079 11.38709 -13.09629 5.95115 -0.06657 -0.03323 -0.53640 0.84068
16.433425903 11.52886 -13.00612 5.97821 -0.06682 -0.03629 -0.53195 0.84336
16.466758728 11.66992 -12.91398 5.99455 -0.06696 -0.03932 -0.52747 0.84602
16.500091553 11.81024 -12.81987 6.00000 -0.06700 -0.04231 -0.52297 0.84866
16.533424377 11.94982 -12.72381 5.99449 -0.06693 -0.04525 -0.51845 0.85128
16.566757202 12.08864 -12.62580 5.97809 -0.06676 -0.04814 -0.51390 0.85389
16.600090027 12.22668 -12.52586 5.95097 -0.06649 -0.05097 -0.50934 0.85648
16.633422852 12.36393 -12.42400 5.91343 -0.06612 -0.05375 -0.50475 0.85905
16.666755676 12.50037 -12.32023 5.86588 -0.06565 -0.05646 -0.50014 0.86160
16.700088501 12.63598 -12.21456 5.80885 -0.06508 -0.05911 -0.49551 0.86414
16.733421326 12.77076 -12.10700 5.74296 -0.06441 -0.06169 -0.49086 0.86666
16.766754150 12.90469 -11.99756 5.66893 -0.06365 -0.06419 -0.48619 0.86916
16.800086975 13.03775 -11.88626 5.58756 -0.06279 -0.06661 -0.48151 0.87165
16.833419800 13.16993 -11.77311 5.49976 -0.06184 -0.06895 -0.47680 0.87412
16.866752625 13.30121 -11.65812 5.40649 -0.06080 -0.07121 -0.47208 0.87657
16.900085449 13.43159 -11.54131 5.30876 -0.05967 -0.07337 -0.46734 0.87901
16.933418274 13.56103 -11.42268 5.20765 -0.05846 -0.07545 -0.46258 0.88143
16.966751099 13.68954 -11.30225 5.10426 -0.05716 -0.07743 -0.45780 0.88383
17.000083923 13.81710 -11.18003 4.99973 -0.05577 -0.07931 -0.45302 0.88621
17.033416748 13.94369 -11.05604 4.89521 -0.05431 -0.08109 -0.44821 0.88858
17.066749573 14.06930 -10.93028 4.79183 -0.05277 -0.08277 -0.44340 0.89093
17.100082397 14.19391 -10.80278 4.69074 -0.05116 -0.08434 -0.43857 0.89327
17.133415222 14.31752 -10.67355 4.59303 -0.04948 -0.08580 -0.43372 0.89559
17.166748047 14.44011 -10.54260 4.49978 -0.04773 -0.08715 -0.42887 0.89789
17.200080872 14.56166 -10.40994 4.41201 -0.04591 -0.08839 -0.42400 0.90017
17.233413696 14.68216 -10.27559 4.33068 -0.04403 -0.08951 -0.41913 0.90243
17.266746521 14.80160 -10.13957 4.25669 -0.04210 -0.09052 -0.41424 0.90467
17.300079346 14.91996 -10.00189 4.19084 -0.04011 -0.09140 -0.40935 0.90690
17.333412170 15.03724 -9.86256 4.13385 -0.03806 -0.09217 -0.40445 0.90911
17.366744995 15.15341 -9.72161 4.08635 -0.03597 -0.09282 -0.39954 0.91130
17.400077820 15.26848 -9.57904 4.04887 -0.03383 -0.09334 -0.39462 0.91346
17.433410645 15.38241 -9.43487 4.02180 -0.03165 -0.09374 -0.38970 0.91561
17.466743469 15.49521 -9.28911 4.00545 -0.02943 -0.09402 -0.38477 0.91774
17.500076294 15.60686 -9.14179 4.00000 -0.02718 -0.09417 -0.37984 0.91984
17.533409119 15.71734 -8.99292 4.00550 -0.02490 -0.09419 -0.37491 0.92193
17.566741943 15.82665 -8.84252 4.02190 -0.02259 -0.09409 -0.36996 0.92399
17.600074768 15.93477 -8.69060 4.04902 -0.02026 -0.09386 -0.36502 0.92603
17.633407593 16.04169 -8.53717 4.08655 -0.01790 -0.09351 -0.36008 0.92805
17.666740417 16.14741 -8.38227 4.13409 -0.01554 -0.09303 -0.35513 0.93005
17.700073242 16.25190 -8.22589 4.19112 -0.01316 -0.09243 -0.35018 0.93202
17.733406067 16.35515 -8.06806 4.25701 -0.01077 -0.09170 -0.34523 0.93397
17.766738892 16.45716 -7.90880 4.33104 -0.00838 -0.09084 -0.34027 0.93589
17.800071716 16.55792 -7.74813 4.41240 -0.00599 -0.08986 -0.33532 0.93779
17.833404541 16.65740 -7.58606 4.50020 -0.00360 -0.08877 -0.33037 0.93966
17.866737366 16.75561 -7.42261 4.59347 -0.00122 -0.08755 -0.32542 0.94151
17.900070190 16.85253 -7.25779 4.69119 0.00114 -0.08621 -0.32046 0.94333
17.933403015 16.94815 -7.09163 4.79230 0.00350 -0.08475 -0.31551 0.94512
17.966735840 17.04246 -6.92415 4.89569 0.00583 -0.08317 -0.31056 0.94689
18.000068665 17.13545 -6.75535 5.00022 0.00814 -0.08149 -0.30561 0.94863
18.033401489 17.22710 -6.58527 5.10474 0.01042 -0.07968 -0.30066 0.95034
18.066734314 17.31742 -6.41392 5.20812 0.01267 -0.07777 -0.29572 0.95202
18.100067139 17.40639 -6.24132 5.30922 0.01489 -0.07576 -0.29077 0.95367
18.133399963 17.49399 -6.06748 5.40693 0.01707 -0.07363 -0.28583 0.95530
18.166732788 17.58023 -5.89243 5.50018 0.01921 -0.07141 -0.28088 0.95689
18.200065613 17.66509 -5.71619 5.58795 0.02131 -0.06908 -0.27594 0.95845
18.233398438 17.74855 -5.53877 5.66928 0.02336 -0.06666 -0.27100 0.95998
18.266731262 17.83062 -5.36019 5.74328 0.02536 -0.06414 -0.26606 0.96149
18.300064087 17.91129 -5.18048 5.80914 0.02730 -0.06154 -0.26112 0.96296
18.333396912 17.99053 -4.99965 5.86613 0.02918 -0.05885 -0.25618 0.96440
18.366729736 18.06835 -4.81773 5.91363 0.03101 -0.05607 -0.25124 0.96580
18.400062561 18.14474 -4.63473 5.95112 0.03277 -0.05321 -0.24630 0.96718
18.433395386 18.21969 -4.45067 5.97819 0.03447 -0.05028 -0.24136 0.96852
18.466728210 18.29319 -4.26558 5.99454 0.03610 -0.04728 -0.23642 0.96983
18.500061035 18.36523 -4.07947 6.00000 0.03765 -0.04421 -0.23148 0.97111
18.533393860 18.43580 -3.89236 5.99450 0.03914 -0.04107 -0.22654 0.97235
18.566726685 18.50491 -3.70428 5.97811 0.04054 -0.03788 -0.22159 0.97356
18.600059509 18.57253 -3.51524 5.95100 0.04187 -0.03463 -0.21664 0.97474
18.633392334 18.63866 -3.32528 5.91347 0.04312 -0.03133 -0.21170 0.97588
18.666725159 18.70329 -3.13439 5.86593 0.04429 -0.02798 -0.20674 0.97699
18.700057983 18.76643 -2.94262 5.80891 0.04537 -0.02459 -0.20179 0.97807
18.733390808 18.82805 -2.74998 5.74302 0.04637 -0.02116 -0.19683 0.97911
18.766723633 18.88816 -2.55648 5.66900 0.04728 -0.01770 -0.19186 0.98012
18.800056458 18.94675 -2.36216 5.58764 0.04811 -0.01421 -0.18689 0.98110
18.833389282 19.00380 -2.16703 5.49985 0.04884 -0.01069 -0.18192 0.98204
18.866722107 19.05932 -1.97111 5.40658 0.04949 -0.00716 -0.17694 0.98295
18.900054932 19.11330 -1.77443 5.30885 0.05004 -0.00362 -0.17195 0.98383
18.933387756 19.16573 -1.57701 5.20774 0.05050 -0.00006 -0.16696 0.98467
18.966720581 19.21661 -1.37886 5.10436 0.05087 0.00350 -0.16196 0.98548
19.000053406 19.26593 -1.18002 4.99983 0.05114 0.00706 -0.15695 0.98626
19.033386230 19.31368 -0.98050 4.89530 0.05133 0.01062 -0.15193 0.98700
19.066719055 19.35986 -0.78032 4.79193 0.05141 0.01416 -0.14691 0.98771
19.100051880 19.40447 -0.57951 4.69083 0.05141 0.01769 -0.14187 0.98839
19.133384705 19.44750 -0.37808 4.59311 0.05131 0.02120 -0.13683 0.98904
19.166717529 19.48895 -0.17607 4.49986 0.05112 0.02469 -0.13178 0.98965
19.200050354 19.52881 0.02651 4.41209 0.05084 0.02814 -0.12671 0.99024
19.233383179 19.56707 0.22964 4.33075 0.05047 0.03156 -0.12164 0.99079
19.266716003 19.60374 0.43329 4.25675 0.05001 0.03495 -0.11655 0.99131
19.300048828 19.63880 0.63744 4.19089 0.04945 0.03829 -0.11146 0.99180
19.333381653 19.67226 0.84207 4.13390 0.04881 0.04158 -0.10635 0.99226
19.366714478 19.70411 1.04715 4.08639 0.04808 0.04482 -0.10123 0.99269
19.400047302 19.73435 1.25267 4.04890 0.04727 0.04800 -0.09610 0.99309
19.433380127 19.76297 1.45860 4.02182 0.04637 0.05113 -0.09096 0.99346
19.466712952 19.78998 1.66492 4.00546 0.04539 0.05418 -0.08581 0.99380
19.500045776 19.81536 1.87160 4.00000 0.04433 0.05717 -0.08065 0.99411
19.533378601 19.83912 2.07862 4.00549 0.04319 0.06009 -0.07547 0.99440
19.566711426 19.86125 2.28597 4.02188 0.04197 0.06292 -0.07028 0.99466
19.600044250 19.88175 2.49361 4.04899 0.04068 0.06568 -0.06508 0.99488
19.633377075 19.90062 2.70153 4.08651 0.03931 0.06835 -0.05987 0.99509
19.666709900 19.91785 2.90970 4.13404 0.03788 0.07093 -0.05465 0.99526
19.700042725 19.93345 3.11810 4.19106 0.03638 0.07342 -0.04941 0.99541
19.733375549 19.94741 3.32671 4.25695 0.03481 0.07581 -0.04417 0.99553
19.766708374 19.95973 3.53550 4.33097 0.03319 0.07810 -0.03891 0.99563
19.800041199 19.97041 3.74445 4.41232 0.03150 0.08030 -0.03365 0.99570
19.833374023 19.97945 3.95354 4.50011 0.02976 0.08238 -0.02837 0.99575
19.866706848 19.98685 4.16274 4.59338 0.02796 0.08436 -0.02309 0.99578
19.900039673 19.99260 4.37204 4.69110 0.02612 0.08623 -0.01779 0.99577
19.933372498 19.99671 4.58140 4.79221 0.02423 0.08799 -0.01249 0.99575
19.966705322 19.99918 4.79081 4.89559 0.02229 0.08963 -0.00717 0.99570
