0 0 0 1 -0.14459 -0.0286575 4.63333 
0 0 6.5 1 -0.150043 0.225678 4.63333 
10 0 0 1 0.245139 -0.0421572 4.63333 
10 0 6.5 1 0.260527 0.223498 4.63333 
10 10 0 1 0.324861 -0.196692 4.63333 
10 10 6.5 1 0.35823 0.239015 4.63333 
0 10 0 1 -0.300939 -0.164624 4.63333 
0 10 6.5 1 -0.323164 0.241442 4.63333 
0 5 10 1 -0.221896 0.4173 4.63333 
10 5 10 1 0.309583 0.426306 4.63333 
0 6 0 1 -0.220445 -0.0946238 4.63333 
0 8 0 1 -0.256433 -0.12592 4.63333 
0 8 5 1 -0.268794 0.148376 4.63333 
0 6 5 1 -0.229722 0.153682 4.63333 
0 2 2.5 1 -0.168455 0.0550806 4.63333 
0 4 2.5 1 -0.194187 0.0420361 4.63333 
0 4 5 1 -0.197792 0.158017 4.63333 
0 2 5 1 -0.17121 0.161627 4.63333 
0.5 0.5 -0.5 1 -0.13021 -0.0525829 4.63333 
0.5 0.5 6 1 -0.135006 0.205112 4.63333 
10.5 0.5 -0.5 1 0.267207 -0.0674208 4.63333 
10.5 0.5 6 1 0.284106 0.201897 4.63333 
10.5 10.5 -0.5 1 0.363744 -0.243094 4.63333 
10.5 10.5 6 1 0.401884 0.202453 4.63333 
0.5 10.5 -0.5 1 -0.282151 -0.206871 4.63333 
0.5 10.5 6 1 -0.303404 0.20775 4.63333 
0.5 5.5 9.5 1 -0.204122 0.395185 4.63333 
10.5 5.5 9.5 1 0.341766 0.403013 4.63333 
0.5 6.5 -0.5 1 -0.203537 -0.127043 4.63333 
0.5 8.5 -0.5 1 -0.238582 -0.162629 4.63333 
0.5 8.5 4.5 1 -0.250225 0.116705 4.63333 
0.5 6.5 4.5 1 -0.212147 0.125396 4.63333 
0.5 2.5 2 1 -0.153023 0.0302436 4.63333 
0.5 4.5 2 1 -0.177884 0.0146632 4.63333 
0.5 4.5 4.5 1 -0.181178 0.132464 4.63333 
0.5 2.5 4.5 1 -0.155496 0.138326 4.63333 
