0 0 0 1 -0.111246 -0.0353267 4.36666 
0 0 6.5 1 -0.108026 0.216396 4.36666 
10 0 0 1 0.280021 -0.0668228 4.36666 
10 0 6.5 1 0.303981 0.204284 4.36666 
10 10 0 1 0.324468 -0.229321 4.36666 
10 10 6.5 1 0.369352 0.219093 4.36666 
0 10 0 1 -0.296657 -0.160919 4.36666 
0 10 6.5 1 -0.30594 0.236856 4.36666 
0 5 10 1 -0.183776 0.405981 4.36666 
10 5 10 1 0.34677 0.410857 4.36666 
0 6 0 1 -0.201711 -0.0966047 4.36666 
0 8 0 1 -0.244293 -0.125449 4.36666 
0 8 5 1 -0.247788 0.14438 4.36666 
0 6 5 1 -0.202841 0.148194 4.36666 
0 2 2.5 1 -0.13585 0.0486939 4.36666 
0 4 2.5 1 -0.16616 0.0369466 4.36666 
0 4 5 1 -0.165905 0.151327 4.36666 
0 2 5 1 -0.135014 0.153948 4.36666 
0.5 0.5 -0.5 1 -0.0990221 -0.0596936 4.36666 
0.5 0.5 6 1 -0.0951371 0.195774 4.36666 
10.5 0.5 -0.5 1 0.301153 -0.0938008 4.36666 
10.5 0.5 6 1 0.326753 0.181643 4.36666 
10.5 10.5 -0.5 1 0.361293 -0.279911 4.36666 
10.5 10.5 6 1 0.411247 0.180388 4.36666 
0.5 10.5 -0.5 1 -0.282727 -0.203438 4.36666 
0.5 10.5 6 1 -0.291184 0.203711 4.36666 
0.5 5.5 9.5 1 -0.169132 0.384275 4.36666 
10.5 5.5 9.5 1 0.377948 0.386849 4.36666 
0.5 6.5 -0.5 1 -0.188158 -0.12944 4.36666 
0.5 8.5 -0.5 1 -0.230441 -0.162526 4.36666 
0.5 8.5 4.5 1 -0.233285 0.112872 4.36666 
0.5 6.5 4.5 1 -0.188656 0.119943 4.36666 
0.5 2.5 2 1 -0.12289 0.0235799 4.36666 
0.5 4.5 2 1 -0.152724 0.00932871 4.36666 
0.5 4.5 4.5 1 -0.152166 0.125724 4.36666 
0.5 2.5 4.5 1 -0.121773 0.130539 4.36666 
