0 0 0 1 -0.162025 -0.0225162 4.76666 
0 0 6.5 1 -0.17188 0.234151 4.76666 
10 0 0 1 0.227916 -0.0267628 4.76666 
10 0 6.5 1 0.238726 0.237357 4.76666 
10 10 0 1 0.325062 -0.171497 4.76666 
10 10 6.5 1 0.352118 0.261115 4.76666 
0 10 0 1 -0.30414 -0.158287 4.76666 
0 10 6.5 1 -0.332718 0.254669 4.76666 
0 5 10 1 -0.241881 0.430019 4.76666 
10 5 10 1 0.290501 0.441834 4.76666 
0 6 0 1 -0.230734 -0.0881576 4.76666 
0 8 0 1 -0.26349 -0.119451 4.76666 
0 8 5 1 -0.280245 0.158812 4.76666 
0 6 5 1 -0.24408 0.163306 4.76666 
0 2 2.5 1 -0.185585 0.0623636 4.76666 
0 4 2.5 1 -0.209073 0.0496471 4.76666 
0 4 5 1 -0.214619 0.166967 4.76666 
0 2 5 1 -0.190154 0.170006 4.76666 
0.5 0.5 -0.5 1 -0.146527 -0.0461092 4.76666 
0.5 0.5 6 1 -0.155731 0.213803 4.76666 
10.5 0.5 -0.5 1 0.250537 -0.0511099 4.76666 
10.5 0.5 6 1 0.26278 0.216446 4.76666 
10.5 10.5 -0.5 1 0.365089 -0.215711 4.76666 
10.5 10.5 6 1 0.396723 0.226114 4.76666 
0.5 10.5 -0.5 1 -0.282879 -0.200136 4.76666 
0.5 10.5 6 1 -0.310404 0.221211 4.76666 
0.5 5.5 9.5 1 -0.222504 0.408053 4.76666 
10.5 5.5 9.5 1 0.323247 0.41927 4.76666 
0.5 6.5 -0.5 1 -0.212106 -0.120189 4.76666 
0.5 8.5 -0.5 1 -0.243595 -0.15576 4.76666 
0.5 8.5 4.5 1 -0.259598 0.127418 4.76666 
0.5 6.5 4.5 1 -0.224768 0.135293 4.76666 
0.5 2.5 2 1 -0.168877 0.0378315 4.76666 
0.5 4.5 2 1 -0.191294 0.0225935 4.76666 
0.5 4.5 4.5 1 -0.196527 0.141679 4.76666 
0.5 2.5 4.5 1 -0.173166 0.146961 4.76666 
