0 0 0 1 0.290803 -0.274701 19.0334 
0 0 6.5 1 0.253252 0.0722594 19.0334 
10 0 0 1 0.264611 -0.55837 19.0334 
10 0 6.5 1 0.189157 0.15226 19.0334 
10 10 0 1 -0.58934 -0.506589 19.0334 
10 10 6.5 1 -0.629887 0.0299912 19.0334 
0 10 0 1 -0.189245 -0.285111 19.0334 
0 10 6.5 1 -0.216421 0.0144191 19.0334 
0 5 10 1 -0.0156598 0.211235 19.0334 
10 5 10 1 -0.30537 0.400862 19.0334 
0 6 0 1 -0.0141235 -0.281313 19.0334 
0 8 0 1 -0.10418 -0.283266 19.0334 
0 8 5 1 -0.126463 -0.045768 19.0334 
0 6 5 1 -0.0378557 -0.0369278 19.0334 
0 2 2.5 1 0.169234 -0.146711 19.0334 
0 4 2.5 1 0.0686587 -0.152822 19.0334 
0 4 5 1 0.0560583 -0.0275582 19.0334 
0 2 5 1 0.15577 -0.0176102 19.0334 
0.5 0.5 -0.5 1 0.264744 -0.309895 19.0334 
0.5 0.5 6 1 0.226825 0.0440101 19.0334 
10.5 0.5 -0.5 1 0.208947 -0.643411 19.0334 
10.5 0.5 6 1 0.132055 0.0969634 19.0334 
10.5 10.5 -0.5 1 -0.656027 -0.568357 19.0334 
10.5 10.5 6 1 -0.696421 -0.0149933 19.0334 
0.5 10.5 -0.5 1 -0.219454 -0.315519 19.0334 
0.5 10.5 6 1 -0.246733 -0.0108284 19.0334 
0.5 5.5 9.5 1 -0.044579 0.187656 19.0334 
10.5 5.5 9.5 1 -0.369889 0.362198 19.0334 
0.5 6.5 -0.5 1 -0.0431125 -0.313471 19.0334 
0.5 8.5 -0.5 1 -0.133838 -0.314525 19.0334 
0.5 8.5 4.5 1 -0.156231 -0.072807 19.0334 
0.5 6.5 4.5 1 -0.0669885 -0.0646151 19.0334 
0.5 2.5 2 1 0.141903 -0.178286 19.0334 
0.5 4.5 2 1 0.0403837 -0.183538 19.0334 
0.5 4.5 4.5 1 0.0276929 -0.0559241 19.0334 
0.5 2.5 4.5 1 0.128326 -0.0466867 19.0334 
