0 0 0 1 -0.655476 -0.342799 9.26668 
0 0 6.5 1 -0.588977 0.218195 9.26668 
10 0 0 1 -0.248381 -0.210308 9.26668 
10 0 6.5 1 -0.216045 0.0940904 9.26668 
10 10 0 1 0.234779 -0.282731 9.26668 
10 10 6.5 1 0.265802 0.0588206 9.26668 
0 10 0 1 0.239417 -0.525143 9.26668 
0 10 6.5 1 0.302567 0.176524 9.26668 
0 5 10 1 -0.157145 0.525396 9.26668 
10 5 10 1 0.0281821 0.248102 9.26668 
0 6 0 1 -0.167192 -0.442292 9.26668 
0 8 0 1 0.0264644 -0.481752 9.26668 
0 8 5 1 0.0764371 0.0346991 9.26668 
0 6 5 1 -0.11647 0.0505137 9.26668 
0 2 2.5 1 -0.480376 -0.14587 9.26668 
0 4 2.5 1 -0.318292 -0.16889 9.26668 
0 4 5 1 -0.292901 0.0649776 9.26668 
0 2 5 1 -0.454881 0.0782568 9.26668 
0.5 0.5 -0.5 1 -0.589263 -0.380588 9.26668 
0.5 0.5 6 1 -0.525869 0.164383 9.26668 
10.5 0.5 -0.5 1 -0.218835 -0.233214 9.26668 
10.5 0.5 6 1 -0.187308 0.0664049 9.26668 
10.5 10.5 -0.5 1 0.258876 -0.307011 9.26668 
10.5 10.5 6 1 0.289077 0.0285338 9.26668 
0.5 10.5 -0.5 1 0.287973 -0.56516 9.26668 
0.5 10.5 6 1 0.347785 0.11161 9.26668 
0.5 5.5 9.5 1 -0.102143 0.456545 9.26668 
10.5 5.5 9.5 1 0.0541432 0.216385 9.26668 
0.5 6.5 -0.5 1 -0.108983 -0.48164 9.26668 
0.5 8.5 -0.5 1 0.0804126 -0.521489 9.26668 
0.5 8.5 4.5 1 0.127788 -0.0226004 9.26668 
0.5 6.5 4.5 1 -0.0608343 -0.00484855 9.26668 
0.5 2.5 2 1 -0.417441 -0.191058 9.26668 
0.5 4.5 2 1 -0.258009 -0.21521 9.26668 
0.5 4.5 4.5 1 -0.233867 0.0114361 9.26668 
0.5 2.5 4.5 1 -0.393167 0.0264283 9.26668 
