0 0 0 1 0.271389 -0.512187 12.4001 
0 0 6.5 1 0.214967 0.104667 12.4001 
10 0 0 1 -0.223672 -0.326949 12.4001 
10 0 6.5 1 -0.262778 0.0366386 12.4001 
10 10 0 1 0.131873 -0.197905 12.4001 
10 10 6.5 1 0.106851 0.064989 12.4001 
0 10 0 1 0.581034 -0.255973 12.4001 
0 10 6.5 1 0.551016 0.117916 12.4001 
0 5 10 1 0.403183 0.369739 12.4001 
10 5 10 1 -0.0646199 0.220037 12.4001 
0 6 0 1 0.491949 -0.329686 12.4001 
0 8 0 1 0.540303 -0.289676 12.4001 
0 8 5 1 0.514862 0.0215456 12.4001 
0 6 5 1 0.463546 0.0105355 12.4001 
0 2 2.5 1 0.343531 -0.229738 12.4001 
0 4 2.5 1 0.417656 -0.191546 12.4001 
0 4 5 1 0.4015 -0.00277692 12.4001 
0 2 5 1 0.324965 -0.019198 12.4001 
0.5 0.5 -0.5 1 0.260072 -0.521223 12.4001 
0.5 0.5 6 1 0.207129 0.0550058 12.4001 
10.5 0.5 -0.5 1 -0.21122 -0.339659 12.4001 
10.5 0.5 6 1 -0.248635 0.00942343 12.4001 
10.5 10.5 -0.5 1 0.130835 -0.210865 12.4001 
10.5 10.5 6 1 0.106523 0.0443621 12.4001 
0.5 10.5 -0.5 1 0.561619 -0.271833 12.4001 
0.5 10.5 6 1 0.532582 0.0867362 12.4001 
0.5 5.5 9.5 1 0.387658 0.31816 12.4001 
10.5 5.5 9.5 1 -0.0592669 0.190849 12.4001 
0.5 6.5 -0.5 1 0.473268 -0.344902 12.4001 
0.5 8.5 -0.5 1 0.52106 -0.305377 12.4001 
0.5 8.5 4.5 1 0.496538 -0.00790876 12.4001 
0.5 6.5 4.5 1 0.446014 -0.0210498 12.4001 
0.5 2.5 2 1 0.329211 -0.254148 12.4001 
0.5 4.5 2 1 0.40089 -0.21554 12.4001 
0.5 4.5 4.5 1 0.385479 -0.0367947 12.4001 
0.5 2.5 4.5 1 0.311629 -0.0560028 12.4001 
