0 0 0 1 -0.207952 -0.0106259 5.1 
0 0 6.5 1 -0.228272 0.25345 5.1 
10 0 0 1 0.184113 0.00649106 5.1 
10 0 6.5 1 0.183249 0.268069 5.1 
10 10 0 1 0.322777 -0.10504 5.1 
10 10 6.5 1 0.332689 0.323267 5.1 
0 10 0 1 -0.315017 -0.135227 5.1 
0 10 6.5 1 -0.35825 0.299799 5.1 
0 5 10 1 -0.293247 0.4652 5.1 
10 5 10 1 0.240448 0.480659 5.1 
0 6 0 1 -0.259198 -0.0702663 5.1 
0 8 0 1 -0.283968 -0.0990924 5.1 
0 8 5 1 -0.310992 0.192227 5.1 
0 6 5 1 -0.282122 0.191562 5.1 
0 2 2.5 1 -0.230681 0.079522 5.1 
0 4 2.5 1 -0.248668 0.0695316 5.1 
0 4 5 1 -0.258794 0.191025 5.1 
0 2 5 1 -0.23955 0.190582 5.1 
0.5 0.5 -0.5 1 -0.189619 -0.0332695 5.1 
0.5 0.5 6 1 -0.209344 0.233933 5.1 
10.5 0.5 -0.5 1 0.208179 -0.0156156 5.1 
10.5 0.5 6 1 0.2085 0.249035 5.1 
10.5 10.5 -0.5 1 0.365621 -0.144 5.1 
10.5 10.5 6 1 0.379404 0.292581 5.1 
0.5 10.5 -0.5 1 -0.287487 -0.175749 5.1 
0.5 10.5 6 1 -0.329546 0.267785 5.1 
0.5 5.5 9.5 1 -0.269907 0.444188 5.1 
10.5 5.5 9.5 1 0.274471 0.460318 5.1 
0.5 6.5 -0.5 1 -0.236225 -0.101119 5.1 
0.5 8.5 -0.5 1 -0.258908 -0.134142 5.1 
0.5 8.5 4.5 1 -0.285147 0.162098 5.1 
0.5 6.5 4.5 1 -0.258467 0.164685 5.1 
0.5 2.5 2 1 -0.210761 0.0559758 5.1 
0.5 4.5 2 1 -0.22718 0.0435476 5.1 
0.5 4.5 4.5 1 -0.237006 0.166766 5.1 
0.5 2.5 4.5 1 -0.219369 0.168477 5.1 
