0 0 0 1 -0.278225 -0.0732771 5.63333 
0 0 6.5 1 -0.309616 0.200273 5.63333 
10 0 0 1 0.117118 -0.0286981 5.63333 
10 0 6.5 1 0.100444 0.224993 5.63333 
10 10 0 1 0.313464 -0.108465 5.63333 
10 10 6.5 1 0.296262 0.300117 5.63333 
0 10 0 1 -0.323013 -0.194162 5.63333 
0 10 6.5 1 -0.379501 0.268535 5.63333 
0 5 10 1 -0.358542 0.422936 5.63333 
10 5 10 1 0.164869 0.432329 5.63333 
0 6 0 1 -0.299366 -0.130337 5.63333 
0 8 0 1 -0.309778 -0.15844 5.63333 
0 8 5 1 -0.346834 0.150626 5.63333 
0 6 5 1 -0.331979 0.145601 5.63333 
0 2 2.5 1 -0.296996 0.0230912 5.63333 
0 4 2.5 1 -0.305297 0.0150712 5.63333 
0 4 5 1 -0.320075 0.141575 5.63333 
0 2 5 1 -0.310322 0.138276 5.63333 
0.5 0.5 -0.5 1 -0.255538 -0.0951235 5.63333 
0.5 0.5 6 1 -0.286602 0.181587 5.63333 
10.5 0.5 -0.5 1 0.143118 -0.0483093 5.63333 
10.5 0.5 6 1 0.127042 0.208102 5.63333 
10.5 10.5 -0.5 1 0.359314 -0.141647 5.63333 
10.5 10.5 6 1 0.344107 0.274038 5.63333 
0.5 10.5 -0.5 1 -0.285636 -0.233989 5.63333 
0.5 10.5 6 1 -0.341308 0.23781 5.63333 
0.5 5.5 9.5 1 -0.329554 0.402793 5.63333 
10.5 5.5 9.5 1 0.199702 0.414354 5.63333 
0.5 6.5 -0.5 1 -0.269674 -0.160346 5.63333 
0.5 8.5 -0.5 1 -0.276683 -0.192681 5.63333 
0.5 8.5 4.5 1 -0.313229 0.121636 5.63333 
0.5 6.5 4.5 1 -0.301869 0.119774 5.63333 
0.5 2.5 2 1 -0.272224 0.000431566 5.63333 
0.5 4.5 2 1 -0.2782 -0.00997692 5.63333 
0.5 4.5 4.5 1 -0.292805 0.118289 5.63333 
0.5 2.5 4.5 1 -0.285404 0.117076 5.63333 
