0 0 0 1 0.329018 -0.582591 14.8334 
0 0 6.5 1 0.334763 -0.109111 14.8334 
10 0 0 1 -0.380895 -0.522289 14.8334 
10 0 6.5 1 -0.32918 -0.0687502 14.8334 
10 10 0 1 -0.207704 -0.37334 14.8334 
10 10 6.5 1 -0.183127 -0.103676 14.8334 
0 10 0 1 0.209591 -0.405207 14.8334 
0 10 6.5 1 0.217851 -0.128598 14.8334 
0 5 10 1 0.2657 0.0525308 14.8334 
10 5 10 1 -0.221496 0.0782243 14.8334 
0 6 0 1 0.242995 -0.454822 14.8334 
0 8 0 1 0.224771 -0.427755 14.8334 
0 8 5 1 0.231232 -0.193308 14.8334 
0 6 5 1 0.249399 -0.19674 14.8334 
0 2 2.5 1 0.296026 -0.363863 14.8334 
0 4 2.5 1 0.268428 -0.341383 14.8334 
0 4 5 1 0.271446 -0.200905 14.8334 
0 2 5 1 0.298766 -0.206066 14.8334 
0.5 0.5 -0.5 1 0.282946 -0.602641 14.8334 
0.5 0.5 6 1 0.291534 -0.141642 14.8334 
10.5 0.5 -0.5 1 -0.404003 -0.543448 14.8334 
10.5 0.5 6 1 -0.352284 -0.101349 14.8334 
10.5 10.5 -0.5 1 -0.224658 -0.388692 14.8334 
10.5 10.5 6 1 -0.199848 -0.123098 14.8334 
0.5 10.5 -0.5 1 0.184598 -0.420302 14.8334 
0.5 10.5 6 1 0.193703 -0.14798 14.8334 
0.5 5.5 9.5 1 0.235388 0.0251434 14.8334 
10.5 5.5 9.5 1 -0.240887 0.050968 14.8334 
0.5 6.5 -0.5 1 0.212366 -0.471786 14.8334 
0.5 8.5 -0.5 1 0.197242 -0.443746 14.8334 
0.5 8.5 4.5 1 0.204498 -0.213305 14.8334 
0.5 6.5 4.5 1 0.219755 -0.218553 14.8334 
0.5 2.5 2 1 0.257388 -0.386909 14.8334 
0.5 4.5 2 1 0.234562 -0.362512 14.8334 
0.5 4.5 4.5 1 0.238193 -0.224896 14.8334 
0.5 2.5 4.5 1 0.260927 -0.232716 14.8334 
