0 0 0 1 0.257778 -0.0338621 17.3334 
0 0 6.5 1 0.275677 0.346684 17.3334 
10 0 0 1 -0.247035 -0.173869 17.3334 
10 0 6.5 1 -0.282131 0.436646 17.3334 
10 10 0 1 -0.509907 -0.0288107 17.3334 
10 10 6.5 1 -0.549806 0.336208 17.3334 
0 10 0 1 -0.0825878 0.0329753 17.3334 
0 10 6.5 1 -0.0884973 0.301201 17.3334 
0 5 10 1 0.0620742 0.506457 17.3334 
10 5 10 1 -0.477048 0.656557 17.3334 
0 6 0 1 0.026861 0.0114829 17.3334 
0 8 0 1 -0.031221 0.0228884 17.3334 
0 8 5 1 -0.0337589 0.239289 17.3334 
0 6 5 1 0.026855 0.242156 17.3334 
0 2 2.5 1 0.172967 0.112899 17.3334 
0 4 2.5 1 0.0946788 0.118951 17.3334 
0 4 5 1 0.0963711 0.245444 17.3334 
0 2 5 1 0.176906 0.249253 17.3334 
0.5 0.5 -0.5 1 0.216872 -0.0605634 17.3334 
0.5 0.5 6 1 0.23148 0.314853 17.3334 
10.5 0.5 -0.5 1 -0.305336 -0.214158 17.3334 
10.5 0.5 6 1 -0.347334 0.383161 17.3334 
10.5 10.5 -0.5 1 -0.543696 -0.0545173 17.3334 
10.5 10.5 6 1 -0.585777 0.305779 17.3334 
0.5 10.5 -0.5 1 -0.109914 0.0135931 17.3334 
0.5 10.5 6 1 -0.117256 0.279269 17.3334 
0.5 5.5 9.5 1 0.0259541 0.478289 17.3334 
10.5 5.5 9.5 1 -0.525629 0.612795 17.3334 
0.5 6.5 -0.5 1 -0.00467728 -0.0102879 17.3334 
0.5 8.5 -0.5 1 -0.0605058 0.00238106 17.3334 
0.5 8.5 4.5 1 -0.0642978 0.216612 17.3334 
0.5 6.5 4.5 1 -0.00614298 0.217919 17.3334 
0.5 2.5 2 1 0.134732 0.0865015 17.3334 
0.5 4.5 2 1 0.0596831 0.0943924 17.3334 
0.5 4.5 4.5 1 0.0604949 0.219417 17.3334 
0.5 2.5 4.5 1 0.137618 0.221151 17.3334 
