0 0 0 1 0.236912 -0.474297 12.2667 
0 0 6.5 1 0.184468 0.149022 12.2667 
10 0 0 1 -0.226 -0.285224 12.2667 
10 0 6.5 1 -0.266034 0.0749966 12.2667 
10 10 0 1 0.139731 -0.164311 12.2667 
10 10 6.5 1 0.116318 0.100535 12.2667 
0 10 0 1 0.587573 -0.226918 12.2667 
0 10 6.5 1 0.563849 0.15709 12.2667 
0 5 10 1 0.401786 0.421444 12.2667 
10 5 10 1 -0.061574 0.258818 12.2667 
0 6 0 1 0.485516 -0.298916 12.2667 
0 8 0 1 0.540792 -0.259921 12.2667 
0 8 5 1 0.520202 0.0581979 12.2667 
0 6 5 1 0.461859 0.0478756 12.2667 
0 2 2.5 1 0.32196 -0.194028 12.2667 
0 4 2.5 1 0.405554 -0.157304 12.2667 
0 4 5 1 0.391593 0.0354439 12.2667 
0 2 5 1 0.305334 0.0201828 12.2667 
0.5 0.5 -0.5 1 0.229888 -0.483468 12.2667 
0.5 0.5 6 1 0.180754 0.0972084 12.2667 
10.5 0.5 -0.5 1 -0.212078 -0.298097 12.2667 
10.5 0.5 6 1 -0.250222 0.0474649 12.2667 
10.5 10.5 -0.5 1 0.139442 -0.17737 12.2667 
10.5 10.5 6 1 0.116715 0.0794671 12.2667 
0.5 10.5 -0.5 1 0.568613 -0.242957 12.2667 
0.5 10.5 6 1 0.545474 0.124441 12.2667 
0.5 5.5 9.5 1 0.38739 0.366634 12.2667 
10.5 5.5 9.5 1 -0.0550204 0.228918 12.2667 
0.5 6.5 -0.5 1 0.468238 -0.314229 12.2667 
0.5 8.5 -0.5 1 0.522416 -0.275759 12.2667 
0.5 8.5 4.5 1 0.502427 0.0275864 12.2667 
0.5 6.5 4.5 1 0.445408 0.0150782 12.2667 
0.5 2.5 2 1 0.310541 -0.218993 12.2667 
0.5 4.5 2 1 0.390734 -0.181856 12.2667 
0.5 4.5 4.5 1 0.37737 0.000152881 12.2667 
0.5 2.5 4.5 1 0.294777 -0.0179652 12.2667 
