0 0 0 1 0.258722 -0.251905 16.3001 
0 0 6.5 1 0.30258 0.127686 16.3001 
10 0 0 1 -0.356989 -0.302795 16.3001 
10 0 6.5 1 -0.334893 0.193418 16.3001 
10 10 0 1 -0.384587 -0.119131 16.3001 
10 10 6.5 1 -0.372721 0.174202 16.3001 
0 10 0 1 0.0219289 -0.113414 16.3001 
0 10 6.5 1 0.0434633 0.134852 16.3001 
0 5 10 1 0.161637 0.302409 16.3001 
10 5 10 1 -0.34997 0.393021 16.3001 
0 6 0 1 0.0937873 -0.155441 16.3001 
0 8 0 1 0.055183 -0.132863 16.3001 
0 8 5 1 0.073668 0.0708755 16.3001 
0 6 5 1 0.114769 0.0645314 16.3001 
0 2 2.5 1 0.207055 -0.0846938 16.3001 
0 4 2.5 1 0.151039 -0.0640791 16.3001 
0 4 5 1 0.163259 0.0570469 16.3001 
0 2 5 1 0.221326 0.048084 16.3001 
0.5 0.5 -0.5 1 0.214461 -0.270893 16.3001 
0.5 0.5 6 1 0.255589 0.100773 16.3001 
10.5 0.5 -0.5 1 -0.399861 -0.326127 16.3001 
10.5 0.5 6 1 -0.380723 0.156627 16.3001 
10.5 10.5 -0.5 1 -0.409844 -0.135629 16.3001 
10.5 10.5 6 1 -0.398981 0.152962 16.3001 
0.5 10.5 -0.5 1 -0.00438312 -0.127535 16.3001 
0.5 10.5 6 1 0.0161548 0.117324 16.3001 
0.5 5.5 9.5 1 0.126108 0.27823 16.3001 
10.5 5.5 9.5 1 -0.384289 0.361559 16.3001 
0.5 6.5 -0.5 1 0.0623171 -0.171228 16.3001 
0.5 8.5 -0.5 1 0.0265153 -0.147775 16.3001 
0.5 8.5 4.5 1 0.0441025 0.0529798 16.3001 
0.5 6.5 4.5 1 0.0822233 0.0452694 16.3001 
0.5 2.5 2 1 0.167235 -0.1049 16.3001 
0.5 4.5 2 1 0.115539 -0.0828307 16.3001 
0.5 4.5 4.5 1 0.127093 0.0361941 16.3001 
0.5 2.5 4.5 1 0.180676 0.0253562 16.3001 
