0 0 0 1 0.365411 -0.525685 12.9334 
0 0 6.5 1 0.296746 0.0682564 12.9334 
10 0 0 1 -0.233814 -0.407193 12.9334 
10 0 6.5 1 -0.262425 -0.0233418 12.9334 
10 10 0 1 0.0860919 -0.2769 12.9334 
10 10 6.5 1 0.0605772 -0.0162041 12.9334 
0 10 0 1 0.534371 -0.303326 12.9334 
0 10 6.5 1 0.489986 0.0397802 12.9334 
0 5 10 1 0.390768 0.273681 12.9334 
10 5 10 1 -0.0850652 0.142523 12.9334 
0 6 0 1 0.487463 -0.365059 12.9334 
0 8 0 1 0.513088 -0.331336 12.9334 
0 8 5 1 0.476076 -0.041291 12.9334 
0 6 5 1 0.447338 -0.0453421 12.9334 
0 2 2.5 1 0.392114 -0.254584 12.9334 
0 4 2.5 1 0.433851 -0.226113 12.9334 
0 4 5 1 0.412237 -0.0502902 12.9334 
0 2 5 1 0.368395 -0.0564706 12.9334 
0.5 0.5 -0.5 1 0.340438 -0.543722 12.9334 
0.5 0.5 6 1 0.276559 0.0179574 12.9334 
10.5 0.5 -0.5 1 -0.227496 -0.423504 12.9334 
10.5 0.5 6 1 -0.255216 -0.0533871 12.9334 
10.5 10.5 -0.5 1 0.0821054 -0.291513 12.9334 
10.5 10.5 6 1 0.057315 -0.0372222 12.9334 
0.5 10.5 -0.5 1 0.513846 -0.321575 12.9334 
0.5 10.5 6 1 0.471422 0.0105234 12.9334 
0.5 5.5 9.5 1 0.371999 0.228099 12.9334 
10.5 5.5 9.5 1 -0.0845249 0.11324 12.9334 
0.5 6.5 -0.5 1 0.464838 -0.384358 12.9334 
0.5 8.5 -0.5 1 0.491526 -0.350169 12.9334 
0.5 8.5 4.5 1 0.456287 -0.070322 12.9334 
0.5 6.5 4.5 1 0.426804 -0.0769898 12.9334 
0.5 2.5 2 1 0.369139 -0.283781 12.9334 
0.5 4.5 2 1 0.411472 -0.253455 12.9334 
0.5 4.5 4.5 1 0.391079 -0.0850688 12.9334 
0.5 2.5 4.5 1 0.346898 -0.0950604 12.9334 
