0 0 0 1 0.296379 -0.376611 15.3334 
0 0 6.5 1 0.325824 0.0465245 15.3334 
10 0 0 1 -0.380641 -0.333697 15.3334 
10 0 6.5 1 -0.327115 0.118196 15.3334 
10 10 0 1 -0.269883 -0.222262 15.3334 
10 10 6.5 1 -0.240123 0.0449234 15.3334 
0 10 0 1 0.135225 -0.252858 15.3334 
0 10 6.5 1 0.156251 0.00401061 15.3334 
0 5 10 1 0.233487 0.186268 15.3334 
10 5 10 1 -0.252753 0.24645 15.3334 
0 6 0 1 0.181551 -0.288432 15.3334 
0 8 0 1 0.156402 -0.26912 15.3334 
0 8 5 1 0.173687 -0.0536764 15.3334 
0 6 5 1 0.200003 -0.0527998 15.3334 
0 2 2.5 1 0.259985 -0.193917 15.3334 
0 4 2.5 1 0.221877 -0.180516 15.3334 
0 4 5 1 0.231663 -0.0517451 15.3334 
0 2 5 1 0.270479 -0.050452 15.3334 
0.5 0.5 -0.5 1 0.25043 -0.397397 15.3334 
0.5 0.5 6 1 0.280487 0.0156391 15.3334 
10.5 0.5 -0.5 1 -0.410952 -0.357171 15.3334 
10.5 0.5 6 1 -0.357917 0.0832288 15.3334 
10.5 10.5 -0.5 1 -0.289757 -0.23808 15.3334 
10.5 10.5 6 1 -0.260104 0.025047 15.3334 
0.5 10.5 -0.5 1 0.1097 -0.267542 15.3334 
0.5 10.5 6 1 0.130864 -0.014428 15.3334 
0.5 5.5 9.5 1 0.201016 0.160273 15.3334 
10.5 5.5 9.5 1 -0.27712 0.217907 15.3334 
0.5 6.5 -0.5 1 0.150454 -0.305146 15.3334 
0.5 8.5 -0.5 1 0.12836 -0.28476 15.3334 
0.5 8.5 4.5 1 0.14578 -0.0727468 15.3334 
0.5 6.5 4.5 1 0.169082 -0.0736118 15.3334 
0.5 2.5 2 1 0.22047 -0.216355 15.3334 
0.5 4.5 2 1 0.187115 -0.200977 15.3334 
0.5 4.5 4.5 1 0.197019 -0.0746489 15.3334 
0.5 2.5 4.5 1 0.231129 -0.0759152 15.3334 
