0 0 0 1 0.390225 -0.486964 13.2667 
0 0 6.5 1 0.322203 0.0810335 13.2667 
10 0 0 1 -0.251554 -0.414457 13.2667 
10 0 6.5 1 -0.267991 -0.0199379 13.2667 
10 10 0 1 0.0459448 -0.301018 13.2667 
10 10 6.5 1 0.0252531 -0.040657 13.2667 
0 10 0 1 0.488743 -0.312658 13.2667 
0 10 6.5 1 0.444836 0.0133747 13.2667 
0 5 10 1 0.372899 0.244301 13.2667 
10 5 10 1 -0.102552 0.126631 13.2667 
0 6 0 1 0.461651 -0.360591 13.2667 
0 8 0 1 0.476475 -0.334364 13.2667 
0 8 5 1 0.439697 -0.0573793 13.2667 
0 6 5 1 0.42175 -0.0548525 13.2667 
0 2 2.5 1 0.395747 -0.236134 13.2667 
0 4 2.5 1 0.421123 -0.218664 13.2667 
0 4 5 1 0.399806 -0.0517629 13.2667 
0 2 5 1 0.37236 -0.0478987 13.2667 
0.5 0.5 -0.5 1 0.359392 -0.511934 13.2667 
0.5 0.5 6 1 0.296724 0.0300183 13.2667 
10.5 0.5 -0.5 1 -0.249692 -0.434498 13.2667 
10.5 0.5 6 1 -0.265647 -0.0527171 13.2667 
10.5 10.5 -0.5 1 0.039972 -0.317126 13.2667 
10.5 10.5 6 1 0.0199561 -0.0623645 13.2667 
0.5 10.5 -0.5 1 0.467803 -0.332489 13.2667 
0.5 10.5 6 1 0.426005 -0.0151869 13.2667 
0.5 5.5 9.5 1 0.352509 0.201281 13.2667 
10.5 5.5 9.5 1 -0.105236 0.0966719 13.2667 
0.5 6.5 -0.5 1 0.437497 -0.382653 13.2667 
0.5 8.5 -0.5 1 0.454032 -0.355283 13.2667 
0.5 8.5 4.5 1 0.419183 -0.0864776 13.2667 
0.5 6.5 4.5 1 0.399883 -0.0868533 13.2667 
0.5 2.5 2 1 0.369166 -0.268646 13.2667 
0.5 4.5 2 1 0.396439 -0.248318 13.2667 
0.5 4.5 4.5 1 0.376452 -0.0873094 13.2667 
0.5 2.5 4.5 1 0.347402 -0.0878749 13.2667 
