0 0 0 1 -0.387078 -0.379261 6.53333 
0 0 6.5 1 -0.410951 -0.067103 6.53333 
10 0 0 1 0.0316377 -0.285388 6.53333 
10 0 6.5 1 0.00682259 -0.0305688 6.53333 
10 10 0 1 0.324707 -0.384592 6.53333 
10 10 6.5 1 0.28128 0.00584123 6.53333 
0 10 0 1 -0.291196 -0.586702 6.53333 
0 10 6.5 1 -0.334854 -0.0433483 6.53333 
0 5 10 1 -0.39915 0.148853 6.53333 
10 5 10 1 0.0988424 0.146072 6.53333 
0 6 0 1 -0.342725 -0.475219 6.53333 
0 8 0 1 -0.320292 -0.523751 6.53333 
0 8 5 1 -0.349272 -0.157773 6.53333 
0 6 5 1 -0.368084 -0.151256 6.53333 
0 2 2.5 1 -0.385254 -0.2727 6.53333 
0 4 2.5 1 -0.371897 -0.290323 6.53333 
0 4 5 1 -0.383086 -0.146059 6.53333 
0 2 5 1 -0.395327 -0.141818 6.53333 
0.5 0.5 -0.5 1 -0.356515 -0.40414 6.53333 
0.5 0.5 6 1 -0.38113 -0.0880667 6.53333 
10.5 0.5 -0.5 1 0.0605065 -0.304811 6.53333 
10.5 0.5 6 1 0.0350972 -0.0473873 6.53333 
10.5 10.5 -0.5 1 0.373483 -0.415991 6.53333 
10.5 10.5 6 1 0.328497 -0.019412 6.53333 
0.5 10.5 -0.5 1 -0.235538 -0.634621 6.53333 
0.5 10.5 6 1 -0.281546 -0.0793034 6.53333 
0.5 5.5 9.5 1 -0.361522 0.125589 6.53333 
10.5 5.5 9.5 1 0.133803 0.127847 6.53333 
0.5 6.5 -0.5 1 -0.300811 -0.510265 6.53333 
0.5 8.5 -0.5 1 -0.27247 -0.564261 6.53333 
0.5 8.5 4.5 1 -0.302812 -0.191248 6.53333 
0.5 6.5 4.5 1 -0.327228 -0.1808 6.53333 
0.5 2.5 2 1 -0.352003 -0.298416 6.53333 
0.5 4.5 2 1 -0.335023 -0.318943 6.53333 
0.5 4.5 4.5 1 -0.34663 -0.172498 6.53333 
0.5 2.5 4.5 1 -0.362418 -0.165743 6.53333 
