0 0 0 1 -0.00334693 -0.106946 3.4 
0 0 6.5 1 0.0211625 0.144833 3.4 
10 0 0 1 0.40927 -0.183241 3.4 
10 0 6.5 1 0.446089 0.125807 3.4 
10 10 0 1 0.307037 -0.312138 3.4 
10 10 6.5 1 0.367963 0.219505 3.4 
0 10 0 1 -0.287972 -0.160537 3.4 
0 10 6.5 1 -0.256307 0.221577 3.4 
0 5 10 1 -0.0735277 0.342695 3.4 
10 5 10 1 0.442997 0.377231 3.4 
0 6 0 1 -0.145105 -0.133637 3.4 
0 8 0 1 -0.209906 -0.145838 3.4 
0 8 5 1 -0.186869 0.119421 3.4 
0 6 5 1 -0.123236 0.108957 3.4 
0 2 2.5 1 -0.0339172 -0.011509 3.4 
0 4 2.5 1 -0.0801275 -0.0122403 3.4 
0 4 5 1 -0.0696838 0.10015 3.4 
0 2 5 1 -0.0239926 0.0926364 3.4 
0.5 0.5 -0.5 1 0.00231248 -0.131563 3.4 
0.5 0.5 6 1 0.0275407 0.126494 3.4 
10.5 0.5 -0.5 1 0.429471 -0.216109 3.4 
10.5 0.5 6 1 0.467823 0.10245 3.4 
10.5 10.5 -0.5 1 0.336697 -0.376952 3.4 
10.5 10.5 6 1 0.402011 0.183476 3.4 
0.5 10.5 -0.5 1 -0.290594 -0.200378 3.4 
0.5 10.5 6 1 -0.257701 0.196388 3.4 
0.5 5.5 9.5 1 -0.0687615 0.3266 3.4 
10.5 5.5 9.5 1 0.470986 0.357595 3.4 
0.5 6.5 -0.5 1 -0.142593 -0.165607 3.4 
0.5 8.5 -0.5 1 -0.209476 -0.181321 3.4 
0.5 8.5 4.5 1 -0.185596 0.0930809 3.4 
0.5 6.5 4.5 1 -0.119967 0.0846107 3.4 
0.5 2.5 2 1 -0.0286575 -0.0354384 3.4 
0.5 4.5 2 1 -0.0758389 -0.0381334 3.4 
0.5 4.5 4.5 1 -0.0650519 0.0775232 3.4 
0.5 2.5 4.5 1 -0.0184247 0.0715054 3.4 
