0 0 0 1 0.269351 -0.18882 18.3001 
0 0 6.5 1 0.248826 0.163205 18.3001 
10 0 0 1 0.00176144 -0.481746 18.3001 
10 0 6.5 1 -0.0568562 0.170609 18.3001 
10 10 0 1 -0.569282 -0.333898 18.3001 
10 10 6.5 1 -0.634151 0.0966199 18.3001 
0 10 0 1 -0.152423 -0.157075 18.3001 
0 10 6.5 1 -0.180859 0.118389 18.3001 
0 5 10 1 -0.00720555 0.313081 18.3001 
10 5 10 1 -0.44544 0.430282 18.3001 
0 6 0 1 -0.0073843 -0.167991 18.3001 
0 8 0 1 -0.0831435 -0.162289 18.3001 
0 8 5 1 -0.104232 0.0576768 18.3001 
0 6 5 1 -0.0276141 0.0623754 18.3001 
0 2 2.5 1 0.158906 -0.0556594 18.3001 
0 4 2.5 1 0.0663851 -0.0548995 18.3001 
0 4 5 1 0.056717 0.0675471 18.3001 
0 2 5 1 0.149988 0.0732669 18.3001 
0.5 0.5 -0.5 1 0.236606 -0.221016 18.3001 
0.5 0.5 6 1 0.214694 0.13221 18.3001 
10.5 0.5 -0.5 1 -0.0625277 -0.545325 18.3001 
10.5 0.5 6 1 -0.126633 0.11103 18.3001 
10.5 10.5 -0.5 1 -0.616537 -0.374795 18.3001 
10.5 10.5 6 1 -0.6842 0.0574796 18.3001 
0.5 10.5 -0.5 1 -0.180328 -0.182184 18.3001 
0.5 10.5 6 1 -0.209743 0.0940141 18.3001 
0.5 5.5 9.5 1 -0.0392102 0.286369 18.3001 
10.5 5.5 9.5 1 -0.506155 0.384801 18.3001 
0.5 6.5 -0.5 1 -0.0370871 -0.195525 18.3001 
0.5 8.5 -0.5 1 -0.111925 -0.188555 18.3001 
0.5 8.5 4.5 1 -0.133812 0.0320156 18.3001 
0.5 6.5 4.5 1 -0.0581723 0.0355047 18.3001 
0.5 2.5 2 1 0.126736 -0.0857472 18.3001 
0.5 4.5 2 1 0.0352623 -0.0834787 18.3001 
0.5 4.5 4.5 1 0.025129 0.0393473 18.3001 
0.5 2.5 4.5 1 0.117318 0.0435998 18.3001 
