0 0 0 1 0.257614 -0.0306269 17.3667 
0 0 6.5 1 0.274165 0.349866 17.3667 
10 0 0 1 -0.241789 -0.172978 17.3667 
10 0 6.5 1 -0.27847 0.441521 17.3667 
10 10 0 1 -0.513944 -0.0300466 17.3667 
10 10 6.5 1 -0.555586 0.337671 17.3667 
0 10 0 1 -0.0860336 0.033735 17.3667 
0 10 6.5 1 -0.0930197 0.30262 17.3667 
0 5 10 1 0.0583707 0.508868 17.3667 
10 5 10 1 -0.480405 0.661496 17.3667 
0 6 0 1 0.0246884 0.0129978 17.3667 
0 8 0 1 -0.0340435 0.0239977 17.3667 
0 8 5 1 -0.0374232 0.240847 17.3667 
0 6 5 1 0.0238121 0.244049 17.3667 
0 2 2.5 1 0.171678 0.115537 17.3667 
0 4 2.5 1 0.0927342 0.121085 17.3667 
0 4 5 1 0.0939625 0.247718 17.3667 
0 2 5 1 0.175127 0.251962 17.3667 
0.5 0.5 -0.5 1 0.216897 -0.0575731 17.3667 
0.5 0.5 6 1 0.230197 0.317949 17.3667 
10.5 0.5 -0.5 1 -0.300567 -0.213985 17.3667 
10.5 0.5 6 1 -0.344246 0.38755 17.3667 
10.5 10.5 -0.5 1 -0.548095 -0.0561578 17.3667 
10.5 10.5 6 1 -0.591963 0.306912 17.3667 
0.5 10.5 -0.5 1 -0.113385 0.0141565 17.3667 
0.5 10.5 6 1 -0.121801 0.280557 17.3667 
0.5 5.5 9.5 1 0.0223172 0.480644 17.3667 
10.5 5.5 9.5 1 -0.529507 0.617423 17.3667 
0.5 6.5 -0.5 1 -0.00682283 -0.00898636 17.3667 
0.5 8.5 -0.5 1 -0.0633309 0.00328587 17.3667 
0.5 8.5 4.5 1 -0.0679607 0.218023 17.3667 
0.5 6.5 4.5 1 -0.00915132 0.219666 17.3667 
0.5 2.5 2 1 0.133571 0.0889513 17.3667 
0.5 4.5 2 1 0.0578106 0.0963407 17.3667 
0.5 4.5 4.5 1 0.058165 0.221548 17.3667 
0.5 2.5 4.5 1 0.135978 0.223723 17.3667 
