0 0 0 1 -0.0224325 -0.0667214 3.6 
0 0 6.5 1 -0.000181185 0.184865 3.6 
10 0 0 1 0.384813 -0.134028 3.6 
10 0 6.5 1 0.422524 0.165978 3.6 
10 10 0 1 0.31887 -0.260844 3.6 
10 10 6.5 1 0.381285 0.254378 3.6 
0 10 0 1 -0.287354 -0.126377 3.6 
0 10 6.5 1 -0.262167 0.260833 3.6 
0 5 10 1 -0.0894604 0.385942 3.6 
10 5 10 1 0.434146 0.413447 3.6 
0 6 0 1 -0.15363 -0.0962648 3.6 
0 8 0 1 -0.214096 -0.109881 3.6 
0 8 5 1 -0.194999 0.157047 3.6 
0 6 5 1 -0.134914 0.147146 3.6 
0 2 2.5 1 -0.0509318 0.0274165 3.6 
0 4 2.5 1 -0.0938637 0.0259036 3.6 
0 4 5 1 -0.0846722 0.138867 3.6 
0 2 5 1 -0.0420378 0.131841 3.6 
0.5 0.5 -0.5 1 -0.0155595 -0.0909921 3.6 
0.5 0.5 6 1 0.00740429 0.166292 3.6 
10.5 0.5 -0.5 1 0.404946 -0.16512 3.6 
10.5 0.5 6 1 0.44435 0.143019 3.6 
10.5 10.5 -0.5 1 0.350551 -0.321379 3.6 
10.5 10.5 6 1 0.41786 0.218301 3.6 
0.5 10.5 -0.5 1 -0.286687 -0.166215 3.6 
0.5 10.5 6 1 -0.260492 0.234664 3.6 
0.5 5.5 9.5 1 -0.0828073 0.369112 3.6 
10.5 5.5 9.5 1 0.463076 0.393177 3.6 
0.5 6.5 -0.5 1 -0.148953 -0.128001 3.6 
0.5 8.5 -0.5 1 -0.211008 -0.145218 3.6 
0.5 8.5 4.5 1 -0.191171 0.130115 3.6 
0.5 6.5 4.5 1 -0.12954 0.12238 3.6 
0.5 2.5 2 1 -0.0442176 0.00353501 3.6 
0.5 4.5 2 1 -0.0878182 -1.3269e-05 3.6 
0.5 4.5 4.5 1 -0.0782985 0.115949 3.6 
0.5 2.5 4.5 1 -0.0350225 0.110517 3.6 
