0 0 0 1 0.3853 -0.680799 14.2667 
0 0 6.5 1 0.355204 -0.150486 14.2667 
10 0 0 1 -0.340083 -0.59871 14.2667 
10 0 6.5 1 -0.307509 -0.149679 14.2667 
10 10 0 1 -0.112277 -0.442802 14.2667 
10 10 6.5 1 -0.103389 -0.170072 14.2667 
0 10 0 1 0.320559 -0.473234 14.2667 
0 10 6.5 1 0.306415 -0.172515 14.2667 
0 5 10 1 0.31511 0.0210087 14.2667 
10 5 10 1 -0.173938 0.00363742 14.2667 
0 6 0 1 0.338264 -0.529999 14.2667 
0 8 0 1 0.328567 -0.498909 14.2667 
0 8 5 1 0.31617 -0.242099 14.2667 
0 6 5 1 0.324127 -0.245905 14.2667 
0 2 2.5 1 0.355396 -0.430725 14.2667 
0 4 2.5 1 0.341807 -0.404796 14.2667 
0 4 5 1 0.333852 -0.250556 14.2667 
0 2 5 1 0.346008 -0.25637 14.2667 
0.5 0.5 -0.5 1 0.341048 -0.701755 14.2667 
0.5 0.5 6 1 0.316 -0.187934 14.2667 
10.5 0.5 -0.5 1 -0.354221 -0.619227 14.2667 
10.5 0.5 6 1 -0.321517 -0.182036 14.2667 
10.5 10.5 -0.5 1 -0.125475 -0.458478 14.2667 
10.5 10.5 6 1 -0.116103 -0.190134 14.2667 
0.5 10.5 -0.5 1 0.296568 -0.48981 14.2667 
0.5 10.5 6 1 0.284014 -0.194422 14.2667 
0.5 5.5 9.5 1 0.287828 -0.0103002 14.2667 
10.5 5.5 9.5 1 -0.187443 -0.024074 14.2667 
0.5 6.5 -0.5 1 0.308881 -0.54848 14.2667 
0.5 8.5 -0.5 1 0.302151 -0.516414 14.2667 
0.5 8.5 4.5 1 0.291248 -0.264664 14.2667 
0.5 6.5 4.5 1 0.296576 -0.270574 14.2667 
0.5 2.5 2 1 0.319064 -0.45642 14.2667 
0.5 4.5 2 1 0.3099 -0.428376 14.2667 
0.5 4.5 4.5 1 0.303055 -0.277761 14.2667 
0.5 2.5 4.5 1 0.311103 -0.286689 14.2667 
