0 0 0 1 0.289802 -0.406514 19.8667 
0 0 6.5 1 0.256828 -0.0622512 19.8667 
10 0 0 1 0.552457 -0.667939 19.8667 
10 0 6.5 1 0.458323 0.0428023 19.8667 
10 10 0 1 -0.538952 -0.702204 19.8667 
10 10 6.5 1 -0.514409 -0.0159213 19.8667 
0 10 0 1 -0.236048 -0.42882 19.8667 
0 10 6.5 1 -0.239838 -0.0903463 19.8667 
0 5 10 1 -0.00299145 0.0923115 19.8667 
10 5 10 1 -0.052503 0.330101 19.8667 
0 6 0 1 -0.0284444 -0.420014 19.8667 
0 8 0 1 -0.132694 -0.424436 19.8667 
0 8 5 1 -0.140042 -0.159868 19.8667 
0 6 5 1 -0.040263 -0.154536 19.8667 
0 2 2.5 1 0.172067 -0.274462 19.8667 
0 4 2.5 1 0.0683522 -0.279446 19.8667 
0 4 5 1 0.0603483 -0.149159 19.8667 
0 2 5 1 0.161802 -0.143737 19.8667 
0.5 0.5 -0.5 1 0.271316 -0.442986 19.8667 
0.5 0.5 6 1 0.238446 -0.0867351 19.8667 
10.5 0.5 -0.5 1 0.529688 -0.764637 19.8667 
10.5 0.5 6 1 0.432673 -0.000950425 19.8667 
10.5 10.5 -0.5 1 -0.629728 -0.796532 19.8667 
10.5 10.5 6 1 -0.593704 -0.0611521 19.8667 
0.5 10.5 -0.5 1 -0.269821 -0.46515 19.8667 
0.5 10.5 6 1 -0.271835 -0.11511 19.8667 
0.5 5.5 9.5 1 -0.0278267 0.0730726 19.8667 
10.5 5.5 9.5 1 -0.103813 0.305302 19.8667 
0.5 6.5 -0.5 1 -0.0562669 -0.456403 19.8667 
0.5 8.5 -0.5 1 -0.163519 -0.460796 19.8667 
0.5 8.5 4.5 1 -0.169733 -0.187055 19.8667 
0.5 6.5 4.5 1 -0.0672068 -0.181686 19.8667 
0.5 2.5 2 1 0.150583 -0.306027 19.8667 
0.5 4.5 2 1 0.0438961 -0.311019 19.8667 
0.5 4.5 4.5 1 0.0361989 -0.17627 19.8667 
0.5 2.5 4.5 1 0.140495 -0.170807 19.8667 
