0 0 0 1 -0.00943178 -0.0914876 3.46666 
0 0 6.5 1 0.0144728 0.160139 3.46666 
10 0 0 1 0.40132 -0.164522 3.46666 
10 0 6.5 1 0.438674 0.141348 3.46666 
10 10 0 1 0.311718 -0.29131 3.46666 
10 10 6.5 1 0.373412 0.234772 3.46666 
0 10 0 1 -0.287424 -0.146153 3.46666 
0 10 6.5 1 -0.257756 0.23762 3.46666 
0 5 10 1 -0.0782619 0.359433 3.46666 
10 5 10 1 0.440856 0.391993 3.46666 
0 6 0 1 -0.147613 -0.11866 3.46666 
0 8 0 1 -0.21096 -0.131117 3.46666 
0 8 5 1 -0.189118 0.134652 3.46666 
0 6 5 1 -0.126678 0.12415 3.46666 
0 2 2.5 1 -0.0392352 0.00361265 3.46666 
0 4 2.5 1 -0.0843328 0.00277761 3.46666 
0 4 5 1 -0.0742466 0.115331 3.46666 
0 2 5 1 -0.0295954 0.107821 3.46666 
0.5 0.5 -0.5 1 -0.0033745 -0.11594 3.46666 
0.5 0.5 6 1 0.0212476 0.141769 3.46666 
10.5 0.5 -0.5 1 0.421484 -0.196714 3.46666 
10.5 0.5 6 1 0.460434 0.118187 3.46666 
10.5 10.5 -0.5 1 0.342108 -0.354472 3.46666 
10.5 10.5 6 1 0.408378 0.198904 3.46666 
0.5 10.5 -0.5 1 -0.288954 -0.185891 3.46666 
0.5 10.5 6 1 -0.258138 0.212213 3.46666 
0.5 5.5 9.5 1 -0.0728721 0.343163 3.46666 
10.5 5.5 9.5 1 0.469186 0.372241 3.46666 
0.5 6.5 -0.5 1 -0.144384 -0.150479 3.46666 
0.5 8.5 -0.5 1 -0.209648 -0.166465 3.46666 
0.5 8.5 4.5 1 -0.186999 0.108202 3.46666 
0.5 6.5 4.5 1 -0.122713 0.0997362 3.46666 
0.5 2.5 2 1 -0.0334963 -0.0202471 3.46666 
0.5 4.5 2 1 -0.0794637 -0.0230617 3.46666 
0.5 4.5 4.5 1 -0.0690393 0.0926684 3.46666 
0.5 2.5 4.5 1 -0.0235505 0.0866784 3.46666 
