0 0 0 1 0.288947 -0.270171 18.9001 
0 0 6.5 1 0.253173 0.0776333 18.9001 
10 0 0 1 0.216845 -0.573837 18.9001 
10 0 6.5 1 0.145147 0.130375 18.9001 
10 10 0 1 -0.58683 -0.496483 18.9001 
10 10 6.5 1 -0.635114 0.0183893 18.9001 
0 10 0 1 -0.181634 -0.272769 18.9001 
0 10 6.5 1 -0.210507 0.0215755 18.9001 
0 5 10 1 -0.0151016 0.218108 18.9001 
10 5 10 1 -0.336265 0.383056 18.9001 
0 6 0 1 -0.0119604 -0.271832 18.9001 
0 8 0 1 -0.0994967 -0.272316 18.9001 
0 8 5 1 -0.122622 -0.0385497 18.9001 
0 6 5 1 -0.0360572 -0.0304038 18.9001 
0 2 2.5 1 0.168424 -0.141411 18.9001 
0 4 2.5 1 0.0689344 -0.146353 18.9001 
0 4 5 1 0.0563755 -0.0217057 18.9001 
0 2 5 1 0.155294 -0.0123972 18.9001 
0.5 0.5 -0.5 1 0.261661 -0.305246 18.9001 
0.5 0.5 6 1 0.225388 0.0484892 18.9001 
10.5 0.5 -0.5 1 0.158113 -0.65662 18.9001 
10.5 0.5 6 1 0.0843884 0.0723373 18.9001 
10.5 10.5 -0.5 1 -0.649406 -0.554449 18.9001 
10.5 10.5 6 1 -0.698557 -0.0264733 18.9001 
0.5 10.5 -0.5 1 -0.211304 -0.302396 18.9001 
0.5 10.5 6 1 -0.240494 -0.00381497 18.9001 
0.5 5.5 9.5 1 -0.0445855 0.193617 18.9001 
10.5 5.5 9.5 1 -0.400994 0.341687 18.9001 
0.5 6.5 -0.5 1 -0.0410517 -0.303422 18.9001 
0.5 8.5 -0.5 1 -0.128926 -0.302893 18.9001 
0.5 8.5 4.5 1 -0.152317 -0.0656513 18.9001 
0.5 6.5 4.5 1 -0.0654387 -0.0582847 18.9001 
0.5 2.5 2 1 0.140204 -0.173111 18.9001 
0.5 4.5 2 1 0.0401378 -0.177037 18.9001 
0.5 4.5 4.5 1 0.0274204 -0.050411 18.9001 
0.5 2.5 4.5 1 0.1269 -0.0419759 18.9001 
