0 0 0 1 0.283771 -0.303621 15.6334 
0 0 6.5 1 0.322553 0.103016 15.6334 
10 0 0 1 -0.377272 -0.274484 15.6334 
10 0 6.5 1 -0.328443 0.189367 15.6334 
10 10 0 1 -0.304868 -0.158811 15.6334 
10 10 6.5 1 -0.276442 0.113548 15.6334 
0 10 0 1 0.0983012 -0.18573 15.6334 
0 10 6.5 1 0.123033 0.0658451 15.6334 
0 5 10 1 0.215526 0.246253 15.6334 
10 5 10 1 -0.276503 0.324976 15.6334 
0 6 0 1 0.152439 -0.220142 15.6334 
0 8 0 1 0.123133 -0.201514 15.6334 
0 8 5 1 0.143665 0.0081794 15.6334 
0 6 5 1 0.174715 0.00844156 15.6334 
0 2 2.5 1 0.243814 -0.12998 15.6334 
0 4 2.5 1 0.199741 -0.116616 15.6334 
0 4 5 1 0.211889 0.00875545 15.6334 
0 2 5 1 0.257199 0.00913802 15.6334 
0.5 0.5 -0.5 1 0.237942 -0.323795 15.6334 
0.5 0.5 6 1 0.276085 0.0734212 15.6334 
10.5 0.5 -0.5 1 -0.411683 -0.298233 15.6334 
10.5 0.5 6 1 -0.363925 0.153401 15.6334 
10.5 10.5 -0.5 1 -0.32643 -0.174739 15.6334 
10.5 10.5 6 1 -0.298369 0.0933617 15.6334 
0.5 10.5 -0.5 1 0.0724372 -0.200054 15.6334 
0.5 10.5 6 1 0.0969023 0.0478837 15.6334 
0.5 5.5 9.5 1 0.181784 0.220956 15.6334 
10.5 5.5 9.5 1 -0.303928 0.295531 15.6334 
0.5 6.5 -0.5 1 0.121057 -0.236405 15.6334 
0.5 8.5 -0.5 1 0.0947701 -0.216751 15.6334 
0.5 8.5 4.5 1 0.115064 -0.0103395 15.6334 
0.5 6.5 4.5 1 0.143053 -0.0117158 15.6334 
0.5 2.5 2 1 0.203838 -0.151597 15.6334 
0.5 4.5 2 1 0.164477 -0.136391 15.6334 
0.5 4.5 4.5 1 0.17646 -0.0133584 15.6334 
0.5 2.5 4.5 1 0.217024 -0.0153531 15.6334 
