0 0 0 1 0.25651 -0.0279676 17.5667 
0 0 6.5 1 0.26464 0.349639 17.5667 
10 0 0 1 -0.20564 -0.18955 17.5667 
10 0 6.5 1 -0.250519 0.442877 17.5667 
10 10 0 1 -0.535556 -0.0542335 17.5667 
10 10 6.5 1 -0.586721 0.32806 17.5667 
0 10 0 1 -0.105718 0.0245294 17.5667 
0 10 6.5 1 -0.118949 0.296153 17.5667 
0 5 10 1 0.0369746 0.505131 17.5667 
10 5 10 1 -0.494792 0.666447 17.5667 
0 6 0 1 0.0124642 0.00740148 17.5667 
0 8 0 1 -0.0500478 0.0164612 17.5667 
0 8 5 1 -0.0583547 0.235016 17.5667 
0 6 5 1 0.00643881 0.239582 17.5667 
0 2 2.5 1 0.164204 0.114764 17.5667 
0 4 2.5 1 0.0816786 0.118056 17.5667 
0 4 5 1 0.0801245 0.244775 17.5667 
0 2 5 1 0.164668 0.250733 17.5667 
0.5 0.5 -0.5 1 0.21714 -0.0561852 17.5667 
0.5 0.5 6 1 0.222341 0.317545 17.5667 
10.5 0.5 -0.5 1 -0.266911 -0.234705 17.5667 
10.5 0.5 6 1 -0.31917 0.386797 17.5667 
10.5 10.5 -0.5 1 -0.571982 -0.0827929 17.5667 
10.5 10.5 6 1 -0.625619 0.295507 17.5667 
0.5 10.5 -0.5 1 -0.133178 0.00383714 17.5667 
0.5 10.5 6 1 -0.1478 0.273451 17.5667 
0.5 5.5 9.5 1 0.00150205 0.476865 17.5667 
10.5 5.5 9.5 1 -0.546903 0.62115 17.5667 
0.5 6.5 -0.5 1 -0.0187874 -0.0157622 17.5667 
0.5 8.5 -0.5 1 -0.0792822 -0.00539716 17.5667 
0.5 8.5 4.5 1 -0.0887921 0.211455 17.5667 
0.5 6.5 4.5 1 -0.0261918 0.214497 17.5667 
0.5 2.5 2 1 0.127054 0.0872498 17.5667 
0.5 4.5 2 1 0.0473354 0.0923657 17.5667 
0.5 4.5 4.5 1 0.0449646 0.217954 17.5667 
0.5 2.5 4.5 1 0.12656 0.221919 17.5667 
