0 0 0 1 -0.686 -0.418276 9.06667 
0 0 6.5 1 -0.610796 0.12576 9.06667 
10 0 0 1 -0.2465 -0.274849 9.06667 
10 0 6.5 1 -0.213485 0.0274932 9.06667 
10 10 0 1 0.233191 -0.355499 9.06667 
10 10 6.5 1 0.259681 -0.00504752 9.06667 
0 10 0 1 0.166955 -0.63226 9.06667 
0 10 6.5 1 0.223783 0.0902795 9.06667 
0 5 10 1 -0.214162 0.42338 9.06667 
10 5 10 1 0.0221158 0.181223 9.06667 
0 6 0 1 -0.233066 -0.531905 9.06667 
0 8 0 1 -0.0452545 -0.579023 9.06667 
0 8 5 1 0.00393649 -0.0518568 9.06667 
0 6 5 1 -0.180272 -0.0356113 9.06667 
0 2 2.5 1 -0.521571 -0.226696 9.06667 
0 4 2.5 1 -0.372326 -0.251687 9.06667 
0 4 5 1 -0.345092 -0.0210757 9.06667 
0 2 5 1 -0.493434 -0.00799336 9.06667 
0.5 0.5 -0.5 1 -0.62163 -0.455873 9.06667 
0.5 0.5 6 1 -0.550561 0.0765621 9.06667 
10.5 0.5 -0.5 1 -0.216645 -0.297811 9.06667 
10.5 0.5 6 1 -0.184692 0.000917643 9.06667 
10.5 10.5 -0.5 1 0.260001 -0.380711 9.06667 
10.5 10.5 6 1 0.285444 -0.0351117 9.06667 
0.5 10.5 -0.5 1 0.223821 -0.674715 9.06667 
0.5 10.5 6 1 0.276201 0.0274534 9.06667 
0.5 5.5 9.5 1 -0.158013 0.361138 9.06667 
10.5 5.5 9.5 1 0.0491917 0.150926 9.06667 
0.5 6.5 -0.5 1 -0.170997 -0.572518 9.06667 
0.5 8.5 -0.5 1 0.0147403 -0.620595 9.06667 
0.5 8.5 4.5 1 0.0603991 -0.107554 9.06667 
0.5 6.5 4.5 1 -0.121712 -0.0887545 9.06667 
0.5 2.5 2 1 -0.459192 -0.27049 9.06667 
0.5 4.5 2 1 -0.310718 -0.297087 9.06667 
0.5 4.5 4.5 1 -0.285165 -0.0718816 9.06667 
0.5 2.5 4.5 1 -0.432687 -0.0566532 9.06667 
