0 0 0 1 -0.0328987 -0.0535243 3.7 
0 0 6.5 1 -0.0122716 0.198117 3.7 
10 0 0 1 0.371831 -0.11696 3.7 
10 0 6.5 1 0.409191 0.178879 3.7 
10 10 0 1 0.322358 -0.246996 3.7 
10 10 6.5 1 0.384526 0.259844 3.7 
0 10 0 1 -0.288047 -0.11933 3.7 
0 10 6.5 1 -0.266633 0.270247 3.7 
0 5 10 1 -0.0993076 0.399436 3.7 
10 5 10 1 0.426923 0.422466 3.7 
0 6 0 1 -0.158937 -0.0860311 3.7 
0 8 0 1 -0.217236 -0.101067 3.7 
0 8 5 1 -0.200503 0.166657 3.7 
0 6 5 1 -0.14219 0.157813 3.7 
0 2 2.5 1 -0.060599 0.0395947 3.7 
0 4 2.5 1 -0.101936 0.0371695 3.7 
0 4 5 1 -0.0935722 0.150439 3.7 
0 2 5 1 -0.0524175 0.144198 3.7 
0.5 0.5 -0.5 1 -0.0253952 -0.0777633 3.7 
0.5 0.5 6 1 -0.00406159 0.179293 3.7 
10.5 0.5 -0.5 1 0.391974 -0.1474 3.7 
10.5 0.5 6 1 0.431071 0.155945 3.7 
10.5 10.5 -0.5 1 0.354871 -0.306006 3.7 
10.5 10.5 6 1 0.422112 0.223261 3.7 
0.5 10.5 -0.5 1 -0.285714 -0.159461 3.7 
0.5 10.5 6 1 -0.26338 0.243252 3.7 
0.5 5.5 9.5 1 -0.0916901 0.382023 3.7 
10.5 5.5 9.5 1 0.456232 0.401613 3.7 
0.5 6.5 -0.5 1 -0.153161 -0.117861 3.7 
0.5 8.5 -0.5 1 -0.212802 -0.136579 3.7 
0.5 8.5 4.5 1 -0.19537 0.139171 3.7 
0.5 6.5 4.5 1 -0.135742 0.132624 3.7 
0.5 2.5 2 1 -0.0531366 0.015582 3.7 
0.5 4.5 2 1 -0.0949925 0.011062 3.7 
0.5 4.5 4.5 1 -0.0863074 0.127196 3.7 
0.5 2.5 4.5 1 -0.0446579 0.122623 3.7 
