0 0 0 1 0.208977 -0.43896 12.1667 
0 0 6.5 1 0.15938 0.191067 12.1667 
10 0 0 1 -0.228724 -0.250258 12.1667 
10 0 6.5 1 -0.269075 0.108422 12.1667 
10 10 0 1 0.145125 -0.136723 12.1667 
10 10 6.5 1 0.123262 0.130243 12.1667 
0 10 0 1 0.591841 -0.20163 12.1667 
0 10 6.5 1 0.573464 0.191268 12.1667 
0 5 10 1 0.399995 0.467679 12.1667 
10 5 10 1 -0.0595138 0.292054 12.1667 
0 6 0 1 0.479411 -0.271324 12.1667 
0 8 0 1 0.540202 -0.23364 12.1667 
0 8 5 1 0.523659 0.0906553 12.1667 
0 6 5 1 0.459645 0.0814584 12.1667 
0 2 2.5 1 0.303931 -0.160694 12.1667 
0 4 2.5 1 0.394979 -0.125916 12.1667 
0 4 5 1 0.382794 0.0704175 12.1667 
0 2 5 1 0.288817 0.056916 12.1667 
0.5 0.5 -0.5 1 0.205365 -0.448867 12.1667 
0.5 0.5 6 1 0.159049 0.136832 12.1667 
10.5 0.5 -0.5 1 -0.213702 -0.263495 12.1667 
10.5 0.5 6 1 -0.252015 0.0803797 12.1667 
10.5 10.5 -0.5 1 0.145404 -0.149998 12.1667 
10.5 10.5 6 1 0.124204 0.108683 12.1667 
0.5 10.5 -0.5 1 0.573257 -0.218054 12.1667 
0.5 10.5 6 1 0.555129 0.157154 12.1667 
0.5 5.5 9.5 1 0.386541 0.40979 12.1667 
10.5 5.5 9.5 1 -0.0520547 0.261397 12.1667 
0.5 6.5 -0.5 1 0.463281 -0.287053 12.1667 
0.5 8.5 -0.5 1 0.52254 -0.249874 12.1667 
0.5 8.5 4.5 1 0.506338 0.058801 12.1667 
0.5 6.5 4.5 1 0.44409 0.0473185 12.1667 
0.5 2.5 2 1 0.294872 -0.186623 12.1667 
0.5 4.5 2 1 0.381756 -0.151339 12.1667 
0.5 4.5 4.5 1 0.370057 0.0336622 12.1667 
0.5 2.5 4.5 1 0.280543 0.0171501 12.1667 
