0 0 0 1 -0.558925 -0.289084 9.76668 
0 0 6.5 1 -0.523284 0.326286 9.76668 
10 0 0 1 -0.251598 -0.121095 9.76668 
10 0 6.5 1 -0.226867 0.195328 9.76668 
10 10 0 1 0.236811 -0.175024 9.76668 
10 10 6.5 1 0.273373 0.152046 9.76668 
0 10 0 1 0.393377 -0.409002 9.76668 
0 10 6.5 1 0.475142 0.247951 9.76668 
0 5 10 1 -0.00956944 0.654414 9.76668 
10 5 10 1 0.0356054 0.353196 9.76668 
0 6 0 1 -0.00378097 -0.35899 9.76668 
0 8 0 1 0.191936 -0.383635 9.76668 
0 8 5 1 0.246366 0.109866 9.76668 
0 6 5 1 0.0432591 0.128093 9.76668 
0 2 2.5 1 -0.362547 -0.0781975 9.76668 
0 4 2.5 1 -0.174318 -0.0985453 9.76668 
0 4 5 1 -0.153968 0.145792 9.76668 
0 2 5 1 -0.345566 0.162987 9.76668 
0.5 0.5 -0.5 1 -0.490705 -0.322357 9.76668 
0.5 0.5 6 1 -0.453943 0.263446 9.76668 
10.5 0.5 -0.5 1 -0.222626 -0.142651 9.76668 
10.5 0.5 6 1 -0.197876 0.165772 9.76668 
10.5 10.5 -0.5 1 0.255002 -0.196046 9.76668 
10.5 10.5 6 1 0.291056 0.12248 9.76668 
0.5 10.5 -0.5 1 0.421446 -0.438938 9.76668 
0.5 10.5 6 1 0.500404 0.184398 9.76668 
0.5 5.5 9.5 1 0.0389082 0.571937 9.76668 
10.5 5.5 9.5 1 0.0590135 0.318881 9.76668 
0.5 6.5 -0.5 1 0.0417462 -0.390409 9.76668 
0.5 8.5 -0.5 1 0.228987 -0.41434 9.76668 
0.5 8.5 4.5 1 0.282008 0.0544652 9.76668 
0.5 6.5 4.5 1 0.0880195 0.0726044 9.76668 
0.5 2.5 2 1 -0.30127 -0.121991 9.76668 
0.5 4.5 2 1 -0.120861 -0.141998 9.76668 
0.5 4.5 4.5 1 -0.100616 0.090243 9.76668 
0.5 2.5 4.5 1 -0.284116 0.107401 9.76668 
