0 0 0 1 0.00997621 -0.240107 11.5334 
0 0 6.5 1 -0.0259781 0.455432 11.5334 
10 0 0 1 -0.246885 -0.0593471 11.5334 
10 0 6.5 1 -0.281211 0.301467 11.5334 
10 10 0 1 0.181065 0.00592246 11.5334 
10 10 6.5 1 0.175331 0.295517 11.5334 
0 10 0 1 0.614907 -0.0785474 11.5334 
0 10 6.5 1 0.641464 0.393058 11.5334 
0 5 10 1 0.381029 0.769754 11.5334 
10 5 10 1 -0.036673 0.486539 11.5334 
0 6 0 1 0.425276 -0.129192 11.5334 
0 8 0 1 0.526468 -0.102167 11.5334 
0 8 5 1 0.542009 0.277745 11.5334 
0 6 5 1 0.434694 0.278139 11.5334 
0 2 2.5 1 0.16667 0.0313471 11.5334 
0 4 2.5 1 0.308855 0.0508056 11.5334 
0 4 5 1 0.309393 0.278599 11.5334 
0 2 5 1 0.161169 0.279143 11.5334 
0.5 0.5 -0.5 1 0.0308694 -0.257519 11.5334 
0.5 0.5 6 1 0.000163632 0.381424 11.5334 
10.5 0.5 -0.5 1 -0.225461 -0.075913 11.5334 
10.5 0.5 6 1 -0.257078 0.269097 11.5334 
10.5 10.5 -0.5 1 0.185013 -0.00953163 11.5334 
10.5 10.5 6 1 0.17966 0.269807 11.5334 
0.5 10.5 -0.5 1 0.599757 -0.0986977 11.5334 
0.5 10.5 6 1 0.623712 0.346277 11.5334 
0.5 5.5 9.5 1 0.376103 0.68586 11.5334 
10.5 5.5 9.5 1 -0.0237588 0.449947 11.5334 
0.5 6.5 -0.5 1 0.418671 -0.149253 11.5334 
0.5 8.5 -0.5 1 0.514984 -0.122364 11.5334 
0.5 8.5 4.5 1 0.528931 0.235106 11.5334 
0.5 6.5 4.5 1 0.427077 0.232376 11.5334 
0.5 2.5 2 1 0.176118 -0.00355793 11.5334 
0.5 4.5 2 1 0.308752 0.017331 11.5334 
0.5 4.5 4.5 1 0.309251 0.229219 11.5334 
0.5 2.5 4.5 1 0.171379 0.225524 11.5334 
