0 0 0 1 -0.535056 -0.303869 9.86668 
0 0 6.5 1 -0.506511 0.319732 9.86668 
10 0 0 1 -0.25227 -0.117437 9.86668 
10 0 6.5 1 -0.230073 0.201363 9.86668 
10 10 0 1 0.2358 -0.16636 9.86668 
10 10 6.5 1 0.27229 0.157837 9.86668 
0 10 0 1 0.417311 -0.408106 9.86668 
0 10 6.5 1 0.501861 0.236444 9.86668 
0 5 10 1 0.0195191 0.650794 9.86668 
10 5 10 1 0.0348747 0.360507 9.86668 
0 6 0 1 0.0271756 -0.365406 9.86668 
0 8 0 1 0.220662 -0.386583 9.86668 
0 8 5 1 0.275793 0.0995248 9.86668 
0 6 5 1 0.0735381 0.117535 9.86668 
0 2 2.5 1 -0.336094 -0.0906238 9.86668 
0 4 2.5 1 -0.144683 -0.10966 9.86668 
0 4 5 1 -0.125353 0.135246 9.86668 
0 2 5 1 -0.320964 0.152665 9.86668 
0.5 0.5 -0.5 1 -0.467316 -0.334775 9.86668 
0.5 0.5 6 1 -0.436621 0.256615 9.86668 
10.5 0.5 -0.5 1 -0.223449 -0.138354 9.86668 
10.5 0.5 6 1 -0.201035 0.171818 9.86668 
10.5 10.5 -0.5 1 0.252942 -0.18647 9.86668 
10.5 10.5 6 1 0.288963 0.128804 9.86668 
0.5 10.5 -0.5 1 0.441566 -0.435166 9.86668 
0.5 10.5 6 1 0.523123 0.174992 9.86668 
0.5 5.5 9.5 1 0.065824 0.567441 9.86668 
10.5 5.5 9.5 1 0.0577786 0.326089 9.86668 
0.5 6.5 -0.5 1 0.0696624 -0.394087 9.86668 
0.5 8.5 -0.5 1 0.25418 -0.414468 9.86668 
0.5 8.5 4.5 1 0.307931 0.046174 9.86668 
0.5 6.5 4.5 1 0.115458 0.0637157 9.86668 
0.5 2.5 2 1 -0.276028 -0.132588 9.86668 
0.5 4.5 2 1 -0.0933891 -0.151031 9.86668 
0.5 4.5 4.5 1 -0.0739724 0.0809799 9.86668 
0.5 2.5 4.5 1 -0.260431 0.0979733 9.86668 
