0 0 0 1 0.0805503 -0.389637 2.46667 
0 0 6.5 1 0.0984618 -0.113643 2.46667 
10 0 0 1 0.540972 -0.535942 2.46667 
10 0 6.5 1 0.544703 -0.140355 2.46667 
10 10 0 1 0.197235 -0.774915 2.46667 
10 10 6.5 1 0.230209 -0.0969002 2.46667 
0 10 0 1 -0.3087 -0.466232 2.46667 
0 10 6.5 1 -0.26566 -0.0771947 2.46667 
0 5 10 1 -0.0397189 0.0653121 2.46667 
10 5 10 1 0.432693 0.12155 2.46667 
0 6 0 1 -0.119682 -0.429038 2.46667 
0 8 0 1 -0.206932 -0.446207 2.46667 
0 8 5 1 -0.179343 -0.166842 2.46667 
0 6 5 1 -0.0967063 -0.169515 2.46667 
0 2 2.5 1 0.0304117 -0.285939 2.46667 
0 4 2.5 1 -0.0342603 -0.291215 2.46667 
0 4 5 1 -0.0247547 -0.171842 2.46667 
0 2 5 1 0.0384587 -0.173887 2.46667 
0.5 0.5 -0.5 1 0.0815268 -0.420416 2.46667 
0.5 0.5 6 1 0.0999828 -0.134464 2.46667 
10.5 0.5 -0.5 1 0.564679 -0.587634 2.46667 
10.5 0.5 6 1 0.567424 -0.171305 2.46667 
10.5 10.5 -0.5 1 0.209851 -0.887885 2.46667 
10.5 10.5 6 1 0.244376 -0.146684 2.46667 
0.5 10.5 -0.5 1 -0.32597 -0.514103 2.46667 
0.5 10.5 6 1 -0.280129 -0.104989 2.46667 
0.5 5.5 9.5 1 -0.0430879 0.0480527 2.46667 
10.5 5.5 9.5 1 0.454189 0.0984321 2.46667 
0.5 6.5 -0.5 1 -0.126667 -0.468281 2.46667 
0.5 8.5 -0.5 1 -0.218326 -0.489355 2.46667 
0.5 8.5 4.5 1 -0.189166 -0.196593 2.46667 
0.5 6.5 4.5 1 -0.102558 -0.197234 2.46667 
0.5 2.5 2 1 0.0296787 -0.314603 2.46667 
0.5 4.5 2 1 -0.0374647 -0.322027 2.46667 
0.5 4.5 4.5 1 -0.0275603 -0.197789 2.46667 
0.5 2.5 4.5 1 0.0380142 -0.198274 2.46667 
