0 0 0 1 0.258044 -0.0750559 17.1001 
0 0 6.5 1 0.284629 0.303166 17.1001 
10 0 0 1 -0.279126 -0.202309 17.1001 
10 0 6.5 1 -0.301934 0.375357 17.1001 
10 10 0 1 -0.47996 -0.0380164 17.1001 
10 10 6.5 1 -0.507051 0.306927 17.1001 
0 10 0 1 -0.0581441 0.0121992 17.1001 
0 10 6.5 1 -0.0565266 0.274605 17.1001 
0 5 10 1 0.0876813 0.469505 17.1001 
10 5 10 1 -0.448998 0.59755 17.1001 
0 6 0 1 0.0422193 -0.015497 17.1001 
0 8 0 1 -0.0111935 -0.000757234 17.1001 
0 8 5 1 -0.00789358 0.211528 17.1001 
0 6 5 1 0.048181 0.211391 17.1001 
0 2 2.5 1 0.181431 0.0761109 17.1001 
0 4 2.5 1 0.108126 0.0865013 17.1001 
0 4 5 1 0.112949 0.211234 17.1001 
0 2 5 1 0.188603 0.21105 17.1001 
0.5 0.5 -0.5 1 0.216089 -0.0997928 17.1001 
0.5 0.5 6 1 0.239204 0.272394 17.1001 
10.5 0.5 -0.5 1 -0.333783 -0.237441 17.1001 
10.5 0.5 6 1 -0.36265 0.326178 17.1001 
10.5 10.5 -0.5 1 -0.511345 -0.0609268 17.1001 
10.5 10.5 6 1 -0.54032 0.279005 17.1001 
0.5 10.5 -0.5 1 -0.0852369 -0.0057336 17.1001 
0.5 10.5 6 1 -0.0850353 0.253768 17.1001 
0.5 5.5 9.5 1 0.0513324 0.44211 17.1001 
10.5 5.5 9.5 1 -0.493897 0.556668 17.1001 
0.5 6.5 -0.5 1 0.0106115 -0.0356527 17.1001 
0.5 8.5 -0.5 1 -0.040375 -0.0197373 17.1001 
0.5 8.5 4.5 1 -0.038327 0.190066 17.1001 
0.5 6.5 4.5 1 0.0151 0.1884 17.1001 
0.5 2.5 2 1 0.142545 0.0512865 17.1001 
0.5 4.5 2 1 0.0728108 0.0634457 17.1001 
0.5 4.5 4.5 1 0.0767346 0.186478 17.1001 
0.5 2.5 4.5 1 0.148625 0.184236 17.1001 
