0 0 0 1 0.199339 -0.426276 12.1334 
0 0 6.5 1 0.150651 0.206396 12.1334 
10 0 0 1 -0.229767 -0.238183 12.1334 
10 0 6.5 1 -0.270153 0.120178 12.1334 
10 10 0 1 0.146872 -0.127271 12.1334 
10 10 6.5 1 0.12559 0.140534 12.1334 
0 10 0 1 0.593199 -0.192779 12.1334 
0 10 6.5 1 0.576721 0.203359 12.1334 
0 5 10 1 0.399304 0.48427 12.1334 
10 5 10 1 -0.0588257 0.303702 12.1334 
0 6 0 1 0.477188 -0.261554 12.1334 
0 8 0 1 0.539879 -0.224389 12.1334 
0 8 5 1 0.524759 0.102181 12.1334 
0 6 5 1 0.458777 0.0934537 12.1334 
0 2 2.5 1 0.297627 -0.148677 12.1334 
0 4 2.5 1 0.391224 -0.11467 12.1334 
0 4 5 1 0.379652 0.0829883 12.1334 
0 2 5 1 0.283023 0.0702076 12.1334 
0.5 0.5 -0.5 1 0.196898 -0.436528 12.1334 
0.5 0.5 6 1 0.151502 0.151213 12.1334 
10.5 0.5 -0.5 1 -0.214379 -0.251578 12.1334 
10.5 0.5 6 1 -0.252679 0.0919216 12.1334 
10.5 10.5 -0.5 1 0.147342 -0.140641 12.1334 
10.5 10.5 6 1 0.126712 0.118781 12.1334 
0.5 10.5 -0.5 1 0.574746 -0.209374 12.1334 
0.5 10.5 6 1 0.558398 0.16869 12.1334 
0.5 5.5 9.5 1 0.386182 0.425232 12.1334 
10.5 5.5 9.5 1 -0.0510643 0.272755 12.1334 
0.5 6.5 -0.5 1 0.461459 -0.277479 12.1334 
0.5 8.5 -0.5 1 0.522467 -0.240803 12.1334 
0.5 8.5 4.5 1 0.507597 0.0698447 12.1334 
0.5 6.5 4.5 1 0.443538 0.0587888 12.1334 
0.5 2.5 2 1 0.289389 -0.175019 12.1334 
0.5 4.5 2 1 0.378558 -0.140461 12.1334 
0.5 4.5 4.5 1 0.367437 0.0456548 12.1334 
0.5 2.5 4.5 1 0.275548 0.029796 12.1334 
