0 0 0 1 -0.0157918 -0.0780656 3.53333 
0 0 6.5 1 0.00736007 0.17351 3.53333 
10 0 0 1 0.393178 -0.148125 3.53333 
10 0 6.5 1 0.430829 0.15475 3.53333 
10 10 0 1 0.315663 -0.274253 3.53333 
10 10 6.5 1 0.37786 0.246402 3.53333 
0 10 0 1 -0.287228 -0.134751 3.53333 
0 10 6.5 1 -0.25972 0.250749 3.53333 
0 5 10 1 -0.0835746 0.373893 3.53333 
10 5 10 1 0.437917 0.404091 3.53333 
0 6 0 1 -0.150459 -0.106189 3.53333 
0 8 0 1 -0.212363 -0.119117 3.53333 
0 8 5 1 -0.191834 0.147226 3.53333 
0 6 5 1 -0.130575 0.136908 3.53333 
0 2 2.5 1 -0.0449065 0.0166069 3.53333 
0 4 2.5 1 -0.0889132 0.0155121 3.53333 
0 4 5 1 -0.0792443 0.128263 3.53333 
0 2 5 1 -0.0356102 0.120914 3.53333 
0.5 0.5 -0.5 1 -0.00933005 -0.102404 3.53333 
0.5 0.5 6 1 0.0145373 0.15506 3.53333 
10.5 0.5 -0.5 1 0.413319 -0.179729 3.53333 
10.5 0.5 6 1 0.452621 0.131719 3.53333 
10.5 10.5 -0.5 1 0.346726 -0.336001 3.53333 
10.5 10.5 6 1 0.413669 0.21051 3.53333 
0.5 10.5 -0.5 1 -0.287662 -0.174491 3.53333 
0.5 10.5 6 1 -0.25908 0.225014 3.53333 
0.5 5.5 9.5 1 -0.0775561 0.357377 3.53333 
10.5 5.5 9.5 1 0.466561 0.384123 3.53333 
0.5 6.5 -0.5 1 -0.146508 -0.137933 3.53333 
0.5 8.5 -0.5 1 -0.210166 -0.15442 3.53333 
0.5 8.5 4.5 1 -0.188864 0.120576 3.53333 
0.5 6.5 4.5 1 -0.125908 0.112353 3.53333 
0.5 2.5 2 1 -0.038683 -0.00723867 3.53333 
0.5 4.5 2 1 -0.0834586 -0.0103373 3.53333 
0.5 4.5 4.5 1 -0.0734566 0.105502 3.53333 
0.5 2.5 4.5 1 -0.029083 0.0997056 3.53333 
