0 0 0 1 -0.285915 -0.0914758 5.7 
0 0 6.5 1 -0.317931 0.18316 5.7 
10 0 0 1 0.109879 -0.0435234 5.7 
10 0 6.5 1 0.0917439 0.208994 5.7 
10 10 0 1 0.313033 -0.123419 5.7 
10 10 6.5 1 0.292934 0.281743 5.7 
0 10 0 1 -0.321791 -0.216267 5.7 
0 10 6.5 1 -0.378703 0.249033 5.7 
0 5 10 1 -0.363713 0.404751 5.7 
10 5 10 1 0.157383 0.413442 5.7 
0 6 0 1 -0.302826 -0.150299 5.7 
0 8 0 1 -0.31117 -0.179323 5.7 
0 8 5 1 -0.348671 0.131636 5.7 
0 6 5 1 -0.33592 0.127194 5.7 
0 2 2.5 1 -0.303781 0.00510442 5.7 
0 4 2.5 1 -0.310696 -0.00337115 5.7 
0 4 5 1 -0.325707 0.123636 5.7 
0 2 5 1 -0.317344 0.120722 5.7 
0.5 0.5 -0.5 1 -0.262696 -0.113359 5.7 
0.5 0.5 6 1 -0.294437 0.164453 5.7 
10.5 0.5 -0.5 1 0.136085 -0.0629666 5.7 
10.5 0.5 6 1 0.118464 0.192238 5.7 
10.5 10.5 -0.5 1 0.359128 -0.156201 5.7 
10.5 10.5 6 1 0.340754 0.255924 5.7 
0.5 10.5 -0.5 1 -0.283197 -0.256313 5.7 
0.5 10.5 6 1 -0.339405 0.21817 5.7 
0.5 5.5 9.5 1 -0.334085 0.384535 5.7 
10.5 5.5 9.5 1 0.192227 0.395579 5.7 
0.5 6.5 -0.5 1 -0.272312 -0.180411 5.7 
0.5 8.5 -0.5 1 -0.277088 -0.213713 5.7 
0.5 8.5 4.5 1 -0.314152 0.102552 5.7 
0.5 6.5 4.5 1 -0.30505 0.101302 5.7 
0.5 2.5 2 1 -0.278426 -0.0175928 5.7 
0.5 4.5 2 1 -0.282926 -0.0284733 5.7 
0.5 4.5 4.5 1 -0.29779 0.100305 5.7 
0.5 2.5 4.5 1 -0.291865 0.099491 5.7 
