0 0 0 1 -0.0553256 -0.0392006 3.9 
0 0 6.5 1 -0.0388701 0.212419 3.9 
10 0 0 1 0.34456 -0.0949292 3.9 
10 0 6.5 1 0.379703 0.192765 3.9 
10 10 0 1 0.325385 -0.236548 3.9 
10 10 6.5 1 0.384957 0.25222 3.9 
0 10 0 1 -0.290534 -0.122155 3.9 
0 10 6.5 1 -0.277582 0.270858 3.9 
0 5 10 1 -0.122079 0.41146 3.9 
10 5 10 1 0.407361 0.425372 3.9 
0 6 0 1 -0.171012 -0.0800017 3.9 
0 8 0 1 -0.224854 -0.0989908 3.9 
0 8 5 1 -0.213544 0.169696 3.9 
0 6 5 1 -0.158911 0.16429 3.9 
0 2 2.5 1 -0.0817888 0.0511786 3.9 
0 4 2.5 1 -0.119931 0.0460976 3.9 
0 4 5 1 -0.113595 0.159806 3.9 
0 2 5 1 -0.0753998 0.156026 3.9 
0.5 0.5 -0.5 1 -0.0465066 -0.0635298 3.9 
0.5 0.5 6 1 -0.0293597 0.192947 3.9 
10.5 0.5 -0.5 1 0.364814 -0.124319 3.9 
10.5 0.5 6 1 0.401724 0.169731 3.9 
10.5 10.5 -0.5 1 0.359291 -0.293097 3.9 
10.5 10.5 6 1 0.424125 0.214273 3.9 
0.5 10.5 -0.5 1 -0.284812 -0.163181 3.9 
0.5 10.5 6 1 -0.271058 0.241807 3.9 
0.5 5.5 9.5 1 -0.112474 0.392619 3.9 
10.5 5.5 9.5 1 0.437274 0.403139 3.9 
0.5 6.5 -0.5 1 -0.162992 -0.11224 3.9 
0.5 8.5 -0.5 1 -0.217682 -0.13511 3.9 
0.5 8.5 4.5 1 -0.205729 0.140812 3.9 
0.5 6.5 4.5 1 -0.150256 0.13802 3.9 
0.5 2.5 2 1 -0.0727782 0.0267386 3.9 
0.5 4.5 2 1 -0.11114 0.0194195 3.9 
0.5 4.5 4.5 1 -0.104495 0.135716 3.9 
0.5 2.5 4.5 1 -0.0660998 0.133783 3.9 
