0 0 0 1 0.263431 -0.265369 16.1334 
0 0 6.5 1 0.308096 0.120421 16.1334 
10 0 0 1 -0.366088 -0.291881 16.1334 
10 0 6.5 1 -0.335572 0.196875 16.1334 
10 10 0 1 -0.365284 -0.124312 16.1334 
10 10 6.5 1 -0.347577 0.163019 16.1334 
0 10 0 1 0.0399464 -0.129436 16.1334 
0 10 6.5 1 0.0637121 0.118937 16.1334 
0 5 10 1 0.17627 0.288705 16.1334 
10 5 10 1 -0.330528 0.379622 16.1334 
0 6 0 1 0.107067 -0.170262 16.1334 
0 8 0 1 0.0709329 -0.148284 16.1334 
0 8 5 1 0.0910793 0.0563652 16.1334 
0 6 5 1 0.129592 0.051291 16.1334 
0 2 2.5 1 0.215376 -0.0961293 16.1334 
0 4 2.5 1 0.162356 -0.0766903 16.1334 
0 4 5 1 0.175224 0.0452789 16.1334 
0 2 5 1 0.23015 0.0380422 16.1334 
0.5 0.5 -0.5 1 0.218636 -0.284227 16.1334 
0.5 0.5 6 1 0.260967 0.0932224 16.1334 
10.5 0.5 -0.5 1 -0.406883 -0.314859 16.1334 
10.5 0.5 6 1 -0.378794 0.16059 16.1334 
10.5 10.5 -0.5 1 -0.389588 -0.140423 16.1334 
10.5 10.5 6 1 -0.372721 0.142264 16.1334 
0.5 10.5 -0.5 1 0.0137174 -0.143375 16.1334 
0.5 10.5 6 1 0.0366375 0.101519 16.1334 
0.5 5.5 9.5 1 0.141035 0.264491 16.1334 
10.5 5.5 9.5 1 -0.363083 0.348898 16.1334 
0.5 6.5 -0.5 1 0.0755609 -0.185884 16.1334 
0.5 8.5 -0.5 1 0.0423 -0.163022 16.1334 
0.5 8.5 4.5 1 0.0616827 0.0385574 16.1334 
0.5 6.5 4.5 1 0.0971707 0.0320748 16.1334 
0.5 2.5 2 1 0.175374 -0.116326 16.1334 
0.5 4.5 2 1 0.12681 -0.0953822 16.1334 
0.5 4.5 4.5 1 0.139112 0.0244135 16.1334 
0.5 2.5 4.5 1 0.189442 0.0152197 16.1334 
