0 0 0 1 -0.0401802 -0.0471154 3.76666 
0 0 6.5 1 -0.0208124 0.204549 3.76666 
10 0 0 1 0.362906 -0.108036 3.76666 
10 0 6.5 1 0.399743 0.185071 3.76666 
10 10 0 1 0.323882 -0.241376 3.76666 
10 10 6.5 1 0.385494 0.259635 3.76666 
0 10 0 1 -0.288762 -0.118029 3.76666 
0 10 6.5 1 -0.270045 0.272909 3.76666 
0 5 10 1 -0.10649 0.405491 3.76666 
10 5 10 1 0.421107 0.425407 3.76666 
0 6 0 1 -0.162784 -0.0820909 3.76666 
0 8 0 1 -0.21962 -0.0983045 3.76666 
0 8 5 1 -0.2046 0.169846 3.76666 
0 6 5 1 -0.147487 0.161976 3.76666 
0 2 2.5 1 -0.0674207 0.0451829 3.76666 
0 4 2.5 1 -0.107698 0.0419777 3.76666 
0 4 5 1 -0.0999572 0.155425 3.76666 
0 2 5 1 -0.0597845 0.149889 3.76666 
0.5 0.5 -0.5 1 -0.0322466 -0.0713686 3.76666 
0.5 0.5 6 1 -0.0121771 0.185524 3.76666 
10.5 0.5 -0.5 1 0.383072 -0.138098 3.76666 
10.5 0.5 6 1 0.421665 0.162115 3.76666 
10.5 10.5 -0.5 1 0.356894 -0.299508 3.76666 
10.5 10.5 6 1 0.423666 0.222617 3.76666 
0.5 10.5 -0.5 1 -0.285308 -0.158428 3.76666 
0.5 10.5 6 1 -0.265719 0.245271 3.76666 
0.5 5.5 9.5 1 -0.0982191 0.387631 3.76666 
10.5 5.5 9.5 1 0.450637 0.404107 3.76666 
0.5 6.5 -0.5 1 -0.156268 -0.114035 3.76666 
0.5 8.5 -0.5 1 -0.214282 -0.133993 3.76666 
0.5 8.5 4.5 1 -0.198584 0.141924 3.76666 
0.5 6.5 4.5 1 -0.140313 0.136449 3.76666 
0.5 2.5 2 1 -0.0594505 0.0210439 3.76666 
0.5 4.5 2 1 -0.100147 0.0156986 3.76666 
0.5 4.5 4.5 1 -0.0920891 0.131919 3.76666 
0.5 2.5 4.5 1 -0.0515198 0.128108 3.76666 
