0 0 0 1 -0.620471 -0.293579 9.46668 
0 0 6.5 1 -0.564965 0.289116 9.46668 
10 0 0 1 -0.249495 -0.159658 9.46668 
10 0 6.5 1 -0.21917 0.148908 9.46668 
10 10 0 1 0.236751 -0.22507 9.46668 
10 10 6.5 1 0.271075 0.110022 9.46668 
0 10 0 1 0.307238 -0.450789 9.46668 
0 10 6.5 1 0.377959 0.234323 9.46668 
0 5 10 1 -0.0980822 0.605839 9.46668 
10 5 10 1 0.0332018 0.303992 9.46668 
0 6 0 1 -0.100514 -0.381691 9.46668 
0 8 0 1 0.0964179 -0.415063 9.46668 
0 8 5 1 0.147982 0.0933931 9.46668 
0 6 5 1 -0.051474 0.110087 9.46668 
0 2 2.5 1 -0.435605 -0.0908329 9.46668 
0 4 2.5 1 -0.261569 -0.112846 9.46668 
0 4 5 1 -0.238158 0.125711 9.46668 
0 2 5 1 -0.413259 0.140366 9.46668 
0.5 0.5 -0.5 1 -0.552816 -0.330849 9.46668 
0.5 0.5 6 1 -0.49899 0.230676 9.46668 
10.5 0.5 -0.5 1 -0.220185 -0.182345 9.46668 
10.5 0.5 6 1 -0.190373 0.120181 9.46668 
10.5 10.5 -0.5 1 0.258341 -0.248303 9.46668 
10.5 10.5 6 1 0.292003 0.0796784 9.46668 
0.5 10.5 -0.5 1 0.347436 -0.487765 9.46668 
0.5 10.5 6 1 0.415399 0.168267 9.46668 
0.5 5.5 9.5 1 -0.0449333 0.530313 9.46668 
10.5 5.5 9.5 1 0.0581135 0.270921 9.46668 
0.5 6.5 -0.5 1 -0.0468513 -0.41904 9.46668 
0.5 8.5 -0.5 1 0.14385 -0.452279 9.46668 
0.5 8.5 4.5 1 0.19351 0.0353237 9.46668 
0.5 6.5 4.5 1 0.000469947 0.0532041 9.46668 
0.5 2.5 2 1 -0.372645 -0.136784 9.46668 
0.5 4.5 2 1 -0.203311 -0.15937 9.46668 
0.5 4.5 4.5 1 -0.180681 0.0699833 9.46668 
0.5 2.5 4.5 1 -0.35101 0.08576 9.46668 
