0 0 0 1 -0.325953 -0.220146 6.06666 
0 0 6.5 1 -0.358127 0.0642366 6.06666 
10 0 0 1 0.0750369 -0.151699 6.06666 
10 0 6.5 1 0.0513016 0.0972024 6.06666 
10 10 0 1 0.316651 -0.242703 6.06666 
10 10 6.5 1 0.283351 0.148182 6.06666 
0 10 0 1 -0.308196 -0.381897 6.06666 
0 10 6.5 1 -0.363205 0.104238 6.06666 
0 5 10 1 -0.382387 0.276863 6.06666 
10 5 10 1 0.126082 0.284115 6.06666 
0 6 0 1 -0.317646 -0.295813 6.06666 
0 8 0 1 -0.313506 -0.333526 6.06666 
0 8 5 1 -0.350402 -0.00744707 6.06666 
0 6 5 1 -0.350478 -0.00563436 6.06666 
0 2 2.5 1 -0.337068 -0.122522 6.06666 
0 4 2.5 1 -0.335668 -0.135627 6.06666 
0 4 5 1 -0.35054 -0.00418553 6.06666 
0 2 5 1 -0.35059 -0.003001 6.06666 
0.5 0.5 -0.5 1 -0.299719 -0.242862 6.06666 
0.5 0.5 6 1 -0.331977 0.0448946 6.06666 
10.5 0.5 -0.5 1 0.102376 -0.170762 6.06666 
10.5 0.5 6 1 0.0786735 0.0807212 6.06666 
10.5 10.5 -0.5 1 0.363987 -0.274356 6.06666 
10.5 10.5 6 1 0.330917 0.122934 6.06666 
0.5 10.5 -0.5 1 -0.262633 -0.424553 6.06666 
0.5 10.5 6 1 -0.317878 0.0715217 6.06666 
0.5 5.5 9.5 1 -0.349303 0.2556 6.06666 
10.5 5.5 9.5 1 0.160945 0.266337 6.06666 
0.5 6.5 -0.5 1 -0.282453 -0.327449 6.06666 
0.5 8.5 -0.5 1 -0.273794 -0.369875 6.06666 
0.5 8.5 4.5 1 -0.310827 -0.0379993 6.06666 
0.5 6.5 4.5 1 -0.315396 -0.0326882 6.06666 
0.5 2.5 2 1 -0.308437 -0.146085 6.06666 
0.5 4.5 2 1 -0.304115 -0.16178 6.06666 
0.5 4.5 4.5 1 -0.319034 -0.0284597 6.06666 
0.5 2.5 4.5 1 -0.321998 -0.0250134 6.06666 
