0 0 0 1 0.401957 -0.50948 13.6001 
0 0 6.5 1 0.341116 0.0375783 13.6001 
10 0 0 1 -0.273911 -0.449556 13.6001 
10 0 6.5 1 -0.275275 -0.0420524 13.6001 
10 10 0 1 2.53956e-05 -0.341149 13.6001 
10 10 6.5 1 -0.0126527 -0.0789209 13.6001 
0 10 0 1 0.438375 -0.3529 13.6001 
0 10 6.5 1 0.400727 -0.0392398 13.6001 
0 5 10 1 0.355992 0.183239 13.6001 
10 5 10 1 -0.121435 0.0941248 13.6001 
0 6 0 1 0.428401 -0.395783 13.6001 
0 8 0 1 0.433862 -0.372302 13.6001 
0 8 5 1 0.402086 -0.105075 13.6001 
0 6 5 1 0.393707 -0.10069 13.6001 
0 2 2.5 1 0.391233 -0.269296 13.6001 
0 4 2.5 1 0.402038 -0.255543 13.6001 
0 4 5 1 0.383465 -0.0953296 13.6001 
0 2 5 1 0.37066 -0.0886282 13.6001 
0.5 0.5 -0.5 1 0.366067 -0.536353 13.6001 
0.5 0.5 6 1 0.310834 -0.0105 13.6001 
10.5 0.5 -0.5 1 -0.277091 -0.471633 13.6001 
10.5 0.5 6 1 -0.278209 -0.0760053 13.6001 
10.5 10.5 -0.5 1 -0.00820651 -0.357887 13.6001 
10.5 10.5 6 1 -0.0202644 -0.100615 13.6001 
0.5 10.5 -0.5 1 0.416665 -0.372649 13.6001 
0.5 10.5 6 1 0.381069 -0.0660496 13.6001 
0.5 5.5 9.5 1 0.33359 0.143882 13.6001 
10.5 5.5 9.5 1 -0.1276 0.0643429 13.6001 
0.5 6.5 -0.5 1 0.4026 -0.418154 13.6001 
0.5 8.5 -0.5 1 0.410282 -0.393301 13.6001 
0.5 8.5 4.5 1 0.380402 -0.132735 13.6001 
0.5 6.5 4.5 1 0.370181 -0.131168 13.6001 
0.5 2.5 2 1 0.361278 -0.301553 13.6001 
0.5 4.5 2 1 0.375004 -0.28473 13.6001 
0.5 4.5 4.5 1 0.357764 -0.129264 13.6001 
0.5 2.5 4.5 1 0.342361 -0.126902 13.6001 
