0 0 0 1 -0.342035 -0.398394 10.5 
0 0 6.5 1 -0.351249 0.245831 10.5 
10 0 0 1 -0.250128 -0.115774 10.5 
10 0 6.5 1 -0.249093 0.21472 10.5 
10 10 0 1 0.224585 -0.11659 10.5 
10 10 6.5 1 0.25191 0.189008 10.5 
0 10 0 1 0.532596 -0.363287 10.5 
0 10 6.5 1 0.617188 0.192426 10.5 
0 5 10 1 0.198897 0.598345 10.5 
10 5 10 1 0.0201291 0.388024 10.5 
0 6 0 1 0.211404 -0.376179 10.5 
0 8 0 1 0.376269 -0.369562 10.5 
0 8 5 1 0.428846 0.0592124 10.5 
0 6 5 1 0.251672 0.0647317 10.5 
0 2 2.5 1 -0.141743 -0.166873 10.5 
0 4 2.5 1 0.0499368 -0.165714 10.5 
0 4 5 1 0.0636874 0.0705878 10.5 
0 2 5 1 -0.136128 0.0768124 10.5 
0.5 0.5 -0.5 1 -0.285793 -0.412222 10.5 
0.5 0.5 6 1 -0.287916 0.187934 10.5 
10.5 0.5 -0.5 1 -0.223151 -0.131987 10.5 
10.5 0.5 6 1 -0.220584 0.18659 10.5 
10.5 10.5 -0.5 1 0.235826 -0.131657 10.5 
10.5 10.5 6 1 0.262914 0.163719 10.5 
0.5 10.5 -0.5 1 0.536575 -0.377238 10.5 
0.5 10.5 6 1 0.616739 0.14539 10.5 
0.5 5.5 9.5 1 0.225532 0.51848 10.5 
10.5 5.5 9.5 1 0.0395407 0.354408 10.5 
0.5 6.5 -0.5 1 0.233106 -0.390147 10.5 
0.5 8.5 -0.5 1 0.38866 -0.38353 10.5 
0.5 8.5 4.5 1 0.43918 0.0196162 10.5 
0.5 6.5 4.5 1 0.272722 0.0237074 10.5 
0.5 2.5 2 1 -0.096813 -0.194715 10.5 
0.5 4.5 2 1 0.0824786 -0.192857 10.5 
0.5 4.5 4.5 1 0.0967217 0.0280332 10.5 
0.5 2.5 4.5 1 -0.0896644 0.0326142 10.5 
