0 0 0 1 0.0463003 -0.301112 2.8 
0 0 6.5 1 0.0698416 -0.0382681 2.8 
10 0 0 1 0.484529 -0.422369 2.8 
10 0 6.5 1 0.50588 -0.067325 2.8 
10 10 0 1 0.24139 -0.624053 2.8 
10 10 6.5 1 0.287247 -0.013248 2.8 
0 10 0 1 -0.304435 -0.372047 2.8 
0 10 6.5 1 -0.261693 0.00887132 2.8 
0 5 10 1 -0.0498623 0.143295 2.8 
10 5 10 1 0.440014 0.183793 2.8 
0 6 0 1 -0.131809 -0.337134 2.8 
0 8 0 1 -0.210939 -0.353138 2.8 
0 8 5 1 -0.182237 -0.0828446 2.8 
0 6 5 1 -0.106576 -0.0875263 2.8 
0 2 2.5 1 0.00496493 -0.202504 2.8 
0 4 2.5 1 -0.0526706 -0.206588 2.8 
0 4 5 1 -0.0415458 -0.0915503 2.8 
0 2 5 1 0.0149477 -0.095046 2.8 
0.5 0.5 -0.5 1 0.0487203 -0.329472 2.8 
0.5 0.5 6 1 0.0729304 -0.0581704 2.8 
10.5 0.5 -0.5 1 0.506221 -0.466107 2.8 
10.5 0.5 6 1 0.52792 -0.0954621 2.8 
10.5 10.5 -0.5 1 0.261846 -0.717023 2.8 
10.5 10.5 6 1 0.31012 -0.0585573 2.8 
0.5 10.5 -0.5 1 -0.316794 -0.417083 2.8 
0.5 10.5 6 1 -0.271839 -0.0181416 2.8 
0.5 5.5 9.5 1 -0.0504871 0.126374 2.8 
10.5 5.5 9.5 1 0.46422 0.161453 2.8 
0.5 6.5 -0.5 1 -0.135608 -0.373654 2.8 
0.5 8.5 -0.5 1 -0.21835 -0.393487 2.8 
0.5 8.5 4.5 1 -0.188341 -0.111443 2.8 
0.5 6.5 4.5 1 -0.109364 -0.114059 2.8 
0.5 2.5 2 1 0.00618157 -0.229368 2.8 
0.5 4.5 2 1 -0.0533859 -0.235564 2.8 
0.5 4.5 4.5 1 -0.0418684 -0.116294 2.8 
0.5 2.5 4.5 1 0.0164792 -0.118226 2.8 
