0 0 0 1 0.199761 -0.390991 1.5 
0 0 6.5 1 0.186527 -0.0901293 1.5 
10 0 0 1 0.688678 -0.517027 1.5 
10 0 6.5 1 0.622641 -0.0185296 1.5 
10 10 0 1 -0.00975802 -0.691769 1.5 
10 10 6.5 1 -0.0131199 0.0594937 1.5 
0 10 0 1 -0.269352 -0.443773 1.5 
0 10 6.5 1 -0.252945 -0.0664551 1.5 
0 5 10 1 -0.0103332 0.0839374 1.5 
10 5 10 1 0.342234 0.285043 1.5 
0 6 0 1 -0.0551873 -0.419676 1.5 
0 8 0 1 -0.156976 -0.431129 1.5 
0 8 5 1 -0.150611 -0.150602 1.5 
0 6 5 1 -0.0541805 -0.152277 1.5 
0 2 2.5 1 0.118419 -0.27461 1.5 
0 4 2.5 1 0.0356727 -0.27841 1.5 
0 4 5 1 0.0339874 -0.153808 1.5 
0 2 5 1 0.114911 -0.155214 1.5 
0.5 0.5 -0.5 1 0.19666 -0.422467 1.5 
0.5 0.5 6 1 0.183153 -0.109444 1.5 
10.5 0.5 -0.5 1 0.714048 -0.579197 1.5 
10.5 0.5 6 1 0.641816 -0.0464076 1.5 
10.5 10.5 -0.5 1 -0.0390726 -0.807632 1.5 
10.5 10.5 6 1 -0.0384816 0.0243312 1.5 
0.5 10.5 -0.5 1 -0.295048 -0.486262 1.5 
0.5 10.5 6 1 -0.276059 -0.089624 1.5 
0.5 5.5 9.5 1 -0.021219 0.0696038 1.5 
10.5 5.5 9.5 1 0.345914 0.273018 1.5 
0.5 6.5 -0.5 1 -0.0694055 -0.456987 1.5 
0.5 8.5 -0.5 1 -0.176404 -0.470869 1.5 
0.5 8.5 4.5 1 -0.168719 -0.176517 1.5 
0.5 6.5 4.5 1 -0.0676221 -0.177052 1.5 
0.5 2.5 2 1 0.112236 -0.302371 1.5 
0.5 4.5 2 1 0.0259933 -0.307585 1.5 
0.5 4.5 4.5 1 0.0244838 -0.17754 1.5 
0.5 2.5 4.5 1 0.108747 -0.177986 1.5 
