0 0 0 1 0.0321406 -0.243822 2.96667 
0 0 6.5 1 0.0570956 0.0138646 2.96667 
10 0 0 1 0.461158 -0.35031 2.96667 
10 0 6.5 1 0.488783 -0.0119952 2.96667 
10 10 0 1 0.262302 -0.525777 2.96667 
10 10 6.5 1 0.313483 0.0558515 2.96667 
0 10 0 1 -0.299091 -0.307866 2.96667 
0 10 6.5 1 -0.258212 0.0703214 2.96667 
0 5 10 1 -0.0543862 0.19914 2.96667 
10 5 10 1 0.442981 0.238214 2.96667 
0 6 0 1 -0.135118 -0.276162 2.96667 
0 8 0 1 -0.210053 -0.29065 2.96667 
0 8 5 1 -0.182022 -0.0238804 2.96667 
0 6 5 1 -0.109927 -0.0304634 2.96667 
0 2 2.5 1 -0.00550235 -0.146646 2.96667 
0 4 2.5 1 -0.0597106 -0.149492 2.96667 
0 4 5 1 -0.0483295 -0.0360877 2.96667 
0 2 5 1 0.00490684 -0.0409486 2.96667 
0.5 0.5 -0.5 1 0.0353875 -0.270831 2.96667 
0.5 0.5 6 1 0.06104 -0.00538618 2.96667 
10.5 0.5 -0.5 1 0.482162 -0.390213 2.96667 
10.5 0.5 6 1 0.510595 -0.0383993 2.96667 
10.5 10.5 -0.5 1 0.285817 -0.608649 2.96667 
10.5 10.5 6 1 0.339955 0.0140517 2.96667 
0.5 10.5 -0.5 1 -0.308778 -0.350951 2.96667 
0.5 10.5 6 1 -0.265998 0.0441868 2.96667 
0.5 5.5 9.5 1 -0.0535602 0.182685 2.96667 
10.5 5.5 9.5 1 0.468324 0.217006 2.96667 
0.5 6.5 -0.5 1 -0.137203 -0.311009 2.96667 
0.5 8.5 -0.5 1 -0.215317 -0.329194 2.96667 
0.5 8.5 4.5 1 -0.186127 -0.0515013 2.96667 
0.5 6.5 4.5 1 -0.111078 -0.0560756 2.96667 
0.5 2.5 2 1 -0.00322051 -0.172402 2.96667 
0.5 4.5 2 1 -0.0590853 -0.17729 2.96667 
0.5 4.5 4.5 1 -0.0473244 -0.0599615 2.96667 
0.5 2.5 4.5 1 0.00750531 -0.0633035 2.96667 
