0 0 0 1 0.0108295 -0.153624 3.23333 
0 0 6.5 1 0.0362151 0.0992369 3.23333 
10 0 0 1 0.428685 -0.239629 3.23333 
10 0 6.5 1 0.46314 0.0785709 3.23333 
10 10 0 1 0.292352 -0.380274 3.23333 
10 10 6.5 1 0.350372 0.166899 3.23333 
0 10 0 1 -0.290916 -0.208315 3.23333 
0 10 6.5 1 -0.254958 0.170525 3.23333 
0 5 10 1 -0.0640912 0.292476 3.23333 
10 5 10 1 0.445294 0.330163 3.23333 
0 6 0 1 -0.140232 -0.181004 3.23333 
0 8 0 1 -0.208772 -0.193426 3.23333 
0 8 5 1 -0.18326 0.0711937 3.23333 
0 6 5 1 -0.116535 0.0616601 3.23333 
0 2 2.5 1 -0.0220238 -0.0575905 3.23333 
0 4 2.5 1 -0.0711405 -0.0586767 3.23333 
0 4 5 1 -0.0600589 0.0535906 3.23333 
0 2 5 1 -0.0116381 0.0466722 3.23333 
0.5 0.5 -0.5 1 0.0155232 -0.178898 3.23333 
0.5 0.5 6 1 0.0416259 0.08076 3.23333 
10.5 0.5 -0.5 1 0.449061 -0.27464 3.23333 
10.5 0.5 6 1 0.484837 0.0543977 3.23333 
10.5 10.5 -0.5 1 0.319936 -0.450454 3.23333 
10.5 10.5 6 1 0.381817 0.129574 3.23333 
0.5 10.5 -0.5 1 -0.296259 -0.248908 3.23333 
0.5 10.5 6 1 -0.258844 0.145396 3.23333 
0.5 5.5 9.5 1 -0.060864 0.276513 3.23333 
10.5 5.5 9.5 1 0.472335 0.31036 3.23333 
0.5 6.5 -0.5 1 -0.139503 -0.213709 3.23333 
0.5 8.5 -0.5 1 -0.210539 -0.22966 3.23333 
0.5 8.5 4.5 1 -0.184077 0.044732 3.23333 
0.5 6.5 4.5 1 -0.114988 0.0371474 3.23333 
0.5 2.5 2 1 -0.0179387 -0.0819544 3.23333 
0.5 4.5 2 1 -0.0682842 -0.0850011 3.23333 
0.5 4.5 4.5 1 -0.0568458 0.0307645 3.23333 
0.5 2.5 4.5 1 -0.00724037 0.0253188 3.23333 
