0 0 0 1 -0.272884 -0.379355 10.7 
0 0 6.5 1 -0.289681 0.276042 10.7 
10 0 0 1 -0.248282 -0.0993744 10.7 
10 0 6.5 1 -0.254791 0.236995 10.7 
10 10 0 1 0.22036 -0.0837529 10.7 
10 10 6.5 1 0.242453 0.218812 10.7 
0 10 0 1 0.562262 -0.303281 10.7 
0 10 6.5 1 0.641198 0.234752 10.7 
0 5 10 1 0.251691 0.635614 10.7 
10 5 10 1 0.012891 0.416113 10.7 
0 6 0 1 0.265408 -0.330322 10.7 
0 8 0 1 0.419148 -0.316317 10.7 
0 8 5 1 0.468304 0.101806 10.7 
0 6 5 1 0.302746 0.10346 10.7 
0 2 2.5 1 -0.075742 -0.138168 10.7 
0 4 2.5 1 0.110997 -0.130149 10.7 
0 4 5 1 0.123227 0.105254 10.7 
0 2 5 1 -0.072097 0.107205 10.7 
0.5 0.5 -0.5 1 -0.222252 -0.391225 10.7 
0.5 0.5 6 1 -0.231417 0.216623 10.7 
10.5 0.5 -0.5 1 -0.222113 -0.114998 10.7 
10.5 0.5 6 1 -0.226714 0.208485 10.7 
10.5 10.5 -0.5 1 0.229965 -0.0983691 10.7 
10.5 10.5 6 1 0.25191 0.19373 10.7 
0.5 10.5 -0.5 1 0.561092 -0.31717 10.7 
0.5 10.5 6 1 0.635364 0.188457 10.7 
0.5 5.5 9.5 1 0.271117 0.554336 10.7 
10.5 5.5 9.5 1 0.031126 0.381991 10.7 
0.5 6.5 -0.5 1 0.280706 -0.343677 10.7 
0.5 8.5 -0.5 1 0.425647 -0.329974 10.7 
0.5 8.5 4.5 1 0.472468 0.0626869 10.7 
0.5 6.5 4.5 1 0.317077 0.0627542 10.7 
0.5 2.5 2 1 -0.0372267 -0.165181 10.7 
0.5 4.5 2 1 0.136812 -0.156622 10.7 
0.5 4.5 4.5 1 0.149406 0.0628269 10.7 
0.5 2.5 4.5 1 -0.0320616 0.0629055 10.7 
