0 0 0 1 0.0267854 -0.220403 3.03333 
0 0 6.5 1 0.0520571 0.035671 3.03333 
10 0 0 1 0.452615 -0.321268 3.03333 
10 0 6.5 1 0.482307 0.0112664 3.03333 
10 10 0 1 0.270339 -0.486692 3.03333 
10 10 6.5 1 0.323436 0.0849202 3.03333 
0 10 0 1 -0.296835 -0.281629 3.03333 
0 10 6.5 1 -0.256966 0.0961057 3.03333 
0 5 10 1 -0.0563877 0.222799 3.03333 
10 5 10 1 0.443975 0.26168 3.03333 
0 6 0 1 -0.136272 -0.251252 3.03333 
0 8 0 1 -0.209561 -0.265118 3.03333 
0 8 5 1 -0.181997 0.000690689 3.03333 
0 6 5 1 -0.111293 -0.00670101 3.03333 
0 2 2.5 1 -0.00952856 -0.12361 3.03333 
0 4 2.5 1 -0.0624131 -0.125945 3.03333 
0 4 5 1 -0.0510258 -0.0130015 3.03333 
0 2 5 1 0.000955492 -0.0184358 3.03333 
0.5 0.5 -0.5 1 0.030381 -0.246912 3.03333 
0.5 0.5 6 1 0.0563575 0.0166612 3.03333 
10.5 0.5 -0.5 1 0.473412 -0.359784 3.03333 
10.5 0.5 6 1 0.504063 -0.0144919 3.03333 
10.5 10.5 -0.5 1 0.29496 -0.565929 3.03333 
10.5 10.5 6 1 0.351239 0.0444496 3.03333 
0.5 10.5 -0.5 1 -0.305438 -0.323978 3.03333 
0.5 10.5 6 1 -0.263788 0.0703061 3.03333 
0.5 5.5 9.5 1 -0.0549695 0.20652 3.03333 
10.5 5.5 9.5 1 0.469757 0.240913 3.03333 
0.5 6.5 -0.5 1 -0.13766 -0.285475 3.03333 
0.5 8.5 -0.5 1 -0.213955 -0.302984 3.03333 
0.5 8.5 4.5 1 -0.185288 -0.0265623 3.03333 
0.5 6.5 4.5 1 -0.111777 -0.0319691 3.03333 
0.5 2.5 2 1 -0.00680609 -0.148954 3.03333 
0.5 4.5 2 1 -0.0612384 -0.153304 3.03333 
0.5 4.5 4.5 1 -0.0494769 -0.0365514 3.03333 
0.5 2.5 4.5 1 0.00399418 -0.0404842 3.03333 
