0 0 0 1 0.392628 -0.664285 14.1667 
0 0 6.5 1 0.356537 -0.129685 14.1667 
10 0 0 1 -0.329077 -0.583048 14.1667 
10 0 6.5 1 -0.301449 -0.139427 14.1667 
10 10 0 1 -0.0939573 -0.434743 14.1667 
10 10 6.5 1 -0.0884676 -0.163165 14.1667 
0 10 0 1 0.340329 -0.463196 14.1667 
0 10 6.5 1 0.322038 -0.160054 14.1667 
0 5 10 1 0.323069 0.0376796 14.1667 
10 5 10 1 -0.164718 0.010641 14.1667 
0 6 0 1 0.354614 -0.518121 14.1667 
0 8 0 1 0.346788 -0.488033 14.1667 
0 8 5 1 0.330928 -0.22909 14.1667 
0 6 5 1 0.336753 -0.231661 14.1667 
0 2 2.5 1 0.364267 -0.41444 14.1667 
0 4 2.5 1 0.353776 -0.390245 14.1667 
0 4 5 1 0.343876 -0.234804 14.1667 
0 2 5 1 0.352783 -0.238734 14.1667 
0.5 0.5 -0.5 1 0.349265 -0.686112 14.1667 
0.5 0.5 6 1 0.318455 -0.1686 14.1667 
10.5 0.5 -0.5 1 -0.341558 -0.603914 14.1667 
10.5 0.5 6 1 -0.313793 -0.172086 14.1667 
10.5 10.5 -0.5 1 -0.106423 -0.450626 14.1667 
10.5 10.5 6 1 -0.10042 -0.183487 14.1667 
0.5 10.5 -0.5 1 0.31664 -0.480252 14.1667 
0.5 10.5 6 1 0.300041 -0.182637 14.1667 
0.5 5.5 9.5 1 0.296478 0.00531558 14.1667 
10.5 5.5 9.5 1 -0.177129 -0.0173734 14.1667 
0.5 6.5 -0.5 1 0.325663 -0.537191 14.1667 
0.5 8.5 -0.5 1 0.320731 -0.506066 14.1667 
0.5 8.5 4.5 1 0.306458 -0.252373 14.1667 
0.5 6.5 4.5 1 0.309745 -0.257149 14.1667 
0.5 2.5 2 1 0.328697 -0.441094 14.1667 
0.5 4.5 2 1 0.322473 -0.414645 14.1667 
0.5 4.5 4.5 1 0.313744 -0.262958 14.1667 
0.5 2.5 4.5 1 0.318712 -0.270176 14.1667 
