0 0 0 1 0.315554 -0.542592 12.6001 
0 0 6.5 1 0.25332 0.0673121 12.6001 
10 0 0 1 -0.22381 -0.374004 12.6001 
10 0 6.5 1 -0.260334 -0.0032498 12.6001 
10 10 0 1 0.117727 -0.238138 12.6001 
10 10 6.5 1 0.0913452 0.0232999 12.6001 
0 10 0 1 0.567992 -0.286037 12.6001 
0 10 6.5 1 0.53044 0.0753127 12.6001 
0 5 10 1 0.402122 0.315549 12.6001 
10 5 10 1 -0.0706129 0.176905 12.6001 
0 6 0 1 0.496513 -0.358682 12.6001 
0 8 0 1 0.535423 -0.319137 12.6001 
0 8 5 1 0.504028 -0.0163236 12.6001 
0 6 5 1 0.462155 -0.0263611 12.6001 
0 2 2.5 1 0.369257 -0.259793 12.6001 
0 4 2.5 1 0.430215 -0.22243 12.6001 
0 4 5 1 0.41127 -0.0385588 12.6001 
0 2 5 1 0.348113 -0.0536981 12.6001 
0.5 0.5 -0.5 1 0.298416 -0.553457 12.6001 
0.5 0.5 6 1 0.240106 0.0186802 12.6001 
10.5 0.5 -0.5 1 -0.213579 -0.387305 12.6001 
10.5 0.5 6 1 -0.248715 -0.030854 12.6001 
10.5 10.5 -0.5 1 0.115583 -0.251384 12.6001 
10.5 10.5 6 1 0.0899324 0.00285984 12.6001 
0.5 10.5 -0.5 1 0.548023 -0.302348 12.6001 
0.5 10.5 6 1 0.511935 0.0454017 12.6001 
0.5 5.5 9.5 1 0.385166 0.26717 12.6001 
10.5 5.5 9.5 1 -0.0670485 0.148137 12.6001 
0.5 6.5 -0.5 1 0.476037 -0.374767 12.6001 
0.5 8.5 -0.5 1 0.515093 -0.335477 12.6001 
0.5 8.5 4.5 1 0.485024 -0.0450379 12.6001 
0.5 6.5 4.5 1 0.443261 -0.0572908 12.6001 
0.5 2.5 2 1 0.351141 -0.284971 12.6001 
0.5 4.5 2 1 0.410942 -0.246876 12.6001 
0.5 4.5 4.5 1 0.392955 -0.0720505 12.6001 
0.5 2.5 4.5 1 0.331183 -0.090174 12.6001 
