0 0 0 1 -0.656072 -0.546891 7.99999 
0 0 6.5 1 -0.596623 -0.0953791 7.99999 
10 0 0 1 -0.160539 -0.427588 7.99999 
10 0 6.5 1 -0.147914 -0.134337 7.99999 
10 10 0 1 0.273282 -0.513773 7.99999 
10 10 6.5 1 0.258898 -0.119561 7.99999 
0 10 0 1 -0.154349 -0.792142 7.99999 
0 10 6.5 1 -0.125056 -0.0460794 7.99999 
0 5 10 1 -0.389147 0.182391 7.99999 
10 5 10 1 0.0286514 0.0364796 7.99999 
0 6 0 1 -0.418555 -0.662994 7.99999 
0 8 0 1 -0.302032 -0.719952 7.99999 
0 8 5 1 -0.2678 -0.198421 7.99999 
0 6 5 1 -0.378019 -0.196643 7.99999 
0 2 2.5 1 -0.56694 -0.379508 7.99999 
0 4 2.5 1 -0.48995 -0.397798 7.99999 
0 4 5 1 -0.468784 -0.195179 7.99999 
0 2 5 1 -0.544828 -0.193952 7.99999 
0.5 0.5 -0.5 1 -0.60761 -0.582777 7.99999 
0.5 0.5 6 1 -0.552151 -0.128632 7.99999 
10.5 0.5 -0.5 1 -0.129521 -0.450778 7.99999 
10.5 0.5 6 1 -0.118581 -0.156398 7.99999 
10.5 10.5 -0.5 1 0.314826 -0.544979 7.99999 
10.5 10.5 6 1 0.297475 -0.148758 7.99999 
0.5 10.5 -0.5 1 -0.0741175 -0.851703 7.99999 
0.5 10.5 6 1 -0.0552013 -0.0987245 7.99999 
0.5 5.5 9.5 1 -0.337593 0.143516 7.99999 
10.5 5.5 9.5 1 0.0609064 0.0120771 7.99999 
0.5 6.5 -0.5 1 -0.35499 -0.710119 7.99999 
0.5 8.5 -0.5 1 -0.2311 -0.77257 7.99999 
0.5 8.5 4.5 1 -0.203376 -0.246728 7.99999 
0.5 6.5 4.5 1 -0.319731 -0.24028 7.99999 
0.5 2.5 2 1 -0.516211 -0.417246 7.99999 
0.5 4.5 2 1 -0.434635 -0.438979 7.99999 
0.5 4.5 4.5 1 -0.415565 -0.234969 7.99999 
0.5 2.5 4.5 1 -0.495868 -0.230519 7.99999 
