0 0 0 1 0.0657587 -0.360268 2.6 
0 0 6.5 1 0.0863804 -0.0897081 2.6 
10 0 0 1 0.516992 -0.498179 2.6 
10 0 6.5 1 0.52859 -0.119488 2.6 
10 10 0 1 0.215363 -0.726742 2.6 
10 10 6.5 1 0.25383 -0.0756003 2.6 
0 10 0 1 -0.308461 -0.436487 2.6 
0 10 6.5 1 -0.264922 -0.0505719 2.6 
0 5 10 1 -0.0441599 0.0895542 2.6 
10 5 10 1 0.436002 0.136585 2.6 
0 6 0 1 -0.125682 -0.39926 2.6 
0 8 0 1 -0.209802 -0.416393 2.6 
0 8 5 1 -0.181334 -0.140608 2.6 
0 6 5 1 -0.101403 -0.143716 2.6 
0 2 2.5 1 0.0193463 -0.258923 2.6 
0 4 2.5 1 -0.0425198 -0.264011 2.6 
0 4 5 1 -0.0321819 -0.146407 2.6 
0 2 5 1 0.0283458 -0.148761 2.6 
0.5 0.5 -0.5 1 0.0672797 -0.390202 2.6 
0.5 0.5 6 1 0.0885086 -0.110281 2.6 
10.5 0.5 -0.5 1 0.539816 -0.546809 2.6 
10.5 0.5 6 1 0.551033 -0.149547 2.6 
10.5 10.5 -0.5 1 0.231451 -0.832344 2.6 
10.5 10.5 6 1 0.271765 -0.124359 2.6 
0.5 10.5 -0.5 1 -0.32387 -0.483554 2.6 
0.5 10.5 6 1 -0.277746 -0.0783122 2.6 
0.5 5.5 9.5 1 -0.0464581 0.0722726 2.6 
10.5 5.5 9.5 1 0.458693 0.113378 2.6 
0.5 6.5 -0.5 1 -0.131443 -0.43763 2.6 
0.5 8.5 -0.5 1 -0.219672 -0.458687 2.6 
0.5 8.5 4.5 1 -0.189729 -0.170126 2.6 
0.5 6.5 4.5 1 -0.106069 -0.171153 2.6 
0.5 2.5 2 1 0.0193637 -0.287012 2.6 
0.5 4.5 2 1 -0.0447633 -0.29426 2.6 
0.5 4.5 4.5 1 -0.0340244 -0.172037 2.6 
0.5 2.5 4.5 1 0.028667 -0.172806 2.6 
