0 0 0 1 -0.376014 -0.396497 10.4 
0 0 6.5 1 -0.380667 0.244663 10.4 
10 0 0 1 -0.251139 -0.119819 10.4 
10 0 6.5 1 -0.246407 0.208481 10.4 
10 10 0 1 0.226473 -0.129246 10.4 
10 10 6.5 1 0.256069 0.178607 10.4 
0 10 0 1 0.516784 -0.384442 10.4 
0 10 6.5 1 0.603272 0.182861 10.4 
0 5 10 1 0.171315 0.59304 10.4 
10 5 10 1 0.0231956 0.378898 10.4 
0 6 0 1 0.183457 -0.388943 10.4 
0 8 0 1 0.353741 -0.386644 10.4 
0 8 5 1 0.407544 0.0495729 10.4 
0 6 5 1 0.224939 0.0575512 10.4 
0 2 2.5 1 -0.174625 -0.169013 10.4 
0 4 2.5 1 0.0188496 -0.171706 10.4 
0 4 5 1 0.0333602 0.0659215 10.4 
0 2 5 1 -0.16787 0.0747136 10.4 
0.5 0.5 -0.5 1 -0.317205 -0.412239 10.4 
0.5 0.5 6 1 -0.315232 0.186425 10.4 
10.5 0.5 -0.5 1 -0.223783 -0.136581 10.4 
10.5 0.5 6 1 -0.217718 0.180274 10.4 
10.5 10.5 -0.5 1 0.238572 -0.144797 10.4 
10.5 10.5 6 1 0.267892 0.152964 10.4 
0.5 10.5 -0.5 1 0.52354 -0.39922 10.4 
0.5 10.5 6 1 0.605778 0.134555 10.4 
0.5 5.5 9.5 1 0.201497 0.512963 10.4 
10.5 5.5 9.5 1 0.0431904 0.345292 10.4 
0.5 6.5 -0.5 1 0.20844 -0.404099 10.4 
0.5 8.5 -0.5 1 0.369232 -0.401609 10.4 
0.5 8.5 4.5 1 0.42113 0.00881165 10.4 
0.5 6.5 4.5 1 0.249403 0.0154071 10.4 
0.5 2.5 2 1 -0.12667 -0.198262 10.4 
0.5 4.5 2 1 0.0547036 -0.200151 10.4 
0.5 4.5 4.5 1 0.069736 0.0223075 10.4 
0.5 2.5 4.5 1 -0.118434 0.0295345 10.4 
