0 0 0 1 0.310747 -0.481507 15.0668 
0 0 6.5 1 0.328817 -0.0351782 15.0668 
10 0 0 1 -0.383156 -0.430683 15.0668 
10 0 6.5 1 -0.329048 0.0192023 15.0668 
10 10 0 1 -0.23853 -0.302438 15.0668 
10 10 6.5 1 -0.210428 -0.0353963 15.0668 
0 10 0 1 0.17185 -0.33368 15.0668 
0 10 6.5 1 0.187075 -0.0678843 15.0668 
0 5 10 1 0.249157 0.113476 15.0668 
10 5 10 1 -0.236185 0.155044 15.0668 
0 6 0 1 0.211212 -0.375573 15.0668 
0 8 0 1 0.189788 -0.352771 15.0668 
0 8 5 1 0.202136 -0.128588 15.0668 
0 6 5 1 0.224118 -0.129576 15.0668 
0 2 2.5 1 0.276623 -0.282239 15.0668 
0 4 2.5 1 0.244073 -0.264857 15.0668 
0 4 5 1 0.250683 -0.130769 15.0668 
0 2 5 1 0.283433 -0.13224 15.0668 
0.5 0.5 -0.5 1 0.264734 -0.502108 15.0668 
0.5 0.5 6 1 0.284589 -0.066896 15.0668 
10.5 0.5 -0.5 1 -0.40969 -0.453051 15.0668 
10.5 0.5 6 1 -0.355743 -0.0144409 15.0668 
10.5 10.5 -0.5 1 -0.256869 -0.318007 15.0668 
10.5 10.5 6 1 -0.228678 -0.0549722 15.0668 
0.5 10.5 -0.5 1 0.146619 -0.348583 15.0668 
0.5 10.5 6 1 0.162355 -0.0867601 15.0668 
0.5 5.5 9.5 1 0.217844 0.0868546 15.0668 
10.5 5.5 9.5 1 -0.257889 0.127307 15.0668 
0.5 6.5 -0.5 1 0.180373 -0.392456 15.0668 
0.5 8.5 -0.5 1 0.162029 -0.368613 15.0668 
0.5 8.5 4.5 1 0.174859 -0.148103 15.0668 
0.5 6.5 4.5 1 0.19388 -0.150877 15.0668 
0.5 2.5 2 1 0.237571 -0.305046 15.0668 
0.5 4.5 2 1 0.209789 -0.285688 15.0668 
0.5 4.5 4.5 1 0.21678 -0.154216 15.0668 
0.5 2.5 4.5 1 0.244882 -0.158314 15.0668 
