0 0 0 1 -0.626586 -0.299348 9.43335 
0 0 6.5 1 -0.569103 0.279519 9.43335 
10 0 0 1 -0.249305 -0.1668 9.43335 
10 0 6.5 1 -0.21855 0.140958 9.43335 
10 10 0 1 0.236482 -0.233343 9.43335 
10 10 6.5 1 0.270349 0.102704 9.43335 
0 10 0 1 0.296415 -0.460461 9.43335 
0 10 6.5 1 0.365826 0.22731 9.43335 
0 5 10 1 -0.107974 0.594724 9.43335 
10 5 10 1 0.0325167 0.295818 9.43335 
0 6 0 1 -0.111564 -0.389247 9.43335 
0 8 0 1 0.0850244 -0.423562 9.43335 
0 8 5 1 0.136279 0.0861736 9.43335 
0 6 5 1 -0.0622725 0.102656 9.43335 
0 2 2.5 1 -0.443264 -0.0975765 9.43335 
0 4 2.5 1 -0.271126 -0.119713 9.43335 
0 4 5 1 -0.24738 0.118023 9.43335 
0 2 5 1 -0.420364 0.132383 9.43335 
0.5 0.5 -0.5 1 -0.559132 -0.336794 9.43335 
0.5 0.5 6 1 -0.503592 0.221806 9.43335 
10.5 0.5 -0.5 1 -0.219959 -0.189546 9.43335 
10.5 0.5 6 1 -0.18977 0.112388 9.43335 
10.5 10.5 -0.5 1 0.258476 -0.25677 9.43335 
10.5 10.5 6 1 0.291658 0.0723462 9.43335 
0.5 10.5 -0.5 1 0.338 -0.498024 9.43335 
0.5 10.5 6 1 0.404594 0.161323 9.43335 
0.5 5.5 9.5 1 -0.054457 0.520258 9.43335 
10.5 5.5 9.5 1 0.0575992 0.262955 9.43335 
0.5 6.5 -0.5 1 -0.0570955 -0.427019 9.43335 
0.5 8.5 -0.5 1 0.13357 -0.461285 9.43335 
0.5 8.5 4.5 1 0.182825 0.0281238 9.43335 
0.5 6.5 4.5 1 -0.00965592 0.045928 9.43335 
0.5 2.5 2 1 -0.380261 -0.143488 9.43335 
0.5 4.5 2 1 -0.212474 -0.166297 9.43335 
0.5 4.5 4.5 1 -0.189589 0.0625715 9.43335 
0.5 2.5 4.5 1 -0.358162 0.0781643 9.43335 
