0 0 0 1 -0.274284 -0.0650133 5.6 
0 0 6.5 1 -0.305293 0.208024 5.6 
10 0 0 1 0.120861 -0.0220926 5.6 
10 0 6.5 1 0.104967 0.232205 5.6 
10 10 0 1 0.3138 -0.102129 5.6 
10 10 6.5 1 0.298103 0.308168 5.6 
0 10 0 1 -0.323422 -0.184359 5.6 
0 10 6.5 1 -0.379596 0.277047 5.6 
0 5 10 1 -0.35569 0.431052 5.6 
10 5 10 1 0.16883 0.440854 5.6 
0 6 0 1 -0.297495 -0.121387 5.6 
0 8 0 1 -0.308915 -0.149125 5.6 
0 8 5 1 -0.345679 0.159017 5.6 
0 6 5 1 -0.329802 0.153799 5.6 
0 2 2.5 1 -0.293469 0.0312118 5.6 
0 4 2.5 1 -0.302446 0.0233565 5.6 
0 4 5 1 -0.317076 0.149617 5.6 
0 2 5 1 -0.306647 0.14619 5.6 
0.5 0.5 -0.5 1 -0.251861 -0.0868547 5.6 
0.5 0.5 6 1 -0.28252 0.189336 5.6 
10.5 0.5 -0.5 1 0.146756 -0.0418005 5.6 
10.5 0.5 6 1 0.131502 0.215236 5.6 
10.5 10.5 -0.5 1 0.359522 -0.135538 5.6 
10.5 10.5 6 1 0.345953 0.281935 5.6 
0.5 10.5 -0.5 1 -0.286652 -0.224108 5.6 
0.5 10.5 6 1 -0.34196 0.246363 5.6 
0.5 5.5 9.5 1 -0.327027 0.41093 5.6 
10.5 5.5 9.5 1 0.203653 0.42281 5.6 
0.5 6.5 -0.5 1 -0.268213 -0.151365 5.6 
0.5 8.5 -0.5 1 -0.276312 -0.183318 5.6 
0.5 8.5 4.5 1 -0.312534 0.130052 5.6 
0.5 6.5 4.5 1 -0.300075 0.127986 5.6 
0.5 2.5 2 1 -0.268988 0.00855657 5.6 
0.5 4.5 2 1 -0.275686 -0.00168124 5.6 
0.5 4.5 4.5 1 -0.290131 0.126337 5.6 
0.5 2.5 4.5 1 -0.28201 0.124991 5.6 
