0 0 0 1 0.401193 -0.503462 13.5667 
0 0 6.5 1 0.33939 0.0450399 13.5667 
10 0 0 1 -0.271403 -0.443834 13.5667 
10 0 6.5 1 -0.27437 -0.0379552 13.5667 
10 10 0 1 0.00488222 -0.335999 13.5667 
10 10 6.5 1 -0.00871266 -0.0741279 13.5667 
0 10 0 1 0.443544 -0.347128 13.5667 
0 10 6.5 1 0.405066 -0.032535 13.5667 
0 5 10 1 0.3576 0.191086 13.5667 
10 5 10 1 -0.119419 0.0985542 13.5667 
0 6 0 1 0.431942 -0.389958 13.5667 
0 8 0 1 0.438294 -0.366507 13.5667 
0 8 5 1 0.405847 -0.0985515 13.5667 
0 6 5 1 0.396547 -0.0940807 13.5667 
0 2 2.5 1 0.39191 -0.26299 13.5667 
0 4 2.5 1 0.404114 -0.249314 13.5667 
0 4 5 1 0.385179 -0.0886155 13.5667 
0 2 5 1 0.370967 -0.0817828 13.5667 
0.5 0.5 -0.5 1 0.365798 -0.53039 13.5667 
0.5 0.5 6 1 0.309588 -0.00347633 13.5667 
10.5 0.5 -0.5 1 -0.274057 -0.465819 13.5667 
10.5 0.5 6 1 -0.276762 -0.0718771 13.5667 
10.5 10.5 -0.5 1 -0.00311142 -0.352724 13.5667 
10.5 10.5 6 1 -0.0160808 -0.0958606 13.5667 
0.5 10.5 -0.5 1 0.421933 -0.366961 13.5667 
0.5 10.5 6 1 0.385518 -0.0595646 13.5667 
0.5 5.5 9.5 1 0.335423 0.151322 13.5667 
10.5 5.5 9.5 1 -0.125226 0.0687114 13.5667 
0.5 6.5 -0.5 1 0.406322 -0.412412 13.5667 
0.5 8.5 -0.5 1 0.414847 -0.387591 13.5667 
0.5 8.5 4.5 1 0.384306 -0.12642 13.5667 
0.5 6.5 4.5 1 0.37321 -0.12479 13.5667 
0.5 2.5 2 1 0.362301 -0.295432 13.5667 
0.5 4.5 2 1 0.37733 -0.278671 13.5667 
0.5 4.5 4.5 1 0.359732 -0.122811 13.5667 
0.5 2.5 4.5 1 0.343012 -0.120356 13.5667 
