0 0 0 1 0.279574 -0.290551 15.7334 
0 0 6.5 1 0.320564 0.111766 15.7334 
10 0 0 1 -0.376163 -0.269066 15.7334 
10 0 6.5 1 -0.32995 0.200038 15.7334 
10 10 0 1 -0.316905 -0.145991 15.7334 
10 10 6.5 1 -0.289752 0.128975 15.7334 
0 10 0 1 0.0863434 -0.17026 15.7334 
0 10 6.5 1 0.11161 0.0803223 15.7334 
0 5 10 1 0.208651 0.259078 15.7334 
10 5 10 1 -0.286131 0.342425 15.7334 
0 6 0 1 0.143044 -0.205558 15.7334 
0 8 0 1 0.112381 -0.18647 15.7334 
0 8 5 1 0.133426 0.0219453 15.7334 
0 6 5 1 0.165995 0.0213644 15.7334 
0 2 2.5 1 0.23824 -0.118235 15.7334 
0 4 2.5 1 0.192294 -0.103928 15.7334 
0 4 5 1 0.204921 0.0206701 15.7334 
0 2 5 1 0.252265 0.0198257 15.7334 
0.5 0.5 -0.5 1 0.233853 -0.310395 15.7334 
0.5 0.5 6 1 0.273814 0.0826942 15.7334 
10.5 0.5 -0.5 1 -0.411897 -0.292676 15.7334 
10.5 0.5 6 1 -0.366994 0.16393 15.7334 
10.5 10.5 -0.5 1 -0.33902 -0.161918 15.7334 
10.5 10.5 6 1 -0.312324 0.108705 15.7334 
0.5 10.5 -0.5 1 0.0603818 -0.184452 15.7334 
0.5 10.5 6 1 0.0852533 0.0625195 15.7334 
0.5 5.5 9.5 1 0.174531 0.234035 15.7334 
10.5 5.5 9.5 1 -0.314581 0.312725 15.7334 
0.5 6.5 -0.5 1 0.111595 -0.221634 15.7334 
0.5 8.5 -0.5 1 0.0839323 -0.20155 15.7334 
0.5 8.5 4.5 1 0.104621 0.00362112 15.7334 
0.5 6.5 4.5 1 0.134124 0.0014483 15.7334 
0.5 2.5 2 1 0.19817 -0.139507 15.7334 
0.5 4.5 2 1 0.156907 -0.123427 15.7334 
0.5 4.5 4.5 1 0.169278 -0.00114076 15.7334 
0.5 2.5 4.5 1 0.211881 -0.00427833 15.7334 
