0 0 0 1 0.291956 -0.360366 19.7 
0 0 6.5 1 0.256076 -0.0175091 19.7 
10 0 0 1 0.498088 -0.598474 19.7 
10 0 6.5 1 0.406172 0.109297 19.7 
10 10 0 1 -0.557561 -0.622867 19.7 
10 10 6.5 1 -0.546545 0.0262089 19.7 
0 10 0 1 -0.226048 -0.383815 19.7 
0 10 6.5 1 -0.235903 -0.055294 19.7 
0 5 10 1 -0.0067026 0.130777 19.7 
10 5 10 1 -0.108162 0.38029 19.7 
0 6 0 1 -0.0248355 -0.374706 19.7 
0 8 0 1 -0.126402 -0.379304 19.7 
0 8 5 1 -0.137821 -0.121636 19.7 
0 6 5 1 -0.040152 -0.11482 19.7 
0 2 2.5 1 0.172276 -0.230458 19.7 
0 4 2.5 1 0.0688408 -0.236432 19.7 
0 4 5 1 0.0593462 -0.107877 19.7 
0 2 5 1 0.160725 -0.100802 19.7 
0.5 0.5 -0.5 1 0.272018 -0.395984 19.7 
0.5 0.5 6 1 0.236176 -0.0420301 19.7 
10.5 0.5 -0.5 1 0.467545 -0.690656 19.7 
10.5 0.5 6 1 0.373695 0.0660464 19.7 
10.5 10.5 -0.5 1 -0.644014 -0.707209 19.7 
10.5 10.5 6 1 -0.624266 -0.0173341 19.7 
0.5 10.5 -0.5 1 -0.259089 -0.418341 19.7 
0.5 10.5 6 1 -0.267601 -0.0796588 19.7 
0.5 5.5 9.5 1 -0.032401 0.111279 19.7 
10.5 5.5 9.5 1 -0.163397 0.354799 19.7 
0.5 6.5 -0.5 1 -0.052957 -0.409664 19.7 
0.5 8.5 -0.5 1 -0.157034 -0.414045 19.7 
0.5 8.5 4.5 1 -0.167592 -0.148259 19.7 
0.5 6.5 4.5 1 -0.0676039 -0.141515 19.7 
0.5 2.5 2 1 0.149618 -0.261416 19.7 
0.5 4.5 2 1 0.0435675 -0.26725 19.7 
0.5 4.5 4.5 1 0.0343064 -0.134641 19.7 
0.5 2.5 4.5 1 0.138195 -0.127634 19.7 
