0 0 0 1 -0.0592064 -0.0380684 3.93333 
0 0 6.5 1 -0.0435545 0.213519 3.93333 
10 0 0 1 0.339905 -0.0924211 3.93333 
10 0 6.5 1 0.374497 0.193933 3.93333 
10 10 0 1 0.32551 -0.236264 3.93333 
10 10 6.5 1 0.38439 0.249356 3.93333 
0 10 0 1 -0.291009 -0.124294 3.93333 
0 10 6.5 1 -0.279563 0.269109 3.93333 
0 5 10 1 -0.126185 0.411892 3.93333 
10 5 10 1 0.403548 0.424438 3.93333 
0 6 0 1 -0.173146 -0.0804513 3.93333 
0 8 0 1 -0.226221 -0.100194 3.93333 
0 8 5 1 -0.215892 0.168563 3.93333 
0 6 5 1 -0.161898 0.163852 3.93333 
0 2 2.5 1 -0.0854998 0.0517907 3.93333 
0 4 2.5 1 -0.123102 0.046195 3.93333 
0 4 5 1 -0.117147 0.159948 3.93333 
0 2 5 1 -0.0794523 0.156659 3.93333 
0.5 0.5 -0.5 1 -0.0501604 -0.0624204 3.93333 
0.5 0.5 6 1 -0.0338196 0.193933 3.93333 
10.5 0.5 -0.5 1 0.36019 -0.121652 3.93333 
10.5 0.5 6 1 0.396548 0.170881 3.93333 
10.5 10.5 -0.5 1 0.359625 -0.292431 3.93333 
10.5 10.5 6 1 0.423778 0.211192 3.93333 
0.5 10.5 -0.5 1 -0.284714 -0.165481 3.93333 
0.5 10.5 6 1 -0.272478 0.239694 3.93333 
0.5 5.5 9.5 1 -0.116241 0.392799 3.93333 
10.5 5.5 9.5 1 0.433548 0.40198 3.93333 
0.5 6.5 -0.5 1 -0.164745 -0.112768 3.93333 
0.5 8.5 -0.5 1 -0.218586 -0.136425 3.93333 
0.5 8.5 4.5 1 -0.207618 0.139434 3.93333 
0.5 6.5 4.5 1 -0.152867 0.137392 3.93333 
0.5 2.5 2 1 -0.0762234 0.0272724 3.93333 
0.5 4.5 2 1 -0.113996 0.0194139 3.93333 
0.5 4.5 4.5 1 -0.107733 0.13571 3.93333 
0.5 2.5 4.5 1 -0.0698879 0.134299 3.93333 
