0 0 0 1 -0.20327 -0.0108958 5.06666 
0 0 6.5 1 -0.222615 0.252426 5.06666 
10 0 0 1 0.188542 0.00425901 5.06666 
10 0 6.5 1 0.188831 0.266113 5.06666 
10 10 0 1 0.323243 -0.110692 5.06666 
10 10 6.5 1 0.334933 0.318127 5.06666 
0 10 0 1 -0.313863 -0.136921 5.06666 
0 10 6.5 1 -0.355768 0.295826 5.06666 
0 5 10 1 -0.288174 0.462543 5.06666 
10 5 10 1 0.245571 0.477978 5.06666 
0 6 0 1 -0.25626 -0.07128 5.06666 
0 8 0 1 -0.281836 -0.100425 5.06666 
0 8 5 1 -0.307917 0.189526 5.06666 
0 6 5 1 -0.278298 0.189466 5.06666 
0 2 2.5 1 -0.226106 0.0786615 5.06666 
0 4 2.5 1 -0.244645 0.0683456 5.06666 
0 4 5 1 -0.254346 0.189418 5.06666 
0 2 5 1 -0.234576 0.189377 5.06666 
0.5 0.5 -0.5 1 -0.18522 -0.0336321 5.06666 
0.5 0.5 6 1 -0.20396 0.23282 5.06666 
10.5 0.5 -0.5 1 0.212468 -0.0180589 5.06666 
10.5 0.5 6 1 0.213969 0.246896 5.06666 
10.5 10.5 -0.5 1 0.365826 -0.150143 5.06666 
10.5 10.5 6 1 0.381474 0.287023 5.06666 
0.5 10.5 -0.5 1 -0.286962 -0.177577 5.06666 
0.5 10.5 6 1 -0.327695 0.263645 5.06666 
0.5 5.5 9.5 1 -0.26522 0.441421 5.06666 
10.5 5.5 9.5 1 0.279487 0.457416 5.06666 
0.5 6.5 -0.5 1 -0.23372 -0.102249 5.06666 
0.5 8.5 -0.5 1 -0.257292 -0.1356 5.06666 
0.5 8.5 4.5 1 -0.282585 0.159258 5.06666 
0.5 6.5 4.5 1 -0.255072 0.162466 5.06666 
0.5 2.5 2 1 -0.206504 0.055015 5.06666 
0.5 4.5 2 1 -0.223524 0.0422518 5.06666 
0.5 4.5 4.5 1 -0.232923 0.165049 5.06666 
0.5 2.5 4.5 1 -0.21471 0.167173 5.06666 
