0 0 0 1 0.018856 -0.186011 3.13333 
0 0 6.5 1 0.0443414 0.0681597 3.13333 
10 0 0 1 0.440421 -0.279023 3.13333 
10 0 6.5 1 0.472759 0.0458089 3.13333 
10 10 0 1 0.281819 -0.430833 3.13333 
10 10 6.5 1 0.337544 0.127575 3.13333 
0 10 0 1 -0.293636 -0.243461 3.13333 
0 10 6.5 1 -0.255559 0.134373 3.13333 
0 5 10 1 -0.0598462 0.258304 3.13333 
10 5 10 1 0.445037 0.296818 3.13333 
0 6 0 1 -0.138086 -0.214864 3.13333 
0 8 0 1 -0.208962 -0.227894 3.13333 
0 8 5 1 -0.182302 0.037009 3.13333 
0 6 5 1 -0.113626 0.0284589 3.13333 
0 2 2.5 1 -0.0156283 -0.0896464 3.13333 
0 4 2.5 1 -0.0665895 -0.0912791 3.13333 
0 4 5 1 -0.0552939 0.0211966 3.13333 
0 2 5 1 -0.00513274 0.0149516 3.13333 
0.5 0.5 -0.5 1 0.0229916 -0.211846 3.13333 
0.5 0.5 6 1 0.0491895 0.0494593 3.13333 
10.5 0.5 -0.5 1 0.460973 -0.315659 3.13333 
10.5 0.5 6 1 0.494468 0.020919 3.13333 
10.5 10.5 -0.5 1 0.307986 -0.505179 3.13333 
10.5 10.5 6 1 0.367234 0.0888665 3.13333 
0.5 10.5 -0.5 1 -0.30061 -0.284831 3.13333 
0.5 10.5 6 1 -0.26092 0.10899 3.13333 
0.5 5.5 9.5 1 -0.0575291 0.242233 3.13333 
10.5 5.5 9.5 1 0.47146 0.27662 3.13333 
0.5 6.5 -0.5 1 -0.138418 -0.24825 3.13333 
0.5 8.5 -0.5 1 -0.212045 -0.264856 3.13333 
0.5 8.5 4.5 1 -0.184361 0.0102244 3.13333 
0.5 6.5 4.5 1 -0.113099 0.00363211 3.13333 
0.5 2.5 2 1 -0.0122316 -0.114445 3.13333 
0.5 4.5 2 1 -0.0645796 -0.118059 3.13333 
0.5 4.5 4.5 1 -0.0529186 -0.0019351 3.13333 
0.5 2.5 4.5 1 -0.0014212 -0.00669905 3.13333 
