0 0 0 1 0.25629 -0.0335233 17.6334 
0 0 6.5 1 0.261557 0.342192 17.6334 
10 0 0 1 -0.191595 -0.203818 17.6334 
10 0 6.5 1 -0.238651 0.432178 17.6334 
10 10 0 1 -0.54151 -0.0689637 17.6334 
10 10 6.5 1 -0.595387 0.317538 17.6334 
0 10 0 1 -0.111724 0.0161379 17.6334 
0 10 6.5 1 -0.126902 0.288222 17.6334 
0 5 10 1 0.0304367 0.496914 17.6334 
10 5 10 1 -0.496945 0.658212 17.6334 
0 6 0 1 0.00888188 -0.000137054 17.6334 
0 8 0 1 -0.0548468 0.00846274 17.6334 
0 8 5 1 -0.064709 0.22722 17.6334 
0 6 5 1 0.00120884 0.231998 17.6334 
0 2 2.5 1 0.162023 0.108121 17.6334 
0 4 2.5 1 0.0784321 0.110948 17.6334 
0 4 5 1 0.075974 0.237418 17.6334 
0 2 5 1 0.161496 0.243617 17.6334 
0.5 0.5 -0.5 1 0.217444 -0.062102 17.6334 
0.5 0.5 6 1 0.219912 0.310147 17.6334 
10.5 0.5 -0.5 1 -0.253534 -0.25032 17.6334 
10.5 0.5 6 1 -0.308009 0.375674 17.6334 
10.5 10.5 -0.5 1 -0.578732 -0.0983598 17.6334 
10.5 10.5 6 1 -0.635156 0.284449 17.6334 
0.5 10.5 -0.5 1 -0.139205 -0.00490742 17.6334 
0.5 10.5 6 1 -0.155753 0.265356 17.6334 
0.5 5.5 9.5 1 -0.00477942 0.468729 17.6334 
10.5 5.5 9.5 1 -0.549997 0.612731 17.6334 
0.5 6.5 -0.5 1 -0.0222491 -0.0236632 17.6334 
0.5 8.5 -0.5 1 -0.08404 -0.013754 17.6334 
0.5 8.5 4.5 1 -0.0950814 0.203462 17.6334 
0.5 6.5 4.5 1 -0.0312672 0.206736 17.6334 
0.5 2.5 2 1 0.125259 0.080363 17.6334 
0.5 4.5 2 1 0.0443341 0.0849954 17.6334 
0.5 4.5 4.5 1 0.0410845 0.210449 17.6334 
0.5 2.5 4.5 1 0.12381 0.214693 17.6334 
