0 0 0 1 0.321904 -0.544336 12.6334 
0 0 6.5 1 0.258788 0.0644183 12.6334 
10 0 0 1 -0.22429 -0.379764 12.6334 
10 0 6.5 1 -0.260232 -0.00767514 12.6334 
10 10 0 1 0.115029 -0.243508 12.6334 
10 10 6.5 1 0.0885514 0.0178031 12.6334 
0 10 0 1 0.565326 -0.289385 12.6334 
0 10 6.5 1 0.526757 0.0700645 12.6334 
0 5 10 1 0.401511 0.309092 12.6334 
10 5 10 1 -0.071818 0.171551 12.6334 
0 6 0 1 0.496566 -0.361402 12.6334 
0 8 0 1 0.534013 -0.322181 12.6334 
0 8 5 1 0.5018 -0.0206489 12.6334 
0 6 5 1 0.461378 -0.0302944 12.6334 
0 2 2.5 1 0.372673 -0.261981 12.6334 
0 4 2.5 1 0.431557 -0.225129 12.6334 
0 4 5 1 0.412222 -0.042024 12.6334 
0 2 5 1 0.351158 -0.0565952 12.6334 
0.5 0.5 -0.5 1 0.303876 -0.555734 12.6334 
0.5 0.5 6 1 0.24477 0.0157465 12.6334 
10.5 0.5 -0.5 1 -0.214434 -0.393264 12.6334 
10.5 0.5 6 1 -0.249039 -0.0354401 12.6334 
10.5 10.5 -0.5 1 0.112701 -0.25685 12.6334 
10.5 10.5 6 1 0.0869574 -0.00265529 12.6334 
0.5 10.5 -0.5 1 0.545283 -0.305843 12.6334 
0.5 10.5 6 1 0.508245 0.0402768 12.6334 
0.5 5.5 9.5 1 0.384345 0.261094 12.6334 
10.5 5.5 9.5 1 -0.0685517 0.142784 12.6334 
0.5 6.5 -0.5 1 0.47583 -0.377737 12.6334 
0.5 8.5 -0.5 1 0.513528 -0.338714 12.6334 
0.5 8.5 4.5 1 0.482699 -0.0493349 12.6334 
0.5 6.5 4.5 1 0.442288 -0.0612262 12.6334 
0.5 2.5 2 1 0.35399 -0.287451 12.6334 
0.5 4.5 2 1 0.411916 -0.24978 12.6334 
0.5 4.5 4.5 1 0.393571 -0.0755615 12.6334 
0.5 2.5 4.5 1 0.333695 -0.0931806 12.6334 
