0 0 0 1 -0.709727 -0.601427 8.36666 
0 0 6.5 1 -0.631499 -0.104761 8.36666 
10 0 0 1 -0.206365 -0.444189 8.36666 
10 0 6.5 1 -0.182416 -0.142044 8.36666 
10 10 0 1 0.253136 -0.546489 8.36666 
10 10 6.5 1 0.254724 -0.156707 8.36666 
0 10 0 1 -0.0679042 -0.901629 8.36666 
0 10 6.5 1 -0.0263869 -0.113634 8.36666 
0 5 10 1 -0.358129 0.174021 8.36666 
10 5 10 1 0.0180046 0.0196643 8.36666 
0 6 0 1 -0.39757 -0.747433 8.36666 
0 8 0 1 -0.24998 -0.816466 8.36666 
0 8 5 1 -0.204662 -0.259995 8.36666 
0 6 5 1 -0.344657 -0.244938 8.36666 
0 2 2.5 1 -0.591199 -0.42469 8.36666 
0 4 2.5 1 -0.489827 -0.452771 8.36666 
0 4 5 1 -0.462173 -0.232299 8.36666 
0 2 5 1 -0.562223 -0.221539 8.36666 
0.5 0.5 -0.5 1 -0.654787 -0.639096 8.36666 
0.5 0.5 6 1 -0.581426 -0.142953 8.36666 
10.5 0.5 -0.5 1 -0.17538 -0.467752 8.36666 
10.5 0.5 6 1 -0.15306 -0.165775 8.36666 
10.5 10.5 -0.5 1 0.29023 -0.576163 8.36666 
10.5 10.5 6 1 0.289498 -0.186699 8.36666 
0.5 10.5 -0.5 1 0.0110375 -0.957433 8.36666 
0.5 10.5 6 1 0.0427536 -0.171158 8.36666 
0.5 5.5 9.5 1 -0.303015 0.128073 8.36666 
10.5 5.5 9.5 1 0.0489239 -0.00687158 8.36666 
0.5 6.5 -0.5 1 -0.330219 -0.794275 8.36666 
0.5 8.5 -0.5 1 -0.177247 -0.867412 8.36666 
0.5 8.5 4.5 1 -0.138552 -0.312096 8.36666 
0.5 6.5 4.5 1 -0.283005 -0.292668 8.36666 
0.5 2.5 2 1 -0.534888 -0.465346 8.36666 
0.5 4.5 2 1 -0.429737 -0.496542 8.36666 
0.5 4.5 4.5 1 -0.404457 -0.276334 8.36666 
0.5 2.5 4.5 1 -0.507996 -0.262409 8.36666 
