0 0 0 1 -0.573796 -0.28309 9.70002 
0 0 6.5 1 -0.533491 0.325795 9.70002 
10 0 0 1 -0.251101 -0.125804 9.70002 
10 0 6.5 1 -0.224859 0.188905 9.70002 
10 10 0 1 0.237208 -0.182657 9.70002 
10 10 6.5 1 0.273584 0.146226 9.70002 
0 10 0 1 0.376102 -0.412256 9.70002 
0 10 6.5 1 0.455676 0.252016 9.70002 
0 5 10 1 -0.0290928 0.651763 9.70002 
10 5 10 1 0.0356846 0.34603 9.70002 
0 6 0 1 -0.0247862 -0.357744 9.70002 
0 8 0 1 0.171909 -0.38449 9.70002 
0 8 5 1 0.225759 0.113177 9.70002 
0 6 5 1 0.0226858 0.131266 9.70002 
0 2 2.5 1 -0.379528 -0.073875 9.70002 
0 4 2.5 1 -0.193903 -0.0948115 9.70002 
0 4 5 1 -0.172869 0.148685 9.70002 
0 2 5 1 -0.361314 0.165471 9.70002 
0.5 0.5 -0.5 1 -0.505465 -0.317661 9.70002 
0.5 0.5 6 1 -0.464712 0.263505 9.70002 
10.5 0.5 -0.5 1 -0.222043 -0.147715 9.70002 
10.5 0.5 6 1 -0.19591 0.159425 9.70002 
10.5 10.5 -0.5 1 0.25612 -0.204245 9.70002 
10.5 10.5 6 1 0.29196 0.116378 9.70002 
0.5 10.5 -0.5 1 0.406789 -0.444006 9.70002 
0.5 10.5 6 1 0.483645 0.18739 9.70002 
0.5 5.5 9.5 1 0.0206552 0.57031 9.70002 
10.5 5.5 9.5 1 0.0594253 0.311875 9.70002 
0.5 6.5 -0.5 1 0.0226834 -0.390808 9.70002 
0.5 8.5 -0.5 1 0.211307 -0.416932 9.70002 
0.5 8.5 4.5 1 0.263694 0.0567114 9.70002 
0.5 6.5 4.5 1 0.0692205 0.0749897 9.70002 
0.5 2.5 2 1 -0.317642 -0.118583 9.70002 
0.5 4.5 2 1 -0.139165 -0.139372 9.70002 
0.5 4.5 4.5 1 -0.118376 0.0926217 9.70002 
0.5 2.5 4.5 1 -0.299455 0.109641 9.70002 
