0 0 0 1 -0.667852 -0.561358 8.06666 
0 0 6.5 1 -0.604292 -0.100924 8.06666 
10 0 0 1 -0.169505 -0.434804 8.06666 
10 0 6.5 1 -0.154633 -0.139416 8.06666 
10 10 0 1 0.269864 -0.525232 8.06666 
10 10 6.5 1 0.258309 -0.130754 8.06666 
0 10 0 1 -0.140585 -0.82037 8.06666 
0 10 6.5 1 -0.108694 -0.0631107 8.06666 
0 5 10 1 -0.38505 0.176962 8.06666 
10 5 10 1 0.0264754 0.0296545 8.06666 
0 6 0 1 -0.417315 -0.68443 8.06666 
0 8 0 1 -0.295016 -0.744508 8.06666 
0 8 5 1 -0.258268 -0.214399 8.06666 
0 6 5 1 -0.373951 -0.209878 8.06666 
0 2 2.5 1 -0.573328 -0.392101 8.06666 
0 4 2.5 1 -0.492098 -0.412477 8.06666 
0 4 5 1 -0.46948 -0.206145 8.06666 
0 2 5 1 -0.549699 -0.20301 8.06666 
0.5 0.5 -0.5 1 -0.618226 -0.597756 8.06666 
0.5 0.5 6 1 -0.558839 -0.135108 8.06666 
10.5 0.5 -0.5 1 -0.138461 -0.458143 8.06666 
10.5 0.5 6 1 -0.125275 -0.161823 8.06666 
10.5 10.5 -0.5 1 0.310695 -0.556301 8.06666 
10.5 10.5 6 1 0.296271 -0.160194 8.06666 
0.5 10.5 -0.5 1 -0.0600478 -0.879824 8.06666 
0.5 10.5 6 1 -0.0386045 -0.116898 8.06666 
0.5 5.5 9.5 1 -0.332773 0.13679 8.06666 
10.5 5.5 9.5 1 0.0585297 0.00481912 8.06666 
0.5 6.5 -0.5 1 -0.352836 -0.731867 8.06666 
0.5 8.5 -0.5 1 -0.223395 -0.797279 8.06666 
0.5 8.5 4.5 1 -0.193273 -0.263634 8.06666 
0.5 6.5 4.5 1 -0.314892 -0.254435 8.06666 
0.5 2.5 2 1 -0.521554 -0.430529 8.06666 
0.5 4.5 2 1 -0.435816 -0.454334 8.06666 
0.5 4.5 4.5 1 -0.415364 -0.246836 8.06666 
0.5 2.5 4.5 1 -0.499764 -0.240452 8.06666 
