0 0 0 1 -0.0514779 -0.0406387 3.86666 
0 0 6.5 1 -0.0342478 0.211005 3.86666 
10 0 0 1 0.349194 -0.0977051 3.86666 
10 0 6.5 1 0.384838 0.191336 3.86666 
10 10 0 1 0.325172 -0.237128 3.86666 
10 10 6.5 1 0.385367 0.254762 3.86666 
0 10 0 1 -0.290066 -0.120405 3.86666 
0 10 6.5 1 -0.275632 0.272171 3.86666 
0 5 10 1 -0.118048 0.410647 3.86666 
10 5 10 1 0.411036 0.425994 3.86666 
0 6 0 1 -0.168904 -0.0798971 3.86666 
0 8 0 1 -0.223504 -0.0981513 3.86666 
0 8 5 1 -0.211234 0.170441 3.86666 
0 6 5 1 -0.155969 0.164366 3.86666 
0 2 2.5 1 -0.0781199 0.0502481 3.86666 
0 4 2.5 1 -0.116799 0.0456673 3.86666 
0 4 5 1 -0.110093 0.159322 3.86666 
0 2 5 1 -0.0714007 0.155069 3.86666 
0.5 0.5 -0.5 1 -0.0428836 -0.0649455 3.86666 
0.5 0.5 6 1 -0.0249595 0.191647 3.86666 
10.5 0.5 -0.5 1 0.369421 -0.127257 3.86666 
10.5 0.5 6 1 0.406831 0.168321 3.86666 
10.5 10.5 -0.5 1 0.358865 -0.294061 3.86666 
10.5 10.5 6 1 0.424305 0.217042 3.86666 
0.5 10.5 -0.5 1 -0.284914 -0.161269 3.86666 
0.5 10.5 6 1 -0.269664 0.243482 3.86666 
0.5 5.5 9.5 1 -0.108781 0.392057 3.86666 
10.5 5.5 9.5 1 0.440859 0.403992 3.86666 
0.5 6.5 -0.5 1 -0.161263 -0.112058 3.86666 
0.5 8.5 -0.5 1 -0.216793 -0.134158 3.86666 
0.5 8.5 4.5 1 -0.203873 0.141803 3.86666 
0.5 6.5 4.5 1 -0.147688 0.138286 3.86666 
0.5 2.5 2 1 -0.0693727 0.0258863 3.86666 
0.5 4.5 2 1 -0.108321 0.0190922 3.86666 
0.5 4.5 4.5 1 -0.101305 0.135382 3.86666 
0.5 2.5 4.5 1 -0.0623629 0.132944 3.86666 
