0 0 0 1 0.258149 -0.0538751 17.2001 
0 0 6.5 1 0.281191 0.325819 17.2001 
10 0 0 1 -0.266234 -0.1861 17.2001 
10 0 6.5 1 -0.294516 0.406393 17.2001 
10 10 0 1 -0.493016 -0.0307129 17.2001 
10 10 6.5 1 -0.525675 0.322984 17.2001 
0 10 0 1 -0.0686212 0.0240841 17.2001 
0 10 6.5 1 -0.0702058 0.289189 17.2001 
0 5 10 1 0.0768652 0.489142 17.2001 
10 5 10 1 -0.461748 0.627197 17.2001 
0 6 0 1 0.0356636 -0.000795679 17.2001 
0 8 0 1 -0.0197706 0.0124295 17.2001 
0 8 5 1 -0.0189448 0.226642 17.2001 
0 6 5 1 0.0391099 0.227907 17.2001 
0 2 2.5 1 0.177972 0.0953527 17.2001 
0 4 2.5 1 0.102456 0.103741 17.2001 
0 4 5 1 0.105971 0.229364 17.2001 
0 2 5 1 0.183807 0.231061 17.2001 
0.5 0.5 -0.5 1 0.216588 -0.0795019 17.2001 
0.5 0.5 6 1 0.236212 0.294503 17.2001 
10.5 0.5 -0.5 1 -0.322501 -0.223455 17.2001 
10.5 0.5 6 1 -0.357232 0.355206 17.2001 
10.5 10.5 -0.5 1 -0.5254 -0.0548093 17.2001 
10.5 10.5 6 1 -0.560071 0.293955 17.2001 
0.5 10.5 -0.5 1 -0.0958246 0.00551715 17.2001 
0.5 10.5 6 1 -0.098839 0.267848 17.2001 
0.5 5.5 9.5 1 0.0405659 0.461339 17.2001 
10.5 5.5 9.5 1 -0.508223 0.58495 17.2001 
0.5 6.5 -0.5 1 0.00406209 -0.0216657 17.2001 
0.5 8.5 -0.5 1 -0.0490127 -0.00722208 17.2001 
0.5 8.5 4.5 1 -0.0494464 0.204625 17.2001 
0.5 6.5 4.5 1 0.00603262 0.20434 17.2001 
0.5 2.5 2 1 0.139316 0.0698051 17.2001 
0.5 4.5 2 1 0.0672412 0.0800017 17.2001 
0.5 4.5 4.5 1 0.0698586 0.204013 17.2001 
0.5 2.5 4.5 1 0.144068 0.203632 17.2001 
