0 0 0 1 -0.721046 -0.566236 8.66667 
0 0 6.5 1 -0.637648 -0.0456476 8.66667 
10 0 0 1 -0.23226 -0.399438 8.66667 
10 0 6.5 1 -0.202106 -0.0962419 8.66667 
10 10 0 1 0.239012 -0.497869 8.66667 
10 10 6.5 1 0.252882 -0.123225 8.66667 
0 10 0 1 0.023984 -0.851051 8.66667 
0 10 6.5 1 0.0720407 -0.0769791 8.66667 
0 5 10 1 -0.310639 0.237654 8.66667 
10 5 10 1 0.0148719 0.0601903 8.66667 
0 6 0 1 -0.346096 -0.709574 8.66667 
0 8 0 1 -0.17728 -0.77411 8.66667 
0 8 5 1 -0.128592 -0.220197 8.66667 
0 6 5 1 -0.290249 -0.201588 8.66667 
0 2 2.5 1 -0.580791 -0.383288 8.66667 
0 4 2.5 1 -0.458547 -0.412916 8.66667 
0 4 5 1 -0.429227 -0.185589 8.66667 
0 2 5 1 -0.549985 -0.171688 8.66667 
0.5 0.5 -0.5 1 -0.661383 -0.603803 8.66667 
0.5 0.5 6 1 -0.583054 -0.0877757 8.66667 
10.5 0.5 -0.5 1 -0.201661 -0.422705 8.66667 
10.5 0.5 6 1 -0.17296 -0.121044 8.66667 
10.5 10.5 -0.5 1 0.271728 -0.525438 8.66667 
10.5 10.5 6 1 0.283886 -0.153161 8.66667 
0.5 10.5 -0.5 1 0.0958375 -0.900218 8.66667 
0.5 10.5 6 1 0.136198 -0.136449 8.66667 
0.5 5.5 9.5 1 -0.254028 0.185792 8.66667 
10.5 5.5 9.5 1 0.0442619 0.0322163 8.66667 
0.5 6.5 -0.5 1 -0.278985 -0.753493 8.66667 
0.5 8.5 -0.5 1 -0.107686 -0.820548 8.66667 
0.5 8.5 4.5 1 -0.0646233 -0.273519 8.66667 
0.5 6.5 4.5 1 -0.22831 -0.251268 8.66667 
0.5 2.5 2 1 -0.52096 -0.42504 8.66667 
0.5 4.5 2 1 -0.396428 -0.457161 8.66667 
0.5 4.5 4.5 1 -0.369391 -0.232089 8.66667 
0.5 2.5 4.5 1 -0.492248 -0.215388 8.66667 
