0 0 0 1 -0.72009 -0.557176 8.7 
0 0 6.5 1 -0.636775 -0.0346122 8.7 
10 0 0 1 -0.234272 -0.391123 8.7 
10 0 6.5 1 -0.203646 -0.08805 8.7 
10 10 0 1 0.237905 -0.488343 8.7 
10 10 6.5 1 0.253007 -0.115782 8.7 
0 10 0 1 0.0352517 -0.837172 8.7 
0 10 6.5 1 0.0839446 -0.0668627 8.7 
0 5 10 1 -0.303916 0.249527 8.7 
10 5 10 1 0.0150017 0.0679672 8.7 
0 6 0 1 -0.338321 -0.698694 8.7 
0 8 0 1 -0.167515 -0.762009 8.7 
0 8 5 1 -0.118707 -0.209885 8.7 
0 6 5 1 -0.28252 -0.191312 8.7 
0 2 2.5 1 -0.577626 -0.373569 8.7 
0 4 2.5 1 -0.453078 -0.40298 8.7 
0 4 5 1 -0.423782 -0.175296 8.7 
0 2 5 1 -0.546849 -0.161343 8.7 
0.5 0.5 -0.5 1 -0.659968 -0.594707 8.7 
0.5 0.5 6 1 -0.5817 -0.0772196 8.7 
10.5 0.5 -0.5 1 -0.203731 -0.41435 8.7 
10.5 0.5 6 1 -0.174532 -0.112975 8.7 
10.5 10.5 -0.5 1 0.270118 -0.515681 8.7 
10.5 10.5 6 1 0.283573 -0.145706 8.7 
0.5 10.5 -0.5 1 0.10603 -0.885626 8.7 
0.5 10.5 6 1 0.147311 -0.126534 8.7 
0.5 5.5 9.5 1 -0.247241 0.196944 8.7 
10.5 5.5 9.5 1 0.044204 0.0398286 8.7 
0.5 6.5 -0.5 1 -0.271447 -0.742264 8.7 
0.5 8.5 -0.5 1 -0.0985262 -0.807937 8.7 
0.5 8.5 4.5 1 -0.0551848 -0.263332 8.7 
0.5 6.5 4.5 1 -0.220711 -0.241207 8.7 
0.5 2.5 2 1 -0.517493 -0.415434 8.7 
0.5 4.5 2 1 -0.390871 -0.447262 8.7 
0.5 4.5 4.5 1 -0.363826 -0.222077 8.7 
0.5 2.5 4.5 1 -0.488793 -0.205373 8.7 
