0 0 0 1 -0.720459 -0.592565 8.53333 
0 0 6.5 1 -0.638031 -0.081034 8.53333 
10 0 0 1 -0.22245 -0.426385 8.53333 
10 0 6.5 1 -0.194627 -0.12306 8.53333 
10 10 0 1 0.244496 -0.528322 8.53333 
10 10 6.5 1 0.25314 -0.145937 8.53333 
0 10 0 1 -0.0191254 -0.891233 8.53333 
0 10 6.5 1 0.0262856 -0.105829 8.53333 
0 5 10 1 -0.334649 0.199619 8.53333 
10 5 10 1 0.0153516 0.0353856 8.53333 
0 6 0 1 -0.373208 -0.740444 8.53333 
0 8 0 1 -0.213121 -0.808618 8.53333 
0 8 5 1 -0.165349 -0.250129 8.53333 
0 6 5 1 -0.317857 -0.232148 8.53333 
0 2 2.5 1 -0.589462 -0.412279 8.53333 
0 4 2.5 1 -0.47649 -0.442065 8.53333 
0 4 5 1 -0.447473 -0.216866 8.53333 
0 2 5 1 -0.558993 -0.203718 8.53333 
0.5 0.5 -0.5 1 -0.662771 -0.630265 8.53333 
0.5 0.5 6 1 -0.585406 -0.121362 8.53333 
10.5 0.5 -0.5 1 -0.191643 -0.449813 8.53333 
10.5 0.5 6 1 -0.165366 -0.147391 8.53333 
10.5 10.5 -0.5 1 0.279205 -0.556846 8.53333 
10.5 10.5 6 1 0.285869 -0.175927 8.53333 
0.5 10.5 -0.5 1 0.0565085 -0.94341 8.53333 
0.5 10.5 6 1 0.0931575 -0.164524 8.53333 
0.5 5.5 9.5 1 -0.278501 0.150472 8.53333 
10.5 5.5 9.5 1 0.0454626 0.00804714 8.53333 
0.5 6.5 -0.5 1 -0.30556 -0.78578 8.53333 
0.5 8.5 -0.5 1 -0.141591 -0.857165 8.53333 
0.5 8.5 4.5 1 -0.099998 -0.30299 8.53333 
0.5 6.5 4.5 1 -0.255718 -0.281015 8.53333 
0.5 2.5 2 1 -0.531021 -0.453602 8.53333 
0.5 4.5 2 1 -0.415003 -0.486178 8.53333 
0.5 4.5 4.5 1 -0.388351 -0.262298 8.53333 
0.5 2.5 4.5 1 -0.502678 -0.246164 8.53333 
