0 0 0 1 0.267064 -0.270682 16.0334 
0 0 6.5 1 0.311589 0.119195 16.0334 
10 0 0 1 -0.369962 -0.283118 16.0334 
10 0 6.5 1 -0.334823 0.201169 16.0334 
10 10 0 1 -0.353376 -0.127118 16.0334 
10 10 6.5 1 -0.33267 0.156914 16.0334 
0 10 0 1 0.0512105 -0.138172 16.0334 
0 10 6.5 1 0.0758858 0.110544 16.0334 
0 5 10 1 0.184905 0.282453 16.0334 
10 5 10 1 -0.31892 0.372973 16.0334 
0 6 0 1 0.115644 -0.177727 16.0334 
0 8 0 1 0.0809147 -0.156407 16.0334 
0 8 5 1 0.101716 0.0490226 16.0334 
0 6 5 1 0.138733 0.045021 16.0334 
0 2 2.5 1 0.220916 -0.100591 16.0334 
0 4 2.5 1 0.169643 -0.0823156 16.0334 
0 4 5 1 0.182699 0.0402681 16.0334 
0 2 5 1 0.235774 0.0345307 16.0334 
0.5 0.5 -0.5 1 0.221973 -0.289656 16.0334 
0.5 0.5 6 1 0.264445 0.0916376 16.0334 
10.5 0.5 -0.5 1 -0.409517 -0.306142 16.0334 
10.5 0.5 6 1 -0.376505 0.164974 16.0334 
10.5 10.5 -0.5 1 -0.377128 -0.143113 16.0334 
10.5 10.5 6 1 -0.357166 0.136339 16.0334 
0.5 10.5 -0.5 1 0.0250333 -0.152102 16.0334 
0.5 10.5 6 1 0.0489645 0.0930959 16.0334 
0.5 5.5 9.5 1 0.149888 0.258101 16.0334 
10.5 5.5 9.5 1 -0.350443 0.342556 16.0334 
0.5 6.5 -0.5 1 0.0841249 -0.193375 16.0334 
0.5 8.5 -0.5 1 0.0523073 -0.171151 16.0334 
0.5 8.5 4.5 1 0.0724362 0.0311597 16.0334 
0.5 6.5 4.5 1 0.106408 0.0257108 16.0334 
0.5 2.5 2 1 0.180836 -0.120947 16.0334 
0.5 4.5 2 1 0.134091 -0.101114 16.0334 
0.5 4.5 4.5 1 0.14665 0.0192562 16.0334 
0.5 2.5 4.5 1 0.195074 0.0114894 16.0334 
