0 0 0 1 0.276737 -0.284255 15.8001 
0 0 6.5 1 0.31892 0.115286 15.8001 
10 0 0 1 -0.375275 -0.26893 15.8001 
10 0 6.5 1 -0.331114 0.203729 15.8001 
10 10 0 1 -0.325011 -0.139583 15.8001 
10 10 6.5 1 -0.298948 0.13727 15.8001 
0 10 0 1 0.0784232 -0.161596 15.8001 
0 10 6.5 1 0.103843 0.0884536 15.8001 
0 5 10 1 0.203756 0.265855 15.8001 
10 5 10 1 -0.292985 0.351682 15.8001 
0 6 0 1 0.136827 -0.197719 15.8001 
0 8 0 1 0.105265 -0.178198 15.8001 
0 8 5 1 0.126486 0.0294652 15.8001 
0 6 5 1 0.160054 0.0281958 15.8001 
0 2 2.5 1 0.23443 -0.112556 15.8001 
0 4 2.5 1 0.187268 -0.0974456 15.8001 
0 4 5 1 0.200122 0.0266805 15.8001 
0 2 5 1 0.248782 0.0248404 15.8001 
0.5 0.5 -0.5 1 0.231115 -0.303872 15.8001 
0.5 0.5 6 1 0.272022 0.0865724 15.8001 
10.5 0.5 -0.5 1 -0.411877 -0.292407 15.8001 
10.5 0.5 6 1 -0.369195 0.167575 15.8001 
10.5 10.5 -0.5 1 -0.347491 -0.155509 15.8001 
10.5 10.5 6 1 -0.321949 0.116946 15.8001 
0.5 10.5 -0.5 1 0.0524035 -0.175706 15.8001 
0.5 10.5 6 1 0.077346 0.0707508 15.8001 
0.5 5.5 9.5 1 0.169404 0.240983 15.8001 
10.5 5.5 9.5 1 -0.322118 0.321824 15.8001 
0.5 6.5 -0.5 1 0.105345 -0.213674 15.8001 
0.5 8.5 -0.5 1 0.0767675 -0.193179 15.8001 
0.5 8.5 4.5 1 0.0975575 0.0112663 15.8001 
0.5 6.5 4.5 1 0.128058 0.00843784 15.8001 
0.5 2.5 2 1 0.194321 -0.133595 15.8001 
0.5 4.5 2 1 0.151817 -0.116762 15.8001 
0.5 4.5 4.5 1 0.164358 0.00507146 15.8001 
0.5 2.5 4.5 1 0.208286 0.000997682 15.8001 
