0 0 0 1 0.259505 -0.25525 16.2668 
0 0 6.5 1 0.303622 0.125481 16.2668 
10 0 0 1 -0.359077 -0.301278 16.2668 
10 0 6.5 1 -0.33524 0.19338 16.2668 
10 10 0 1 -0.380779 -0.120382 16.2668 
10 10 6.5 1 -0.367666 0.171681 16.2668 
0 10 0 1 0.0254522 -0.116889 16.2668 
0 10 6.5 1 0.0475 0.131339 16.2668 
0 5 10 1 0.164569 0.299155 16.2668 
10 5 10 1 -0.346086 0.389847 16.2668 
0 6 0 1 0.096332 -0.15879 16.2668 
0 8 0 1 0.0582375 -0.13627 16.2668 
0 8 5 1 0.0771078 0.0675991 16.2668 
0 6 5 1 0.117678 0.0614429 16.2668 
0 2 2.5 1 0.208608 -0.0875672 16.2668 
0 4 2.5 1 0.153204 -0.067094 16.2668 
0 4 5 1 0.165584 0.0541735 16.2668 
0 2 5 1 0.223013 0.0454591 16.2668 
0.5 0.5 -0.5 1 0.215136 -0.274177 16.2668 
0.5 0.5 6 1 0.256594 0.0985471 16.2668 
10.5 0.5 -0.5 1 -0.40153 -0.324487 16.2668 
10.5 0.5 6 1 -0.380542 0.156738 16.2668 
10.5 10.5 -0.5 1 -0.40584 -0.13678 16.2668 
10.5 10.5 6 1 -0.393697 0.15056 16.2668 
0.5 10.5 -0.5 1 -0.00084251 -0.130955 16.2668 
0.5 10.5 6 1 0.0202372 0.113851 16.2668 
0.5 5.5 9.5 1 0.129093 0.274991 16.2668 
10.5 5.5 9.5 1 -0.380045 0.358562 16.2668 
0.5 6.5 -0.5 1 0.0648547 -0.174521 16.2668 
0.5 8.5 -0.5 1 0.0295772 -0.151127 16.2668 
0.5 8.5 4.5 1 0.0475748 0.0497412 16.2668 
0.5 6.5 4.5 1 0.0851554 0.0422128 16.2668 
0.5 2.5 2 1 0.168748 -0.107741 16.2668 
0.5 4.5 2 1 0.117693 -0.0858073 16.2668 
0.5 4.5 4.5 1 0.129426 0.0333443 16.2668 
0.5 2.5 4.5 1 0.182347 0.0227429 16.2668 
