0 0 0 1 0.257239 -0.0264971 17.4334 
0 0 6.5 1 0.271034 0.353526 17.4334 
10 0 0 1 -0.230673 -0.174198 17.4334 
10 0 6.5 1 -0.27035 0.447469 17.4334 
10 10 0 1 -0.521695 -0.0348288 17.4334 
10 10 6.5 1 -0.56671 0.338072 17.4334 
0 10 0 1 -0.0928155 0.0333321 17.4334 
0 10 6.5 1 -0.101933 0.303366 17.4334 
0 5 10 1 0.051034 0.511145 17.4334 
10 5 10 1 -0.486384 0.668006 17.4334 
0 6 0 1 0.0204277 0.0139772 17.4334 
0 8 0 1 -0.0395871 0.0242346 17.4334 
0 8 5 1 -0.0446399 0.241844 17.4334 
0 6 5 1 0.0178141 0.245626 17.4334 
0 2 2.5 1 0.169102 0.118494 17.4334 
0 4 2.5 1 0.088898 0.123142 17.4334 
0 4 5 1 0.0891946 0.249949 17.4334 
0 2 5 1 0.171563 0.254937 17.4334 
0.5 0.5 -0.5 1 0.216931 -0.0539035 17.4334 
0.5 0.5 6 1 0.22757 0.321487 17.4334 
10.5 0.5 -0.5 1 -0.290357 -0.216615 17.4334 
10.5 0.5 6 1 -0.337199 0.392642 17.4334 
10.5 10.5 -0.5 1 -0.556586 -0.061751 17.4334 
10.5 10.5 6 1 -0.603911 0.30668 17.4334 
0.5 10.5 -0.5 1 -0.120212 0.0133707 17.4334 
0.5 10.5 6 1 -0.130751 0.281062 17.4334 
0.5 5.5 9.5 1 0.0151402 0.482852 17.4334 
10.5 5.5 9.5 1 -0.536515 0.623405 17.4334 
0.5 6.5 -0.5 1 -0.0110153 -0.00841859 17.4334 
0.5 8.5 -0.5 1 -0.0688699 0.00312585 17.4334 
0.5 8.5 4.5 1 -0.0751612 0.218746 17.4334 
0.5 6.5 4.5 1 -0.0150619 0.220976 17.4334 
0.5 2.5 2 1 0.131279 0.091562 17.4334 
0.5 4.5 2 1 0.0541401 0.0980515 17.4334 
0.5 4.5 4.5 1 0.0535786 0.223523 17.4334 
0.5 2.5 4.5 1 0.132721 0.226459 17.4334 
