0 0 0 1 -0.0670503 -0.0365809 4 
0 0 6.5 1 -0.0530867 0.214927 4 
10 0 0 1 0.330557 -0.0880447 4 
10 0 6.5 1 0.363911 0.19566 4 
10 10 0 1 0.325554 -0.236291 4 
10 10 6.5 1 0.382847 0.243 4 
0 10 0 1 -0.291958 -0.129497 4 
0 10 6.5 1 -0.283584 0.264558 4 
0 5 10 1 -0.134596 0.411809 4 
10 5 10 1 0.395557 0.421877 4 
0 6 0 1 -0.177467 -0.0821975 4 
0 8 0 1 -0.22899 -0.103483 4 
0 8 5 1 -0.220671 0.165358 4 
0 6 5 1 -0.167984 0.162093 4 
0 2 2.5 1 -0.0930272 0.0522168 4 
0 4 2.5 1 -0.129541 0.0455647 4 
0 4 5 1 -0.12438 0.15939 4 
0 2 5 1 -0.0876949 0.157116 4 
0.5 0.5 -0.5 1 -0.057543 -0.0609764 4 
0.5 0.5 6 1 -0.0428956 0.195119 4 
10.5 0.5 -0.5 1 0.350918 -0.116959 4 
10.5 0.5 6 1 0.386029 0.172584 4 
10.5 10.5 -0.5 1 0.360074 -0.291692 4 
10.5 10.5 6 1 0.422647 0.204452 4 
0.5 10.5 -0.5 1 -0.284511 -0.170998 4 
0.5 10.5 6 1 -0.275365 0.234422 4 
0.5 5.5 9.5 1 -0.123962 0.392215 4 
10.5 5.5 9.5 1 0.425725 0.398994 4 
0.5 6.5 -0.5 1 -0.168298 -0.114665 4 
0.5 8.5 -0.5 1 -0.220422 -0.139931 4 
0.5 8.5 4.5 1 -0.211473 0.135747 4 
0.5 6.5 4.5 1 -0.158191 0.13526 4 
0.5 2.5 2 1 -0.0832122 0.0275469 4 
0.5 4.5 2 1 -0.119796 0.0185834 4 
0.5 4.5 4.5 1 -0.11433 0.13486 4 
0.5 2.5 4.5 1 -0.077594 0.134525 4 
