0 0 0 1 -0.706334 -0.600085 8.33333 
0 0 6.5 1 -0.629328 -0.106911 8.33333 
10 0 0 1 -0.202694 -0.445586 8.33333 
10 0 6.5 1 -0.179637 -0.143903 8.33333 
10 10 0 1 0.255002 -0.547338 8.33333 
10 10 6.5 1 0.255134 -0.156475 8.33333 
0 10 0 1 -0.0769272 -0.898269 8.33333 
0 10 6.5 1 -0.0363035 -0.111547 8.33333 
0 5 10 1 -0.362001 0.171656 8.33333 
10 5 10 1 0.0187618 0.0185466 8.33333 
0 6 0 1 -0.401184 -0.744651 8.33333 
0 8 0 1 -0.256269 -0.813305 8.33333 
0 8 5 1 -0.211644 -0.258405 8.33333 
0 6 5 1 -0.349018 -0.244231 8.33333 
0 2 2.5 1 -0.590401 -0.424105 8.33333 
0 4 2.5 1 -0.49133 -0.451583 8.33333 
0 4 5 1 -0.464083 -0.232359 8.33333 
0 2 5 1 -0.561865 -0.222271 8.33333 
0.5 0.5 -0.5 1 -0.651972 -0.637699 8.33333 
0.5 0.5 6 1 -0.579773 -0.144674 8.33333 
10.5 0.5 -0.5 1 -0.171686 -0.469159 8.33333 
10.5 0.5 6 1 -0.150269 -0.167504 8.33333 
10.5 10.5 -0.5 1 0.292552 -0.577221 8.33333 
10.5 10.5 6 1 0.290296 -0.186448 8.33333 
0.5 10.5 -0.5 1 0.0024655 -0.954708 8.33333 
0.5 10.5 6 1 0.033134 -0.168775 8.33333 
0.5 5.5 9.5 1 -0.30715 0.126342 8.33333 
10.5 5.5 9.5 1 0.0498279 -0.00782012 8.33333 
0.5 6.5 -0.5 1 -0.334017 -0.791716 8.33333 
0.5 8.5 -0.5 1 -0.183463 -0.864644 8.33333 
0.5 8.5 4.5 1 -0.145511 -0.310297 8.33333 
0.5 6.5 4.5 1 -0.287558 -0.291691 8.33333 
0.5 2.5 2 1 -0.534561 -0.464587 8.33333 
0.5 4.5 2 1 -0.431593 -0.495235 8.33333 
0.5 4.5 4.5 1 -0.40671 -0.276083 8.33333 
0.5 2.5 4.5 1 -0.50809 -0.262804 8.33333 
