0 0 0 1 0.109344 -0.417059 2.23333 
0 0 6.5 1 0.121131 -0.132478 2.23333 
10 0 0 1 0.584591 -0.568911 2.23333 
10 0 6.5 1 0.572319 -0.144559 2.23333 
10 10 0 1 0.161892 -0.805387 2.23333 
10 10 6.5 1 0.184618 -0.0891024 2.23333 
0 10 0 1 -0.303782 -0.487918 2.23333 
0 10 6.5 1 -0.263824 -0.0963747 2.23333 
0 5 10 1 -0.0308664 0.0472459 2.23333 
10 5 10 1 0.423468 0.130889 2.23333 
0 6 0 1 -0.105553 -0.453918 2.23333 
0 8 0 1 -0.197604 -0.469707 2.23333 
0 8 5 1 -0.173042 -0.186047 2.23333 
0 6 5 1 -0.0861833 -0.189007 2.23333 
0 2 2.5 1 0.0521695 -0.308834 2.23333 
0 4 2.5 1 -0.0172283 -0.313514 2.23333 
0 4 5 1 -0.00975891 -0.191611 2.23333 
0 2 5 1 0.0580048 -0.19392 2.23333 
0.5 0.5 -0.5 1 0.109437 -0.448648 2.23333 
0.5 0.5 6 1 0.121613 -0.153195 2.23333 
10.5 0.5 -0.5 1 0.609815 -0.624755 2.23333 
10.5 0.5 6 1 0.595297 -0.17583 2.23333 
10.5 10.5 -0.5 1 0.167045 -0.926202 2.23333 
10.5 10.5 6 1 0.191096 -0.137156 2.23333 
0.5 10.5 -0.5 1 -0.323848 -0.535683 2.23333 
0.5 10.5 6 1 -0.28084 -0.123265 2.23333 
0.5 5.5 9.5 1 -0.0360374 0.0306332 2.23333 
10.5 5.5 9.5 1 0.442259 0.109639 2.23333 
0.5 6.5 -0.5 1 -0.11449 -0.493628 2.23333 
0.5 8.5 -0.5 1 -0.211372 -0.513089 2.23333 
0.5 8.5 4.5 1 -0.185143 -0.215256 2.23333 
0.5 6.5 4.5 1 -0.0939719 -0.216393 2.23333 
0.5 2.5 2 1 0.0501908 -0.337801 2.23333 
0.5 4.5 2 1 -0.0220121 -0.344502 2.23333 
0.5 4.5 4.5 1 -0.0141679 -0.217389 2.23333 
0.5 2.5 4.5 1 0.0562699 -0.218268 2.23333 
