0 0 0 1 0.301149 -0.412493 15.2334 
0 0 6.5 1 0.32666 0.0182238 15.2334 
10 0 0 1 -0.38184 -0.366652 15.2334 
10 0 6.5 1 -0.327711 0.0834512 15.2334 
10 10 0 1 -0.258354 -0.25069 15.2334 
10 10 6.5 1 -0.228916 0.0159357 15.2334 
0 10 0 1 0.148327 -0.28163 15.2334 
0 10 6.5 1 0.167449 -0.0219218 15.2334 
0 5 10 1 0.23915 0.160121 15.2334 
10 5 10 1 -0.246271 0.213343 15.2334 
0 6 0 1 0.192029 -0.319053 15.2334 
0 8 0 1 0.168281 -0.298718 15.2334 
0 8 5 1 0.183939 -0.0804388 15.2334 
0 6 5 1 0.208635 -0.0800402 15.2334 
0 2 2.5 1 0.265723 -0.224542 15.2334 
0 4 2.5 1 0.229685 -0.210035 15.2334 
0 4 5 1 0.238396 -0.0795598 15.2334 
0 2 5 1 0.274956 -0.0789696 15.2334 
0.5 0.5 -0.5 1 0.255182 -0.433291 15.2334 
0.5 0.5 6 1 0.28174 -0.0129927 15.2334 
10.5 0.5 -0.5 1 -0.410749 -0.389786 15.2334 
10.5 0.5 6 1 -0.356967 0.0489624 15.2334 
10.5 10.5 -0.5 1 -0.277657 -0.266427 15.2334 
10.5 10.5 6 1 -0.248249 -0.00382303 15.2334 
0.5 10.5 -0.5 1 0.122916 -0.296406 15.2334 
0.5 10.5 6 1 0.142315 -0.0405173 15.2334 
0.5 5.5 9.5 1 0.207117 0.133904 15.2334 
10.5 5.5 9.5 1 -0.269633 0.185118 15.2334 
0.5 6.5 -0.5 1 0.161033 -0.335854 15.2334 
0.5 8.5 -0.5 1 0.14035 -0.314449 15.2334 
0.5 8.5 4.5 1 0.156271 -0.0996753 15.2334 
0.5 6.5 4.5 1 0.177973 -0.101039 15.2334 
0.5 2.5 2 1 0.226384 -0.247152 15.2334 
0.5 4.5 2 1 0.195104 -0.230657 15.2334 
0.5 4.5 4.5 1 0.204032 -0.102677 15.2334 
0.5 2.5 4.5 1 0.235906 -0.10468 15.2334 
