0 0 0 1 0.11798 -0.419458 2.16667 
0 0 6.5 1 0.12774 -0.132823 2.16667 
10 0 0 1 0.596747 -0.570465 2.16667 
10 0 6.5 1 0.579529 -0.138526 2.16667 
10 10 0 1 0.150443 -0.801572 2.16667 
10 10 6.5 1 0.170239 -0.0775465 2.16667 
0 10 0 1 -0.301297 -0.487588 2.16667 
0 10 6.5 1 -0.26273 -0.0962626 2.16667 
0 5 10 1 -0.0282619 0.0471648 2.16667 
10 5 10 1 0.419574 0.141063 2.16667 
0 6 0 1 -0.100891 -0.455023 2.16667 
0 8 0 1 -0.19413 -0.470173 2.16667 
0 8 5 1 -0.170766 -0.185939 2.16667 
0 6 5 1 -0.0828378 -0.189122 2.16667 
0 2 2.5 1 0.0587014 -0.309984 2.16667 
0 4 2.5 1 -0.0119894 -0.314347 2.16667 
0 4 5 1 -0.00522216 -0.191931 2.16667 
0 2 5 1 0.0637944 -0.194429 2.16667 
0.5 0.5 -0.5 1 0.117825 -0.451112 2.16667 
0.5 0.5 6 1 0.12792 -0.153392 2.16667 
10.5 0.5 -0.5 1 0.622335 -0.627131 2.16667 
10.5 0.5 6 1 0.602479 -0.169581 2.16667 
10.5 10.5 -0.5 1 0.153106 -0.923164 2.16667 
10.5 10.5 6 1 0.174255 -0.124324 2.16667 
0.5 10.5 -0.5 1 -0.322046 -0.53498 2.16667 
0.5 10.5 6 1 -0.280396 -0.122702 2.16667 
0.5 5.5 9.5 1 -0.0339373 0.0308536 2.16667 
10.5 5.5 9.5 1 0.43741 0.120718 2.16667 
0.5 6.5 -0.5 1 -0.110344 -0.494616 2.16667 
0.5 8.5 -0.5 1 -0.208504 -0.513331 2.16667 
0.5 8.5 4.5 1 -0.183467 -0.214796 2.16667 
0.5 6.5 4.5 1 -0.0911526 -0.216237 2.16667 
0.5 2.5 2 1 0.0563734 -0.338873 2.16667 
0.5 4.5 2 1 -0.0172075 -0.345201 2.16667 
0.5 4.5 4.5 1 -0.0100774 -0.217503 2.16667 
0.5 2.5 4.5 1 0.0616933 -0.218623 2.16667 
