0 0 0 1 0.403621 -0.531927 13.7001 
0 0 6.5 1 0.34598 0.0117168 13.7001 
10 0 0 1 -0.281921 -0.469586 13.7001 
10 0 6.5 1 -0.27837 -0.0566758 13.7001 
10 10 0 1 -0.0149656 -0.357868 13.7001 
10 10 6.5 1 -0.0247619 -0.0943338 13.7001 
0 10 0 1 0.42261 -0.372061 13.7001 
0 10 6.5 1 0.387689 -0.0608127 13.7001 
0 5 10 1 0.351152 0.157897 13.7001 
10 5 10 1 -0.12777 0.0795174 13.7001 
0 6 0 1 0.417414 -0.415801 13.7001 
0 8 0 1 0.42026 -0.391847 13.7001 
0 8 5 1 0.390695 -0.126487 13.7001 
0 6 5 1 0.385033 -0.12269 13.7001 
0 2 2.5 1 0.388808 -0.291596 13.7001 
0 4 2.5 1 0.395495 -0.277051 13.7001 
0 4 5 1 0.378112 -0.11805 13.7001 
0 2 5 1 0.36946 -0.112248 13.7001 
0.5 0.5 -0.5 1 0.366255 -0.558365 13.7001 
0.5 0.5 6 1 0.314252 -0.0349116 13.7001 
10.5 0.5 -0.5 1 -0.286699 -0.491788 13.7001 
10.5 0.5 6 1 -0.28294 -0.0906187 13.7001 
10.5 10.5 -0.5 1 -0.0239256 -0.374587 13.7001 
10.5 10.5 6 1 -0.0331176 -0.11587 13.7001 
0.5 10.5 -0.5 1 0.400578 -0.391474 13.7001 
0.5 10.5 6 1 0.36767 -0.0869207 13.7001 
0.5 5.5 9.5 1 0.328046 0.119792 13.7001 
10.5 5.5 9.5 1 -0.135019 0.0499656 13.7001 
0.5 6.5 -0.5 1 0.391051 -0.4378 13.7001 
0.5 8.5 -0.5 1 0.396255 -0.412493 13.7001 
0.5 8.5 4.5 1 0.368557 -0.15346 13.7001 
0.5 6.5 4.5 1 0.360916 -0.152395 13.7001 
0.5 2.5 2 1 0.357808 -0.323133 13.7001 
0.5 4.5 2 1 0.367692 -0.3056 13.7001 
0.5 4.5 4.5 1 0.351631 -0.151102 13.7001 
0.5 2.5 4.5 1 0.34011 -0.149497 13.7001 
