0 0 0 1 -0.146521 -0.292182 11.0667 
0 0 6.5 1 -0.173406 0.396523 11.0667 
10 0 0 1 -0.247605 -0.0556646 11.0667 
10 0 6.5 1 -0.267884 0.295061 11.0667 
10 10 0 1 0.207937 -0.0156917 11.0667 
10 10 6.5 1 0.218443 0.284095 11.0667 
0 10 0 1 0.603429 -0.166521 11.0667 
0 10 6.5 1 0.664801 0.349626 11.0667 
0 5 10 1 0.331076 0.752556 11.0667 
10 5 10 1 -0.00615955 0.481462 11.0667 
0 6 0 1 0.352098 -0.208634 11.0667 
0 8 0 1 0.484208 -0.186498 11.0667 
0 8 5 1 0.522632 0.220742 11.0667 
0 6 5 1 0.380816 0.220609 11.0667 
0 2 2.5 1 0.0400618 -0.0320884 11.0667 
0 4 2.5 1 0.212684 -0.0168415 11.0667 
0 4 5 1 0.221231 0.220459 11.0667 
0 2 5 1 0.0403141 0.22029 11.0667 
0.5 0.5 -0.5 1 -0.107672 -0.306223 11.0667 
0.5 0.5 6 1 -0.127187 0.327738 11.0667 
10.5 0.5 -0.5 1 -0.223102 -0.0717611 11.0667 
10.5 0.5 6 1 -0.240907 0.264281 11.0667 
10.5 10.5 -0.5 1 0.214834 -0.0307972 11.0667 
10.5 10.5 6 1 0.225399 0.258207 11.0667 
0.5 10.5 -0.5 1 0.594389 -0.183833 11.0667 
0.5 10.5 6 1 0.651333 0.301049 11.0667 
0.5 5.5 9.5 1 0.337932 0.664991 11.0667 
10.5 5.5 9.5 1 0.00989921 0.445248 11.0667 
0.5 6.5 -0.5 1 0.356503 -0.225304 11.0667 
0.5 8.5 -0.5 1 0.481215 -0.203563 11.0667 
0.5 8.5 4.5 1 0.517139 0.178368 11.0667 
0.5 6.5 4.5 1 0.383815 0.1759 11.0667 
0.5 2.5 2 1 0.0659586 -0.0632467 11.0667 
0.5 4.5 2 1 0.226285 -0.0472123 11.0667 
0.5 4.5 4.5 1 0.234883 0.173143 11.0667 
0.5 2.5 4.5 1 0.0674306 0.170043 11.0667 
