0 0 0 1 0.297908 -0.387995 15.3001 
0 0 6.5 1 0.326086 0.0375243 15.3001 
10 0 0 1 -0.381051 -0.344072 15.3001 
10 0 6.5 1 -0.327272 0.107081 15.3001 
10 10 0 1 -0.266051 -0.231421 15.3001 
10 10 6.5 1 -0.236358 0.0355079 15.3001 
0 10 0 1 0.139525 -0.262158 15.3001 
0 10 6.5 1 0.159954 -0.00441093 15.3001 
0 5 10 1 0.235366 0.177805 15.3001 
10 5 10 1 -0.250534 0.235684 15.3001 
0 6 0 1 0.184976 -0.298269 15.3001 
0 8 0 1 0.160294 -0.27866 15.3001 
0 8 5 1 0.177067 -0.0623295 15.3001 
0 6 5 1 0.202844 -0.0615771 15.3001 
0 2 2.5 1 0.261851 -0.203683 15.3001 
0 4 2.5 1 0.22443 -0.189972 15.3001 
0 4 5 1 0.233873 -0.0606713 15.3001 
0 2 5 1 0.271941 -0.05956 15.3001 
0.5 0.5 -0.5 1 0.251954 -0.408797 15.3001 
0.5 0.5 6 1 0.280888 0.00652421 15.3001 
10.5 0.5 -0.5 1 -0.410896 -0.367446 15.3001 
10.5 0.5 6 1 -0.357558 0.0722684 15.3001 
10.5 10.5 -0.5 1 -0.285735 -0.247214 15.3001 
10.5 10.5 6 1 -0.256123 0.0156706 15.3001 
0.5 10.5 -0.5 1 0.114039 -0.276874 15.3001 
0.5 10.5 6 1 0.13465 -0.0229015 15.3001 
0.5 5.5 9.5 1 0.203041 0.151737 15.3001 
10.5 5.5 9.5 1 -0.274565 0.207247 15.3001 
0.5 6.5 -0.5 1 0.153913 -0.315016 15.3001 
0.5 8.5 -0.5 1 0.13229 -0.294332 15.3001 
0.5 8.5 4.5 1 0.14924 -0.0814559 15.3001 
0.5 6.5 4.5 1 0.172009 -0.0824527 15.3001 
0.5 2.5 2 1 0.222395 -0.226184 15.3001 
0.5 4.5 2 1 0.189729 -0.210491 15.3001 
0.5 4.5 4.5 1 0.199323 -0.0836484 15.3001 
0.5 2.5 4.5 1 0.232691 -0.0851092 15.3001 
