0 0 0 1 0.0294498 -0.232096 3 
0 0 6.5 1 0.0545807 0.0247495 3 
10 0 0 1 0.456838 -0.33574 3 
10 0 6.5 1 0.485527 -0.000381547 3 
10 10 0 1 0.266352 -0.506112 3 
10 10 6.5 1 0.318507 0.0703844 3 
0 10 0 1 -0.297958 -0.294715 3 
0 10 6.5 1 -0.257566 0.0831948 3 
0 5 10 1 -0.0553634 0.21093 3 
10 5 10 1 0.4435 0.249901 3 
0 6 0 1 -0.135697 -0.263682 3 
0 8 0 1 -0.209805 -0.277855 3 
0 8 5 1 -0.181994 -0.0116016 3 
0 6 5 1 -0.110598 -0.0185896 3 
0 2 2.5 1 -0.0075178 -0.135124 3 
0 4 2.5 1 -0.0610603 -0.137712 3 
0 4 5 1 -0.0496693 -0.024553 3 
0 2 5 1 0.00293555 -0.0297017 3 
0.5 0.5 -0.5 1 0.0328699 -0.258852 3 
0.5 0.5 6 1 0.0587021 0.00562192 3 
10.5 0.5 -0.5 1 0.477734 -0.374937 3 
10.5 0.5 6 1 0.507309 -0.0264571 3 
10.5 10.5 -0.5 1 0.290428 -0.587132 3 
10.5 10.5 6 1 0.345652 0.0292611 3 
0.5 10.5 -0.5 1 -0.307104 -0.337426 3 
0.5 10.5 6 1 -0.264871 0.0572317 3 
0.5 5.5 9.5 1 -0.054242 0.194566 3 
10.5 5.5 9.5 1 0.469063 0.228918 3 
0.5 6.5 -0.5 1 -0.137434 -0.298212 3 
0.5 8.5 -0.5 1 -0.214635 -0.316054 3 
0.5 8.5 4.5 1 -0.185693 -0.0390344 3 
0.5 6.5 4.5 1 -0.111416 -0.044026 3 
0.5 2.5 2 1 -0.00501659 -0.16067 3 
0.5 4.5 2 1 -0.0601611 -0.165287 3 
0.5 4.5 4.5 1 -0.0483931 -0.0482613 3 
0.5 2.5 4.5 1 0.00575325 -0.0519001 3 
