0 0 0 1 -0.531402 -0.447661 7.33333 
0 0 6.5 1 -0.51623 -0.0711492 7.33333 
10 0 0 1 -0.069706 -0.356588 7.33333 
10 0 6.5 1 -0.0793469 -0.0838048 7.33333 
10 10 0 1 0.301289 -0.417084 7.33333 
10 10 6.5 1 0.263967 -0.0269167 7.33333 
0 10 0 1 -0.255024 -0.616035 7.33333 
0 10 6.5 1 -0.257952 0.0282545 7.33333 
0 5 10 1 -0.413967 0.19309 7.33333 
10 5 10 1 0.0531641 0.0989693 7.33333 
0 6 0 1 -0.403497 -0.525583 7.33333 
0 8 0 1 -0.338845 -0.56497 7.33333 
0 8 5 1 -0.334945 -0.121916 7.33333 
0 6 5 1 -0.395932 -0.132476 7.33333 
0 2 2.5 1 -0.491016 -0.304121 7.33333 
0 4 2.5 1 -0.449856 -0.31245 7.33333 
0 4 5 1 -0.445117 -0.140993 7.33333 
0 2 5 1 -0.485624 -0.148007 7.33333 
0.5 0.5 -0.5 1 -0.492499 -0.477261 7.33333 
0.5 0.5 6 1 -0.479623 -0.096383 7.33333 
10.5 0.5 -0.5 1 -0.0392425 -0.377471 7.33333 
10.5 0.5 6 1 -0.0503102 -0.102391 7.33333 
10.5 10.5 -0.5 1 0.348183 -0.447775 7.33333 
10.5 10.5 6 1 0.307586 -0.0528929 7.33333 
0.5 10.5 -0.5 1 -0.183443 -0.66997 7.33333 
0.5 10.5 6 1 -0.193789 -0.0128418 7.33333 
0.5 5.5 9.5 1 -0.369142 0.164905 7.33333 
10.5 5.5 9.5 1 0.0870326 0.0788017 7.33333 
0.5 6.5 -0.5 1 -0.349881 -0.566189 7.33333 
0.5 8.5 -0.5 1 -0.277523 -0.611307 7.33333 
0.5 8.5 4.5 1 -0.277966 -0.160439 7.33333 
0.5 6.5 4.5 1 -0.345664 -0.166931 7.33333 
0.5 2.5 2 1 -0.449299 -0.334527 7.33333 
0.5 4.5 2 1 -0.403603 -0.34598 7.33333 
0.5 4.5 4.5 1 -0.400155 -0.172157 7.33333 
0.5 2.5 4.5 1 -0.44496 -0.176453 7.33333 
