0 0 0 1 -0.226594 -0.0134053 5.23333 
0 0 6.5 1 -0.250558 0.253518 5.23333 
10 0 0 1 0.166438 0.0111477 5.23333 
10 0 6.5 1 0.161085 0.271369 5.23333 
10 10 0 1 0.320465 -0.0876787 5.23333 
10 10 6.5 1 0.323237 0.337795 5.23333 
0 10 0 1 -0.31929 -0.132792 5.23333 
0 10 6.5 1 -0.367365 0.31089 5.23333 
0 5 10 1 -0.312839 0.471104 5.23333 
10 5 10 1 0.219998 0.485894 5.23333 
0 6 0 1 -0.270786 -0.0703222 5.23333 
0 8 0 1 -0.292262 -0.0979816 5.23333 
0 8 5 1 -0.322767 0.198598 5.23333 
0 6 5 1 -0.296995 0.195662 5.23333 
0 2 2.5 1 -0.248784 0.0790001 5.23333 
0 4 2.5 1 -0.264531 0.0702227 5.23333 
0 4 5 1 -0.276229 0.193296 5.23333 
0 2 5 1 -0.25914 0.19135 5.23333 
0.5 0.5 -0.5 1 -0.207144 -0.0357087 5.23333 
0.5 0.5 6 1 -0.230556 0.234334 5.23333 
10.5 0.5 -0.5 1 0.191048 -0.0101648 5.23333 
10.5 0.5 6 1 0.186752 0.253028 5.23333 
10.5 10.5 -0.5 1 0.364274 -0.124798 5.23333 
10.5 10.5 6 1 0.370523 0.308665 5.23333 
0.5 10.5 -0.5 1 -0.289261 -0.172839 5.23333 
0.5 10.5 6 1 -0.336171 0.279503 5.23333 
0.5 5.5 9.5 1 -0.287988 0.450502 5.23333 
10.5 5.5 9.5 1 0.254381 0.466375 5.23333 
0.5 6.5 -0.5 1 -0.246094 -0.100752 5.23333 
0.5 8.5 -0.5 1 -0.265152 -0.132579 5.23333 
0.5 8.5 4.5 1 -0.294895 0.168992 5.23333 
0.5 6.5 4.5 1 -0.271652 0.169246 5.23333 
0.5 2.5 2 1 -0.227607 0.0558267 5.23333 
0.5 4.5 2 1 -0.24159 0.0446461 5.23333 
0.5 4.5 4.5 1 -0.253007 0.16945 5.23333 
0.5 2.5 4.5 1 -0.23772 0.169617 5.23333 
