0 0 0 1 -0.329684 -0.233 6.1 
0 0 6.5 1 -0.361595 0.0527563 6.1 
10 0 0 1 0.0721215 -0.162553 6.1 
10 0 6.5 1 0.0480803 0.0863759 6.1 
10 10 0 1 0.317362 -0.254874 6.1 
10 10 6.5 1 0.283085 0.135344 6.1 
0 10 0 1 -0.306704 -0.398825 6.1 
0 10 6.5 1 -0.361232 0.090182 6.1 
0 5 10 1 -0.383589 0.26476 6.1 
10 5 10 1 0.123902 0.271918 6.1 
0 6 0 1 -0.318942 -0.310514 6.1 
0 8 0 1 -0.313583 -0.349186 6.1 
0 8 5 1 -0.350186 -0.0210765 6.1 
0 6 5 1 -0.351516 -0.0186218 6.1 
0 2 2.5 1 -0.34004 -0.135136 6.1 
0 4 2.5 1 -0.337836 -0.148734 6.1 
0 4 5 1 -0.352579 -0.0166603 6.1 
0 2 5 1 -0.353447 -0.0150568 6.1 
0.5 0.5 -0.5 1 -0.303161 -0.255839 6.1 
0.5 0.5 6 1 -0.335196 0.0333195 6.1 
10.5 0.5 -0.5 1 0.0995677 -0.18162 6.1 
10.5 0.5 6 1 0.0755149 0.0698884 6.1 
10.5 10.5 -0.5 1 0.364813 -0.286489 6.1 
10.5 10.5 6 1 0.330632 0.110103 6.1 
0.5 10.5 -0.5 1 -0.260468 -0.44182 6.1 
0.5 10.5 6 1 -0.315346 0.0572343 6.1 
0.5 5.5 9.5 1 -0.350188 0.243364 6.1 
10.5 5.5 9.5 1 0.158771 0.254118 6.1 
0.5 6.5 -0.5 1 -0.2833 -0.342359 6.1 
0.5 8.5 -0.5 1 -0.273329 -0.385796 6.1 
0.5 8.5 4.5 1 -0.310137 -0.051823 6.1 
0.5 6.5 4.5 1 -0.316038 -0.0458347 6.1 
0.5 2.5 2 1 -0.311099 -0.158826 6.1 
0.5 4.5 2 1 -0.305924 -0.175036 6.1 
0.5 4.5 4.5 1 -0.320735 -0.0410679 6.1 
0.5 2.5 4.5 1 -0.324563 -0.0371833 6.1 
