0 0 0 1 0.317835 -0.525555 14.9668 
0 0 6.5 1 0.330895 -0.0681791 14.9668 
10 0 0 1 -0.382989 -0.471113 14.9668 
10 0 6.5 1 -0.329546 -0.0200048 14.9668 
10 10 0 1 -0.225884 -0.333937 14.9668 
10 10 6.5 1 -0.199056 -0.0659726 14.9668 
0 10 0 1 0.187272 -0.365391 14.9668 
0 10 6.5 1 0.199725 -0.0952119 14.9668 
0 5 10 1 0.255819 0.0858396 14.9668 
10 5 10 1 -0.230121 0.120538 14.9668 
0 6 0 1 0.224065 -0.410526 14.9668 
0 8 0 1 0.204019 -0.385935 14.9668 
0 8 5 1 0.214022 -0.157571 14.9668 
0 6 5 1 0.234373 -0.159601 14.9668 
0 2 2.5 1 0.284288 -0.31826 14.9668 
0 4 2.5 1 0.253847 -0.298738 14.9668 
0 4 5 1 0.259011 -0.162058 14.9668 
0 2 5 1 0.289451 -0.165095 14.9668 
0.5 0.5 -0.5 1 0.271787 -0.545939 14.9668 
0.5 0.5 6 1 0.287085 -0.10021 14.9668 
10.5 0.5 -0.5 1 -0.408072 -0.492957 14.9668 
10.5 0.5 6 1 -0.354705 -0.0531624 14.9668 
10.5 10.5 -0.5 1 -0.243637 -0.349404 14.9668 
10.5 10.5 6 1 -0.216655 -0.0854623 14.9668 
0.5 10.5 -0.5 1 0.162143 -0.380366 14.9668 
0.5 10.5 6 1 0.17525 -0.114282 14.9668 
0.5 5.5 9.5 1 0.224932 0.0589285 14.9668 
10.5 5.5 9.5 1 -0.250834 0.0930441 14.9668 
0.5 6.5 -0.5 1 0.193314 -0.427438 14.9668 
0.5 8.5 -0.5 1 0.176358 -0.401832 14.9668 
0.5 8.5 4.5 1 0.186976 -0.177271 14.9668 
0.5 6.5 4.5 1 0.204386 -0.181099 14.9668 
0.5 2.5 2 1 0.245406 -0.341158 14.9668 
0.5 4.5 2 1 0.219738 -0.319684 14.9668 
0.5 4.5 4.5 1 0.225382 -0.185715 14.9668 
0.5 2.5 4.5 1 0.251198 -0.191391 14.9668 
