0 0 0 1 0.299495 -0.399969 15.2668 
0 0 6.5 1 0.326362 0.0280759 15.2668 
10 0 0 1 -0.381453 -0.355076 15.2668 
10 0 6.5 1 -0.327474 0.0954801 15.2668 
10 10 0 1 -0.262211 -0.240909 15.2668 
10 10 6.5 1 -0.232625 0.0258329 15.2668 
0 10 0 1 0.14389 -0.271759 15.2668 
0 10 6.5 1 0.163684 -0.0130657 15.2668 
0 5 10 1 0.23725 0.169077 15.2668 
10 5 10 1 -0.248376 0.224633 15.2668 
0 6 0 1 0.188466 -0.308488 15.2668 
0 8 0 1 0.164252 -0.288536 15.2668 
0 8 5 1 0.180482 -0.0712615 15.2668 
0 6 5 1 0.205719 -0.070669 15.2668 
0 2 2.5 1 0.26376 -0.213904 15.2668 
0 4 2.5 1 0.22703 -0.199825 15.2668 
0 4 5 1 0.236115 -0.0699554 15.2668 
0 2 5 1 0.27343 -0.0690793 15.2668 
0.5 0.5 -0.5 1 0.253534 -0.420775 15.2668 
0.5 0.5 6 1 0.281302 -0.00303434 15.2668 
10.5 0.5 -0.5 1 -0.410831 -0.378336 15.2668 
10.5 0.5 6 1 -0.357244 0.0608272 15.2668 
10.5 10.5 -0.5 1 -0.281704 -0.256675 15.2668 
10.5 10.5 6 1 -0.252174 0.00603493 15.2668 
0.5 10.5 -0.5 1 0.118442 -0.286506 15.2668 
0.5 10.5 6 1 0.138465 -0.0316086 15.2668 
0.5 5.5 9.5 1 0.205072 0.142935 15.2668 
10.5 5.5 9.5 1 -0.272072 0.196303 15.2668 
0.5 6.5 -0.5 1 0.157437 -0.325264 15.2668 
0.5 8.5 -0.5 1 0.136284 -0.304239 15.2668 
0.5 8.5 4.5 1 0.152734 -0.0904432 15.2668 
0.5 6.5 4.5 1 0.17497 -0.0916069 15.2668 
0.5 2.5 2 1 0.224363 -0.236463 15.2668 
0.5 4.5 2 1 0.192389 -0.220397 15.2668 
0.5 4.5 4.5 1 0.201657 -0.0930035 15.2668 
0.5 2.5 4.5 1 0.23428 -0.0947107 15.2668 
