0 0 0 1 0.355966 -0.667953 14.5667 
0 0 6.5 1 0.345235 -0.162312 14.5667 
10 0 0 1 -0.367977 -0.594139 14.5667 
10 0 6.5 1 -0.322956 -0.13757 14.5667 
10 10 0 1 -0.165937 -0.430453 14.5667 
10 10 6.5 1 -0.147681 -0.157598 14.5667 
0 10 0 1 0.259829 -0.463055 14.5667 
0 10 6.5 1 0.25819 -0.173382 14.5667 
0 5 10 1 0.288524 0.0108541 14.5667 
10 5 10 1 -0.201109 0.0181257 14.5667 
0 6 0 1 0.28636 -0.519601 14.5667 
0 8 0 1 0.271852 -0.48868 14.5667 
0 8 5 1 0.269961 -0.242 14.5667 
0 6 5 1 0.28362 -0.247178 14.5667 
0 2 2.5 1 0.323777 -0.428434 14.5667 
0 4 2.5 1 0.302189 -0.40161 14.5667 
0 4 5 1 0.300266 -0.253489 14.5667 
0 2 5 1 0.321004 -0.261351 14.5667 
0.5 0.5 -0.5 1 0.31018 -0.687672 14.5667 
0.5 0.5 6 1 0.303462 -0.196449 14.5667 
10.5 0.5 -0.5 1 -0.386975 -0.614392 14.5667 
10.5 0.5 6 1 -0.341863 -0.169574 14.5667 
10.5 10.5 -0.5 1 -0.181209 -0.445758 14.5667 
10.5 10.5 6 1 -0.162584 -0.17712 14.5667 
0.5 10.5 -0.5 1 0.235178 -0.478589 14.5667 
0.5 10.5 6 1 0.234758 -0.193672 14.5667 
0.5 5.5 9.5 1 0.259466 -0.0179411 14.5667 
10.5 5.5 9.5 1 -0.2178 -0.009038 14.5667 
0.5 6.5 -0.5 1 0.2561 -0.536913 14.5667 
0.5 8.5 -0.5 1 0.244681 -0.505078 14.5667 
0.5 8.5 4.5 1 0.243938 -0.262887 14.5667 
0.5 6.5 4.5 1 0.254775 -0.269959 14.5667 
0.5 2.5 2 1 0.285856 -0.452165 14.5667 
0.5 4.5 2 1 0.268975 -0.423443 14.5667 
0.5 4.5 4.5 1 0.267924 -0.278539 14.5667 
0.5 2.5 4.5 1 0.284212 -0.289169 14.5667 
