0 0 0 1 0.256973 -0.0669616 17.8334 
0 0 6.5 1 0.253793 0.301222 17.8334 
10 0 0 1 -0.143072 -0.270176 17.8334 
10 0 6.5 1 -0.195045 0.370877 17.8334 
10 10 0 1 -0.555098 -0.13164 17.8334 
10 10 6.5 1 -0.615393 0.266153 17.8334 
0 10 0 1 -0.127488 -0.0232678 17.8334 
0 10 6.5 1 -0.147911 0.24929 17.8334 
0 5 10 1 0.0136664 0.454444 17.8334 
10 5 10 1 -0.494478 0.607164 17.8334 
0 6 0 1 0.000279039 -0.0377885 17.8334 
0 8 0 1 -0.0670149 -0.0301405 17.8334 
0 8 5 1 -0.081132 0.188498 17.8334 
0 6 5 1 -0.0119744 0.193367 17.8334 
0 2 2.5 1 0.157294 0.0716308 17.8334 
0 4 2.5 1 0.0708106 0.0736957 17.8334 
0 4 5 1 0.0658007 0.198843 17.8334 
0 2 5 1 0.153911 0.205046 17.8334 
0.5 0.5 -0.5 1 0.21986 -0.0965361 17.8334 
0.5 0.5 6 1 0.214308 0.269504 17.8334 
10.5 0.5 -0.5 1 -0.20649 -0.320842 17.8334 
10.5 0.5 6 1 -0.265719 0.313573 17.8334 
10.5 10.5 -0.5 1 -0.594858 -0.16373 17.8334 
10.5 10.5 6 1 -0.657887 0.231522 17.8334 
0.5 10.5 -0.5 1 -0.155017 -0.045373 17.8334 
0.5 10.5 6 1 -0.176724 0.226008 17.8334 
0.5 5.5 9.5 1 -0.0206456 0.426675 17.8334 
10.5 5.5 9.5 1 -0.550129 0.561575 17.8334 
0.5 6.5 -0.5 1 -0.030421 -0.0623778 17.8334 
0.5 8.5 -0.5 1 -0.096043 -0.0534218 17.8334 
0.5 8.5 4.5 1 -0.111249 0.164223 17.8334 
0.5 6.5 4.5 1 -0.0438949 0.167667 17.8334 
0.5 2.5 2 1 0.121831 0.0432367 17.8334 
0.5 4.5 2 1 0.0375598 0.0470316 17.8334 
0.5 4.5 4.5 1 0.0318468 0.171539 17.8334 
0.5 2.5 4.5 1 0.117647 0.175925 17.8334 
