0 0 0 1 0.258152 -0.0604336 17.1667 
0 0 6.5 1 0.282407 0.318829 17.1667 
10 0 0 1 -0.270653 -0.190967 17.1667 
10 0 6.5 1 -0.297137 0.396652 17.1667 
10 10 0 1 -0.488678 -0.0326734 17.1667 
10 10 6.5 1 -0.519487 0.318112 17.1667 
0 10 0 1 -0.0651191 0.0205563 17.1667 
0 10 6.5 1 -0.0656291 0.284786 17.1667 
0 5 10 1 0.0805096 0.483133 17.1667 
10 5 10 1 -0.45758 0.617882 17.1667 
0 6 0 1 0.0378612 -0.00524357 17.1667 
0 8 0 1 -0.0169015 0.00847624 17.1667 
0 8 5 1 -0.0152439 0.222065 17.1667 
0 6 5 1 0.0421554 0.222877 17.1667 
0 2 2.5 1 0.179159 0.0894317 17.1667 
0 4 2.5 1 0.104369 0.0984692 17.1667 
0 4 5 1 0.108327 0.223813 17.1667 
0 2 5 1 0.185449 0.224904 17.1667 
0.5 0.5 -0.5 1 0.216452 -0.0857704 17.1667 
0.5 0.5 6 1 0.237268 0.287681 17.1667 
10.5 0.5 -0.5 1 -0.32639 -0.227581 17.1667 
10.5 0.5 6 1 -0.359196 0.346113 17.1667 
10.5 10.5 -0.5 1 -0.520724 -0.0563713 17.1667 
10.5 10.5 6 1 -0.553502 0.289448 17.1667 
0.5 10.5 -0.5 1 -0.0922871 0.0021993 17.1667 
0.5 10.5 6 1 -0.0942233 0.263608 17.1667 
0.5 5.5 9.5 1 0.0441862 0.455455 17.1667 
10.5 5.5 9.5 1 -0.503527 0.576072 17.1667 
0.5 6.5 -0.5 1 0.00625416 -0.0258783 17.1667 
0.5 8.5 -0.5 1 -0.0461257 -0.0109536 17.1667 
0.5 8.5 4.5 1 -0.0457262 0.200228 17.1667 
0.5 6.5 4.5 1 0.00907203 0.199496 17.1667 
0.5 2.5 2 1 0.140419 0.0641183 17.1667 
0.5 4.5 2 1 0.0691153 0.0749527 17.1667 
0.5 4.5 4.5 1 0.0721739 0.198652 17.1667 
0.5 2.5 4.5 1 0.145622 0.197671 17.1667 
