0 0 0 1 0.25672 -0.135706 16.8668 
0 0 6.5 1 0.29038 0.238498 16.8668 
10 0 0 1 -0.305987 -0.249828 16.8668 
10 0 6.5 1 -0.315508 0.294194 16.8668 
10 10 0 1 -0.450042 -0.0658489 16.8668 
10 10 6.5 1 -0.464344 0.259573 16.8668 
0 10 0 1 -0.0343722 -0.0261491 16.8668 
0 10 6.5 1 -0.0257058 0.229838 16.8668 
0 5 10 1 0.111187 0.411855 16.8668 
10 5 10 1 -0.418296 0.518793 16.8668 
0 6 0 1 0.0568984 -0.0605002 16.8668 
0 8 0 1 0.00819622 -0.0421704 16.8668 
0 8 5 1 0.0169037 0.165574 16.8668 
0 6 5 1 0.0682929 0.162071 16.8668 
0 2 2.5 1 0.188367 0.0202833 16.8668 
0 4 2.5 1 0.120428 0.0355163 16.8668 
0 4 5 1 0.128022 0.157999 16.8668 
0 2 5 1 0.1983 0.153208 16.8668 
0.5 0.5 -0.5 1 0.214063 -0.158257 16.8668 
0.5 0.5 6 1 0.24427 0.209292 16.8668 
10.5 0.5 -0.5 1 -0.356856 -0.280043 16.8668 
10.5 0.5 6 1 -0.371462 0.249962 16.8668 
10.5 10.5 -0.5 1 -0.479297 -0.0861876 16.8668 
10.5 10.5 6 1 -0.495199 0.234214 16.8668 
0.5 10.5 -0.5 1 -0.0611803 -0.0426157 16.8668 
0.5 10.5 6 1 -0.0538605 0.210258 16.8668 
0.5 5.5 9.5 1 0.0749359 0.385668 16.8668 
10.5 5.5 9.5 1 -0.459672 0.481388 16.8668 
0.5 6.5 -0.5 1 0.0253575 -0.0789739 16.8668 
0.5 8.5 -0.5 1 -0.0207923 -0.0595844 16.8668 
0.5 8.5 4.5 1 -0.0132838 0.145486 16.8668 
0.5 6.5 4.5 1 0.0353306 0.140527 16.8668 
0.5 2.5 2 1 0.149145 -0.00273481 16.8668 
0.5 4.5 2 1 0.0850279 0.014138 16.8668 
0.5 4.5 4.5 1 0.0917463 0.134773 16.8668 
0.5 2.5 4.5 1 0.158005 0.128014 16.8668 
