0 0 0 1 0.256102 -0.229036 16.4668 
0 0 6.5 1 0.298034 0.145992 16.4668 
10 0 0 1 -0.344687 -0.303106 16.4668 
10 0 6.5 1 -0.331587 0.202185 16.4668 
10 10 0 1 -0.403382 -0.109965 16.4668 
10 10 6.5 1 -0.398292 0.190496 16.4668 
0 10 0 1 0.00487053 -0.0931365 16.4668 
0 10 6.5 1 0.023383 0.155915 16.4668 
0 5 10 1 0.14704 0.323944 16.4668 
10 5 10 1 -0.369391 0.414948 16.4668 
0 6 0 1 0.0818932 -0.134801 16.4668 
0 8 0 1 0.0406003 -0.112464 16.4668 
0 8 5 1 0.0568022 0.0911433 16.4668 
0 6 5 1 0.100677 0.0844561 16.4668 
0 2 2.5 1 0.200221 -0.0646433 16.4668 
0 4 2.5 1 0.141001 -0.0441232 16.4668 
0 4 5 1 0.152209 0.0766017 16.4668 
0 2 5 1 0.213595 0.0672454 16.4668 
0.5 0.5 -0.5 1 0.212365 -0.248609 16.4668 
0.5 0.5 6 1 0.25126 0.118895 16.4668 
10.5 0.5 -0.5 1 -0.389713 -0.327513 16.4668 
10.5 0.5 6 1 -0.380141 0.164196 16.4668 
10.5 10.5 -0.5 1 -0.429667 -0.127168 16.4668 
10.5 10.5 6 1 -0.425744 0.168463 16.4668 
0.5 10.5 -0.5 1 -0.0215428 -0.107679 16.4668 
0.5 10.5 6 1 -0.00415523 0.138044 16.4668 
0.5 5.5 9.5 1 0.111267 0.299499 16.4668 
10.5 5.5 9.5 1 -0.405576 0.382328 16.4668 
0.5 6.5 -0.5 1 0.0504452 -0.151052 16.4668 
0.5 8.5 -0.5 1 0.011882 -0.127818 16.4668 
0.5 8.5 4.5 1 0.0270733 0.0728949 16.4668 
0.5 6.5 4.5 1 0.0680208 0.0648493 16.4668 
0.5 2.5 2 1 0.160596 -0.085257 16.4668 
0.5 4.5 2 1 0.105554 -0.0632782 16.4668 
0.5 4.5 4.5 1 0.116014 0.0554192 16.4668 
0.5 2.5 4.5 1 0.173043 0.0442139 16.4668 
