0 0 0 1 0.139668 -0.417203 2 
0 0 6.5 1 0.143972 -0.126288 2 
10 0 0 1 0.625211 -0.562088 2 
10 0 6.5 1 0.595308 -0.112737 2 
10 10 0 1 0.118289 -0.774115 2 
10 10 6.5 1 0.131102 -0.0373151 2 
0 10 0 1 -0.293742 -0.477921 2 
0 10 6.5 1 -0.259517 -0.0888508 2 
0 5 10 1 -0.0220963 0.053918 2 
10 5 10 1 0.406711 0.176531 2 
0 6 0 1 -0.0887255 -0.449199 2 
0 8 0 1 -0.184591 -0.46263 2 
0 8 5 1 -0.164773 -0.17821 2 
0 6 5 1 -0.0744145 -0.181913 2 
0 2 2.5 1 0.0750063 -0.304959 2 
0 4 2.5 1 0.00118934 -0.308494 2 
0 4 5 1 0.00602139 -0.18521 2 
0 2 5 1 0.0780844 -0.188163 2 
0.5 0.5 -0.5 1 0.138876 -0.448777 2 
0.5 0.5 6 1 0.143368 -0.146349 2 
10.5 0.5 -0.5 1 0.651446 -0.62016 2 
10.5 0.5 6 1 0.617914 -0.1428 2 
10.5 10.5 -0.5 1 0.114042 -0.895136 2 
10.5 10.5 6 1 0.128493 -0.0799951 2 
0.5 10.5 -0.5 1 -0.315998 -0.523937 2 
0.5 10.5 6 1 -0.278685 -0.113997 2 
0.5 5.5 9.5 1 -0.0290308 0.0384565 2 
10.5 5.5 9.5 1 0.421764 0.158879 2 
0.5 6.5 -0.5 1 -0.0994109 -0.48815 2 
0.5 8.5 -0.5 1 -0.200367 -0.504831 2 
0.5 8.5 4.5 1 -0.178898 -0.205984 2 
0.5 6.5 4.5 1 -0.084013 -0.208159 2 
0.5 2.5 2 1 0.0717935 -0.333435 2 
0.5 4.5 2 1 -0.00510455 -0.33877 2 
0.5 4.5 4.5 1 5.30167e-05 -0.210085 2 
0.5 2.5 4.5 1 0.075051 -0.211804 2 
