0 0 0 1 -0.689262 -0.585935 8.2 
0 0 6.5 1 -0.618257 -0.108254 8.2 
10 0 0 1 -0.186805 -0.444576 8.2 
10 0 6.5 1 -0.167638 -0.145502 8.2 
10 10 0 1 0.262569 -0.54207 8.2 
10 10 6.5 1 0.256826 -0.148329 8.2 
0 10 0 1 -0.110586 -0.868906 8.2 
0 10 6.5 1 -0.0739787 -0.0930761 8.2 
0 5 10 1 -0.375097 0.169825 8.2 
10 5 10 1 0.0223352 0.0201371 8.2 
0 6 0 1 -0.411833 -0.721597 8.2 
0 8 0 1 -0.278035 -0.787024 8.2 
0 8 5 1 -0.236858 -0.242108 8.2 
0 6 5 1 -0.36349 -0.232311 8.2 
0 2 2.5 1 -0.583941 -0.413162 8.2 
0 4 2.5 1 -0.493942 -0.437492 8.2 
0 4 5 1 -0.468731 -0.224168 8.2 
0 2 5 1 -0.557581 -0.217293 8.2 
0.5 0.5 -0.5 1 -0.637263 -0.623117 8.2 
0.5 0.5 6 1 -0.570774 -0.144262 8.2 
10.5 0.5 -0.5 1 -0.155747 -0.468105 8.2 
10.5 0.5 6 1 -0.138255 -0.168546 8.2 
10.5 10.5 -0.5 1 0.301844 -0.572666 8.2 
10.5 10.5 6 1 0.293457 -0.178125 8.2 
0.5 10.5 -0.5 1 -0.0300986 -0.927359 8.2 
0.5 10.5 6 1 -0.00385653 -0.148827 8.2 
0.5 5.5 9.5 1 -0.321445 0.127063 8.2 
10.5 5.5 9.5 1 0.0539358 -0.00550586 8.2 
0.5 6.5 -0.5 1 -0.345772 -0.769179 8.2 
0.5 8.5 -0.5 1 -0.205459 -0.839488 8.2 
0.5 8.5 4.5 1 -0.171027 -0.292897 8.2 
0.5 6.5 4.5 1 -0.30306 -0.278488 8.2 
0.5 2.5 2 1 -0.530087 -0.452768 8.2 
0.5 4.5 2 1 -0.435818 -0.48044 8.2 
0.5 4.5 4.5 1 -0.412894 -0.266501 8.2 
0.5 2.5 4.5 1 -0.505694 -0.256373 8.2 
