0 0 0 1 0.390374 -0.670765 14.2001 
0 0 6.5 1 0.356238 -0.137394 14.2001 
10 0 0 1 -0.332777 -0.589025 14.2001 
10 0 6.5 1 -0.303473 -0.143473 14.2001 
10 10 0 1 -0.100046 -0.438004 14.2001 
10 10 6.5 1 -0.093418 -0.165989 14.2001 
0 10 0 1 0.333805 -0.46719 14.2001 
0 10 6.5 1 0.316885 -0.164792 14.2001 
0 5 10 1 0.320493 0.0314948 14.2001 
10 5 10 1 -0.167768 0.00776158 14.2001 
0 6 0 1 0.349261 -0.522812 14.2001 
0 8 0 1 0.340795 -0.492343 14.2001 
0 8 5 1 0.326077 -0.234048 14.2001 
0 6 5 1 0.332627 -0.237062 14.2001 
0 2 2.5 1 0.361446 -0.420665 14.2001 
0 4 2.5 1 0.349896 -0.39583 14.2001 
0 4 5 1 0.340635 -0.240748 14.2001 
0 2 5 1 0.350648 -0.245355 14.2001 
0.5 0.5 -0.5 1 0.346694 -0.69228 14.2001 
0.5 0.5 6 1 0.317768 -0.175803 14.2001 
10.5 0.5 -0.5 1 -0.345812 -0.609766 14.2001 
10.5 0.5 6 1 -0.316373 -0.176026 14.2001 
10.5 10.5 -0.5 1 -0.112758 -0.453815 14.2001 
10.5 10.5 6 1 -0.105626 -0.186221 14.2001 
0.5 10.5 -0.5 1 0.310011 -0.48408 14.2001 
0.5 10.5 6 1 0.29475 -0.187143 14.2001 
0.5 5.5 9.5 1 0.293666 -0.000506843 14.2001 
10.5 5.5 9.5 1 -0.180545 -0.0201471 14.2001 
0.5 6.5 -0.5 1 0.320159 -0.541676 14.2001 
0.5 8.5 -0.5 1 0.314612 -0.510194 14.2001 
0.5 8.5 4.5 1 0.301452 -0.257084 14.2001 
0.5 6.5 4.5 1 0.305433 -0.262269 14.2001 
0.5 2.5 2 1 0.325609 -0.446985 14.2001 
0.5 4.5 2 1 0.318383 -0.419946 14.2001 
0.5 4.5 4.5 1 0.310274 -0.268575 14.2001 
0.5 2.5 4.5 1 0.316288 -0.27641 14.2001 
