0 0 0 1 0.404051 -0.569625 13.8334 
0 0 6.5 1 0.351426 -0.0287837 13.8334 
10 0 0 1 -0.293855 -0.50164 13.8334 
10 0 6.5 1 -0.283534 -0.0803955 13.8334 
10 10 0 1 -0.0360282 -0.382053 13.8334 
10 10 6.5 1 -0.0417091 -0.116317 13.8334 
0 10 0 1 0.400776 -0.40039 13.8334 
0 10 6.5 1 0.370003 -0.0916366 13.8334 
0 5 10 1 0.344374 0.121402 13.8334 
10 5 10 1 -0.137032 0.0580053 13.8334 
0 6 0 1 0.401671 -0.446638 13.8334 
0 8 0 1 0.401181 -0.421306 13.8334 
0 8 5 1 0.375001 -0.157846 13.8334 
0 6 5 1 0.372844 -0.155486 13.8334 
0 2 2.5 1 0.384374 -0.327153 13.8334 
0 4 2.5 1 0.385767 -0.310456 13.8334 
0 4 5 1 0.370208 -0.1526 13.8334 
0 2 5 1 0.366911 -0.148992 13.8334 
0.5 0.5 -0.5 1 0.364769 -0.59499 13.8334 
0.5 0.5 6 1 0.317779 -0.073254 13.8334 
10.5 0.5 -0.5 1 -0.300805 -0.523702 13.8334 
10.5 0.5 6 1 -0.290309 -0.11412 13.8334 
10.5 10.5 -0.5 1 -0.045983 -0.398625 13.8334 
10.5 10.5 6 1 -0.0510811 -0.137559 13.8334 
0.5 10.5 -0.5 1 0.378272 -0.419207 13.8334 
0.5 10.5 6 1 0.349444 -0.116741 13.8334 
0.5 5.5 9.5 1 0.32028 0.085 13.8334 
10.5 5.5 9.5 1 -0.145748 0.0288482 13.8334 
0.5 6.5 -0.5 1 0.374531 -0.467916 13.8334 
0.5 8.5 -0.5 1 0.376575 -0.441299 13.8334 
0.5 8.5 4.5 1 0.352207 -0.183794 13.8334 
0.5 6.5 4.5 1 0.347895 -0.184025 13.8334 
0.5 2.5 2 1 0.351976 -0.357431 13.8334 
0.5 4.5 2 1 0.356915 -0.337923 13.8334 
0.5 4.5 4.5 1 0.342654 -0.184306 13.8334 
0.5 2.5 4.5 1 0.336146 -0.184655 13.8334 
