0 0 0 1 0.228028 -0.393903 1.23333 
0 0 6.5 1 0.206076 -0.0861409 1.23333 
10 0 0 1 0.711517 -0.537566 1.23333 
10 0 6.5 1 0.629777 -0.00450019 1.23333 
10 10 0 1 -0.0909993 -0.730217 1.23333 
10 10 6.5 1 -0.101579 0.0360997 1.23333 
0 10 0 1 -0.25751 -0.454946 1.23333 
0 10 6.5 1 -0.251986 -0.0817146 1.23333 
0 5 10 1 -0.00748824 0.0813668 1.23333 
10 5 10 1 0.29671 0.298099 1.23333 
0 6 0 1 -0.0403495 -0.427644 1.23333 
0 8 0 1 -0.144478 -0.440736 1.23333 
0 8 5 1 -0.145899 -0.161282 1.23333 
0 6 5 1 -0.0466533 -0.159295 1.23333 
0 2 2.5 1 0.137921 -0.27723 1.23333 
0 4 2.5 1 0.0505297 -0.283481 1.23333 
0 4 5 1 0.0454155 -0.157451 1.23333 
0 2 5 1 0.131059 -0.155736 1.23333 
0.5 0.5 -0.5 1 0.223394 -0.426687 1.23333 
0.5 0.5 6 1 0.200957 -0.106592 1.23333 
10.5 0.5 -0.5 1 0.734693 -0.606237 1.23333 
10.5 0.5 6 1 0.645873 -0.0350634 1.23333 
10.5 10.5 -0.5 1 -0.134588 -0.851476 1.23333 
10.5 10.5 6 1 -0.139983 -0.00401541 1.23333 
0.5 10.5 -0.5 1 -0.284611 -0.497741 1.23333 
0.5 10.5 6 1 -0.277008 -0.106236 1.23333 
0.5 5.5 9.5 1 -0.0206087 0.0657504 1.23333 
10.5 5.5 9.5 1 0.292818 0.283998 1.23333 
0.5 6.5 -0.5 1 -0.0564293 -0.465826 1.23333 
0.5 8.5 -0.5 1 -0.165645 -0.481102 1.23333 
0.5 8.5 4.5 1 -0.166039 -0.188376 1.23333 
0.5 6.5 4.5 1 -0.0621844 -0.185257 1.23333 
0.5 2.5 2 1 0.129928 -0.306192 1.23333 
0.5 4.5 2 1 0.0389098 -0.313793 1.23333 
0.5 4.5 4.5 1 0.0338812 -0.182371 1.23333 
0.5 2.5 4.5 1 0.123003 -0.179694 1.23333 
