0 0 0 1 0.0729742 -0.376131 2.53333 
0 0 6.5 1 0.092317 -0.102844 2.53333 
10 0 0 1 0.5288 -0.518622 2.53333 
10 0 6.5 1 0.536596 -0.131524 2.53333 
10 10 0 1 0.206415 -0.753361 2.53333 
10 10 6.5 1 0.242185 -0.0885631 2.53333 
0 10 0 1 -0.308859 -0.452891 2.53333 
0 10 6.5 1 -0.265458 -0.0653222 2.53333 
0 5 10 1 -0.0420113 0.0761608 2.53333 
10 5 10 1 0.434456 0.12723 2.53333 
0 6 0 1 -0.122887 -0.415505 2.53333 
0 8 0 1 -0.2086 -0.432736 2.53333 
0 8 5 1 -0.180495 -0.155104 2.53333 
0 6 5 1 -0.0991903 -0.15793 2.53333 
0 2 2.5 1 0.0247297 -0.27365 2.53333 
0 4 2.5 1 -0.0385453 -0.278885 2.53333 
0 4 5 1 -0.0285924 -0.160384 2.53333 
0 2 5 1 0.0332827 -0.162535 2.53333 
0.5 0.5 -0.5 1 0.074218 -0.406516 2.53333 
0.5 0.5 6 1 0.094139 -0.123566 2.53333 
10.5 0.5 -0.5 1 0.552058 -0.568825 2.53333 
10.5 0.5 6 1 0.559183 -0.162083 2.53333 
10.5 10.5 -0.5 1 0.220831 -0.862834 2.53333 
10.5 10.5 6 1 0.25829 -0.138 2.53333 
0.5 10.5 -0.5 1 -0.325219 -0.500431 2.53333 
0.5 10.5 6 1 -0.279121 -0.0931411 2.53333 
0.5 5.5 9.5 1 -0.0448493 0.0588589 2.53333 
10.5 5.5 9.5 1 0.456574 0.103985 2.53333 
0.5 6.5 -0.5 1 -0.12927 -0.45436 2.53333 
0.5 8.5 -0.5 1 -0.219247 -0.475515 2.53333 
0.5 8.5 4.5 1 -0.189616 -0.184785 2.53333 
0.5 6.5 4.5 1 -0.104457 -0.185548 2.53333 
0.5 2.5 2 1 0.0243673 -0.302059 2.53333 
0.5 4.5 2 1 -0.0412752 -0.309453 2.53333 
0.5 4.5 4.5 1 -0.0309214 -0.186207 2.53333 
0.5 2.5 4.5 1 0.0332174 -0.186782 2.53333 
