0 0 0 1 -0.047668 -0.0424163 3.83333 
0 0 6.5 1 -0.0296935 0.209243 3.83333 
10 0 0 1 0.353801 -0.100789 3.83333 
10 0 6.5 1 0.389895 0.189603 3.83333 
10 10 0 1 0.324859 -0.238078 3.83333 
10 10 6.5 1 0.385602 0.256898 3.83333 
0 10 0 1 -0.28961 -0.119098 3.83333 
0 10 6.5 1 -0.27372 0.272986 3.83333 
0 5 10 1 -0.114101 0.409408 3.83333 
10 5 10 1 0.414559 0.426243 3.83333 
0 6 0 1 -0.166826 -0.0801825 3.83333 
0 8 0 1 -0.222177 -0.0977258 3.83333 
0 8 5 1 -0.208968 0.170746 3.83333 
0 6 5 1 -0.15308 0.164034 3.83333 
0 2 2.5 1 -0.0744985 0.0489617 3.83333 
0 4 2.5 1 -0.113712 0.0448626 3.83333 
0 4 5 1 -0.106649 0.158457 3.83333 
0 2 5 1 -0.0674611 0.15375 3.83333 
0.5 0.5 -0.5 1 -0.0392961 -0.0667024 3.83333 
0.5 0.5 6 1 -0.020625 0.189998 3.83333 
10.5 0.5 -0.5 1 0.374004 -0.130506 3.83333 
10.5 0.5 6 1 0.411863 0.16661 3.83333 
10.5 10.5 -0.5 1 0.358332 -0.2954 3.83333 
10.5 10.5 6 1 0.424299 0.219412 3.83333 
0.5 10.5 -0.5 1 -0.285027 -0.159802 3.83333 
0.5 10.5 6 1 -0.268304 0.244656 3.83333 
0.5 5.5 9.5 1 -0.105168 0.391066 3.83333 
10.5 5.5 9.5 1 0.444289 0.404476 3.83333 
0.5 6.5 -0.5 1 -0.159561 -0.112267 3.83333 
0.5 8.5 -0.5 1 -0.215926 -0.133622 3.83333 
0.5 8.5 4.5 1 -0.202058 0.142352 3.83333 
0.5 6.5 4.5 1 -0.145171 0.138143 3.83333 
0.5 2.5 2 1 -0.0660125 0.024677 3.83333 
0.5 4.5 2 1 -0.105545 0.0183893 3.83333 
0.5 4.5 4.5 1 -0.0981692 0.134664 3.83333 
0.5 2.5 4.5 1 -0.0586831 0.131743 3.83333 
