0 0 0 1 -0.00635587 -0.0989675 3.43333 
0 0 6.5 1 0.0178695 0.15272 3.43333 
10 0 0 1 0.405316 -0.173593 3.43333 
10 0 6.5 1 0.442432 0.13384 3.43333 
10 10 0 1 0.309468 -0.30125 3.43333 
10 10 6.5 1 0.37081 0.227586 3.43333 
0 10 0 1 -0.287653 -0.152979 3.43333 
0 10 6.5 1 -0.256966 0.22995 3.43333 
0 5 10 1 -0.0758229 0.351337 3.43333 
10 5 10 1 0.442023 0.384936 3.43333 
0 6 0 1 -0.146317 -0.125841 3.43333 
0 8 0 1 -0.210389 -0.138144 3.43333 
0 8 5 1 -0.187934 0.127359 3.43333 
0 6 5 1 -0.1249 0.116849 3.43333 
0 2 2.5 1 -0.0365327 -0.00368875 3.43333 
0 4 2.5 1 -0.0821836 -0.00445281 3.43333 
0 4 5 1 -0.0719112 0.108014 3.43333 
0 2 5 1 -0.0267432 0.100482 3.43333 
0.5 0.5 -0.5 1 -0.00049835 -0.123496 3.43333 
0.5 0.5 6 1 0.0244453 0.134371 3.43333 
10.5 0.5 -0.5 1 0.425497 -0.206111 3.43333 
10.5 0.5 6 1 0.464179 0.110589 3.43333 
10.5 10.5 -0.5 1 0.3395 -0.365206 3.43333 
10.5 10.5 6 1 0.405326 0.191662 3.43333 
0.5 10.5 -0.5 1 -0.289729 -0.192755 3.43333 
0.5 10.5 6 1 -0.257855 0.204666 3.43333 
0.5 5.5 9.5 1 -0.0707455 0.335164 3.43333 
10.5 5.5 9.5 1 0.470186 0.365255 3.43333 
0.5 6.5 -0.5 1 -0.143446 -0.157726 3.43333 
0.5 8.5 -0.5 1 -0.209518 -0.173548 3.43333 
0.5 8.5 4.5 1 -0.186239 0.100975 3.43333 
0.5 6.5 4.5 1 -0.121284 0.0924784 3.43333 
0.5 2.5 2 1 -0.031034 -0.0275761 3.43333 
0.5 4.5 2 1 -0.0776053 -0.0303108 3.43333 
0.5 4.5 4.5 1 -0.0669922 0.0853769 3.43333 
0.5 2.5 4.5 1 -0.0209374 0.0793527 3.43333 
