0 0 0 1 0.034867 -0.255528 2.93333 
0 0 6.5 1 0.0596109 0.0030665 2.93333 
10 0 0 1 0.465585 -0.364915 2.93333 
10 0 6.5 1 0.492085 -0.0235116 2.93333 
10 10 0 1 0.258198 -0.545584 2.93333 
10 10 6.5 1 0.308375 0.0414218 2.93333 
0 10 0 1 -0.300221 -0.321009 2.93333 
0 10 6.5 1 -0.25889 0.057554 2.93333 
0 5 10 1 -0.053446 0.187484 2.93333 
10 5 10 1 0.442429 0.226694 2.93333 
0 6 0 1 -0.134526 -0.28863 2.93333 
0 8 0 1 -0.210293 -0.303435 2.93333 
0 8 5 1 -0.18207 -0.0360814 2.93333 
0 6 5 1 -0.10927 -0.0422622 2.93333 
0 2 2.5 1 -0.00347273 -0.158124 2.93333 
0 4 2.5 1 -0.0583541 -0.161228 2.93333 
0 4 5 1 -0.0469966 -0.0475493 2.93333 
0 2 5 1 0.00687874 -0.0521234 2.93333 
0.5 0.5 -0.5 1 0.0379432 -0.282799 2.93333 
0.5 0.5 6 1 0.0633801 -0.0163117 2.93333 
10.5 0.5 -0.5 1 0.486708 -0.405547 2.93333 
10.5 0.5 6 1 0.513933 -0.0502534 2.93333 
10.5 10.5 -0.5 1 0.281137 -0.630375 2.93333 
10.5 10.5 6 1 0.334159 -0.00107245 2.93333 
0.5 10.5 -0.5 1 -0.310447 -0.364478 2.93333 
0.5 10.5 6 1 -0.267155 0.0312427 2.93333 
0.5 5.5 9.5 1 -0.0529137 0.170936 2.93333 
10.5 5.5 9.5 1 0.467549 0.205255 2.93333 
0.5 6.5 -0.5 1 -0.136958 -0.323804 2.93333 
0.5 8.5 -0.5 1 -0.215991 -0.342332 2.93333 
0.5 8.5 4.5 1 -0.18658 -0.0638961 2.93333 
0.5 6.5 4.5 1 -0.110752 -0.0680559 2.93333 
0.5 2.5 2 1 -0.00140827 -0.184095 2.93333 
0.5 4.5 2 1 -0.058001 -0.189256 2.93333 
0.5 4.5 4.5 1 -0.0462608 -0.0715939 2.93333 
0.5 2.5 4.5 1 0.00925983 -0.0746397 2.93333 
