0 0 0 1 0.176922 -0.399236 1.7 
0 0 6.5 1 0.170693 -0.102485 1.7 
10 0 0 1 0.667027 -0.528261 1.7 
10 0 6.5 1 0.614701 -0.050619 1.7 
10 10 0 1 0.0465849 -0.707685 1.7 
10 10 6.5 1 0.0488828 0.0375588 1.7 
0 10 0 1 -0.278682 -0.451151 1.7 
0 10 6.5 1 -0.254567 -0.0693992 1.7 
0 5 10 1 -0.0137133 0.0753049 1.7 
10 5 10 1 0.372046 0.250244 1.7 
0 6 0 1 -0.0675991 -0.427099 1.7 
0 8 0 1 -0.167263 -0.438455 1.7 
0 8 5 1 -0.155208 -0.156373 1.7 
0 6 5 1 -0.0610807 -0.159723 1.7 
0 2 2.5 1 0.102294 -0.283786 1.7 
0 4 2.5 1 0.0230908 -0.28675 1.7 
0 4 5 1 0.0240573 -0.162753 1.7 
0 2 5 1 0.101435 -0.165507 1.7 
0.5 0.5 -0.5 1 0.174832 -0.430466 1.7 
0.5 0.5 6 1 0.168509 -0.121743 1.7 
10.5 0.5 -0.5 1 0.693249 -0.588051 1.7 
10.5 0.5 6 1 0.635641 -0.0786399 1.7 
10.5 10.5 -0.5 1 0.0278514 -0.824052 1.7 
10.5 10.5 6 1 0.0330128 0.00154081 1.7 
0.5 10.5 -0.5 1 -0.303133 -0.494503 1.7 
0.5 10.5 6 1 -0.276157 -0.0927079 1.7 
0.5 5.5 9.5 1 -0.0229747 0.0609998 1.7 
10.5 5.5 9.5 1 0.380752 0.237087 1.7 
0.5 6.5 -0.5 1 -0.0804065 -0.464663 1.7 
0.5 8.5 -0.5 1 -0.18529 -0.478715 1.7 
0.5 8.5 4.5 1 -0.171743 -0.182471 1.7 
0.5 6.5 4.5 1 -0.0729665 -0.184594 1.7 
0.5 2.5 2 1 0.0973694 -0.311474 1.7 
0.5 4.5 2 1 0.0148106 -0.315961 1.7 
0.5 4.5 4.5 1 0.0160167 -0.186507 1.7 
0.5 2.5 4.5 1 0.0965941 -0.188239 1.7 
