0 0 0 1 0.366497 -0.683274 14.4667 
0 0 6.5 1 0.349233 -0.167498 14.4667 
10 0 0 1 -0.359967 -0.605211 14.4667 
10 0 6.5 1 -0.318586 -0.14959 14.4667 
10 10 0 1 -0.148571 -0.441111 14.4667 
10 10 6.5 1 -0.133233 -0.167728 14.4667 
0 10 0 1 0.279975 -0.473534 14.4667 
0 10 6.5 1 0.274241 -0.179565 14.4667 
0 5 10 1 0.297599 0.00710306 14.4667 
10 5 10 1 -0.192367 0.00681582 14.4667 
0 6 0 1 0.30376 -0.531191 14.4667 
0 8 0 1 0.290744 -0.499641 14.4667 
0 8 5 1 0.285405 -0.24898 14.4667 
0 6 5 1 0.297264 -0.254138 14.4667 
0 2 2.5 1 0.334773 -0.438318 14.4667 
0 4 2.5 1 0.315659 -0.411004 14.4667 
0 4 5 1 0.311735 -0.260432 14.4667 
0 2 5 1 0.329789 -0.268285 14.4667 
0.5 0.5 -0.5 1 0.321043 -0.703168 14.4667 
0.5 0.5 6 1 0.308185 -0.202544 14.4667 
10.5 0.5 -0.5 1 -0.377369 -0.625393 14.4667 
10.5 0.5 6 1 -0.33588 -0.181596 14.4667 
10.5 10.5 -0.5 1 -0.163174 -0.456489 14.4667 
10.5 10.5 6 1 -0.147424 -0.187381 14.4667 
0.5 10.5 -0.5 1 0.255504 -0.489343 14.4667 
0.5 10.5 6 1 0.251121 -0.20032 14.4667 
0.5 5.5 9.5 1 0.269082 -0.0224153 14.4667 
10.5 5.5 9.5 1 -0.208015 -0.0204584 14.4667 
0.5 6.5 -0.5 1 0.273724 -0.548786 14.4667 
0.5 8.5 -0.5 1 0.263773 -0.516321 14.4667 
0.5 8.5 4.5 1 0.259706 -0.270341 14.4667 
0.5 6.5 4.5 1 0.268794 -0.277447 14.4667 
0.5 2.5 2 1 0.297268 -0.462541 14.4667 
0.5 4.5 2 1 0.282798 -0.433293 14.4667 
0.5 4.5 4.5 1 0.279833 -0.286077 14.4667 
0.5 2.5 4.5 1 0.293524 -0.296781 14.4667 
