0 0 0 1 0.258107 -0.0478911 17.2334 
0 0 6.5 1 0.279905 0.332158 17.2334 
10 0 0 1 -0.261675 -0.181879 17.2334 
10 0 6.5 1 -0.291722 0.415372 17.2334 
10 10 0 1 -0.497321 -0.0292975 17.2334 
10 10 6.5 1 -0.53182 0.327289 17.2334 
0 10 0 1 -0.0721257 0.0271249 17.2334 
0 10 6.5 1 -0.0747898 0.293073 17.2334 
0 5 10 1 0.0731909 0.494531 17.2334 
10 5 10 1 -0.465803 0.635813 17.2334 
0 6 0 1 0.0334592 0.00314013 17.2334 
0 8 0 1 -0.0226433 0.0158844 17.2334 
0 8 5 1 -0.0226544 0.230695 17.2334 
0 6 5 1 0.03605 0.232395 17.2334 
0 2 2.5 1 0.176755 0.100708 17.2334 
0 4 2.5 1 0.100525 0.108469 17.2334 
0 4 5 1 0.103591 0.234351 17.2334 
0 2 5 1 0.182127 0.236626 17.2334 
0.5 0.5 -0.5 1 0.216696 -0.0738 17.2334 
0.5 0.5 6 1 0.235101 0.300689 17.2334 
10.5 0.5 -0.5 1 -0.318467 -0.219975 17.2334 
10.5 0.5 6 1 -0.355084 0.363564 17.2334 
10.5 10.5 -0.5 1 -0.530049 -0.0537945 17.2334 
10.5 10.5 6 1 -0.566602 0.2979 17.2334 
0.5 10.5 -0.5 1 -0.0993628 0.00835017 17.2334 
0.5 10.5 6 1 -0.103459 0.271575 17.2334 
0.5 5.5 9.5 1 0.0369236 0.466617 17.2334 
10.5 5.5 9.5 1 -0.512806 0.59315 17.2334 
0.5 6.5 -0.5 1 0.0018671 -0.0179616 17.2334 
0.5 8.5 -0.5 1 -0.0519006 -0.00398625 17.2334 
0.5 8.5 4.5 1 -0.0531716 0.208503 17.2334 
0.5 6.5 4.5 1 0.00298408 0.208649 17.2334 
0.5 2.5 2 1 0.138192 0.074934 17.2334 
0.5 4.5 2 1 0.0653552 0.0845142 17.2334 
0.5 4.5 4.5 1 0.0675265 0.208816 17.2334 
0.5 2.5 4.5 1 0.142486 0.209011 17.2334 
