0 0 0 1 0.377642 -0.507324 13.0667 
0 0 6.5 1 0.308334 0.0768728 13.0667 
10 0 0 1 -0.240309 -0.410052 13.0667 
10 0 6.5 1 -0.264496 -0.0217063 13.0667 
10 10 0 1 0.0708434 -0.286363 13.0667 
10 10 6.5 1 0.0468116 -0.0258801 13.0667 
0 10 0 1 0.517106 -0.30532 13.0667 
0 10 6.5 1 0.472088 0.030694 13.0667 
0 5 10 1 0.383865 0.263723 13.0667 
10 5 10 1 -0.0918951 0.136287 13.0667 
0 6 0 1 0.478576 -0.361128 13.0667 
0 8 0 1 0.499642 -0.330616 13.0667 
0 8 5 1 0.462051 -0.0458866 13.0667 
0 6 5 1 0.437841 -0.0470071 13.0667 
0 2 2.5 1 0.39518 -0.244315 13.0667 
0 4 2.5 1 0.430088 -0.220615 13.0667 
0 4 5 1 0.408246 -0.0483769 13.0667 
0 2 5 1 0.371244 -0.0500895 13.0667 
0.5 0.5 -0.5 1 0.350148 -0.528542 13.0667 
0.5 0.5 6 1 0.285899 0.0259043 13.0667 
10.5 0.5 -0.5 1 -0.235698 -0.427924 13.0667 
10.5 0.5 6 1 -0.259174 -0.0529471 13.0667 
10.5 10.5 -0.5 1 0.0660899 -0.301629 13.0667 
10.5 10.5 6 1 0.042766 -0.0472237 13.0667 
0.5 10.5 -0.5 1 0.49643 -0.324354 13.0667 
0.5 10.5 6 1 0.453468 0.00161573 13.0667 
0.5 5.5 9.5 1 0.364466 0.219058 13.0667 
10.5 5.5 9.5 1 -0.0926136 0.106671 13.0667 
0.5 6.5 -0.5 1 0.455309 -0.381753 13.0667 
0.5 8.5 -0.5 1 0.477723 -0.350466 13.0667 
0.5 8.5 4.5 1 0.441999 -0.0750903 13.0667 
0.5 6.5 4.5 1 0.416778 -0.07898 13.0667 
0.5 2.5 2 1 0.370672 -0.275171 13.0667 
0.5 4.5 2 1 0.406743 -0.249144 13.0667 
0.5 4.5 4.5 1 0.386182 -0.0836987 13.0667 
0.5 2.5 4.5 1 0.34829 -0.0895426 13.0667 
