0 0 0 1 0.287896 -0.321985 15.5334 
0 0 6.5 1 0.323998 0.0893706 15.5334 
10 0 0 1 -0.378314 -0.286959 15.5334 
10 0 6.5 1 -0.327412 0.172046 15.5334 
10 10 0 1 -0.293029 -0.175823 15.5334 
10 10 6.5 1 -0.263757 0.0942998 15.5334 
0 10 0 1 0.110372 -0.204584 15.5334 
0 10 6.5 1 0.134212 0.0483014 15.5334 
0 5 10 1 0.221872 0.229835 15.5334 
10 5 10 1 -0.26774 0.303003 15.5334 
0 6 0 1 0.161926 -0.238677 15.5334 
0 8 0 1 0.133992 -0.220204 15.5334 
0 8 5 1 0.153721 -0.00897523 15.5334 
0 6 5 1 0.18322 -0.00816365 15.5334 
0 2 2.5 1 0.249224 -0.146315 15.5334 
0 4 2.5 1 0.207087 -0.133468 15.5334 
0 4 5 1 0.218596 -0.00719035 15.5334 
0 2 5 1 0.261802 -0.00600166 15.5334 
0.5 0.5 -0.5 1 0.242002 -0.342444 15.5334 
0.5 0.5 6 1 0.277871 0.0592925 15.5334 
10.5 0.5 -0.5 1 -0.411378 -0.310743 15.5334 
10.5 0.5 6 1 -0.36133 0.13632 15.5334 
10.5 10.5 -0.5 1 -0.314034 -0.191737 15.5334 
10.5 10.5 6 1 -0.285037 0.0742057 15.5334 
0.5 10.5 -0.5 1 0.0846159 -0.219039 15.5334 
0.5 10.5 6 1 0.108321 0.0301787 15.5334 
0.5 5.5 9.5 1 0.188538 0.204294 15.5334 
10.5 5.5 9.5 1 -0.294141 0.273838 15.5334 
0.5 6.5 -0.5 1 0.130629 -0.255117 15.5334 
0.5 8.5 -0.5 1 0.105729 -0.235593 15.5334 
0.5 8.5 4.5 1 0.125341 -0.0276872 15.5334 
0.5 6.5 4.5 1 0.151792 -0.0285553 15.5334 
0.5 2.5 2 1 0.209379 -0.168252 15.5334 
0.5 4.5 2 1 0.171973 -0.153504 15.5334 
0.5 4.5 4.5 1 0.183411 -0.029593 15.5334 
0.5 2.5 4.5 1 0.221876 -0.0308554 15.5334 
