0 0 0 1 0.404124 -0.549931 13.7667 
0 0 6.5 1 0.348881 -0.00789033 13.7667 
10 0 0 1 -0.287703 -0.485005 13.7667 
10 0 6.5 1 -0.280794 -0.0680694 13.7667 
10 10 0 1 -0.0253368 -0.369806 13.7667 
10 10 6.5 1 -0.0331113 -0.105225 13.7667 
0 10 0 1 0.411829 -0.385986 13.7667 
0 10 6.5 1 0.378912 -0.076068 13.7667 
0 5 10 1 0.347836 0.139883 13.7667 
10 5 10 1 -0.132273 0.0689399 13.7667 
0 6 0 1 0.409722 -0.430814 13.7667 
0 8 0 1 0.410876 -0.406261 13.7667 
0 8 5 1 0.382944 -0.141918 13.7667 
0 6 5 1 0.379053 -0.13876 13.7667 
0 2 2.5 1 0.386791 -0.308759 13.7667 
0 4 2.5 1 0.390801 -0.293272 13.7667 
0 4 5 1 0.374296 -0.134899 13.7667 
0 2 5 1 0.368349 -0.130072 13.7667 
0.5 0.5 -0.5 1 0.36579 -0.575891 13.7667 
0.5 0.5 6 1 0.316191 -0.0534636 13.7667 
10.5 0.5 -0.5 1 -0.293562 -0.507177 13.7667 
10.5 0.5 6 1 -0.286464 -0.101929 13.7667 
10.5 10.5 -0.5 1 -0.0347916 -0.386467 13.7667 
10.5 10.5 6 1 -0.0419723 -0.126625 13.7667 
0.5 10.5 -0.5 1 0.389566 -0.405118 13.7667 
0.5 10.5 6 1 0.35863 -0.101681 13.7667 
0.5 5.5 9.5 1 0.324241 0.102629 13.7667 
10.5 5.5 9.5 1 -0.140254 0.0395751 13.7667 
0.5 6.5 -0.5 1 0.382972 -0.452479 13.7667 
0.5 8.5 -0.5 1 0.386575 -0.426602 13.7667 
0.5 8.5 4.5 1 0.360483 -0.16839 13.7667 
0.5 6.5 4.5 1 0.354524 -0.167896 13.7667 
0.5 2.5 2 1 0.355091 -0.339701 13.7667 
0.5 4.5 2 1 0.362475 -0.321306 13.7667 
0.5 4.5 4.5 1 0.347281 -0.167296 13.7667 
0.5 2.5 4.5 1 0.338292 -0.166552 13.7667 
