0 0 0 1 0.0967504 -0.299111 11.8 
0 0 6.5 1 0.0558517 0.369258 11.8 
10 0 0 1 -0.241046 -0.121494 11.8 
10 0 6.5 1 -0.279757 0.237804 11.8 
10 10 0 1 0.16477 -0.037723 11.8 
10 10 6.5 1 0.150984 0.241505 11.8 
0 10 0 1 0.606447 -0.108715 11.8 
0 10 6.5 1 0.612069 0.327019 11.8 
0 5 10 1 0.391109 0.66199 11.8 
10 5 10 1 -0.0496524 0.420959 11.8 
0 6 0 1 0.451425 -0.166623 11.8 
0 8 0 1 0.534669 -0.135528 11.8 
0 8 5 1 0.535631 0.219254 11.8 
0 6 5 1 0.4479 0.216347 11.8 
0 2 2.5 1 0.228566 -0.0261667 11.8 
0 4 2.5 1 0.349016 -0.00115846 11.8 
0 4 5 1 0.344022 0.212904 11.8 
0 2 5 1 0.219091 0.208764 11.8 
0.5 0.5 -0.5 1 0.106865 -0.314084 11.8 
0.5 0.5 6 1 0.0699707 0.302417 11.8 
10.5 0.5 -0.5 1 -0.222104 -0.136908 11.8 
10.5 0.5 6 1 -0.258295 0.206874 11.8 
10.5 10.5 -0.5 1 0.16716 -0.0523719 11.8 
10.5 10.5 6 1 0.153904 0.217405 11.8 
0.5 10.5 -0.5 1 0.589508 -0.127638 11.8 
0.5 10.5 6 1 0.593855 0.285499 11.8 
0.5 5.5 9.5 1 0.381897 0.588941 11.8 
10.5 5.5 9.5 1 -0.0389156 0.386576 11.8 
0.5 6.5 -0.5 1 0.440235 -0.185302 11.8 
0.5 8.5 -0.5 1 0.520117 -0.154444 11.8 
0.5 8.5 4.5 1 0.520331 0.180902 11.8 
0.5 6.5 4.5 1 0.436328 0.175109 11.8 
0.5 2.5 2 1 0.229482 -0.0579651 11.8 
0.5 4.5 2 1 0.34268 -0.0317751 11.8 
0.5 4.5 4.5 1 0.337814 0.168316 11.8 
0.5 2.5 4.5 1 0.220671 0.160237 11.8 
