0 0 0 1 0.168949 -0.403386 1.76667 
0 0 6.5 1 0.165086 -0.107872 1.76667 
10 0 0 1 0.658803 -0.535455 1.76667 
10 0 6.5 1 0.611312 -0.0641292 1.76667 
10 10 0 1 0.0639983 -0.720165 1.76667 
10 10 6.5 1 0.0683868 0.0237646 1.76667 
0 10 0 1 -0.28197 -0.456314 1.76667 
0 10 6.5 1 -0.255423 -0.0728592 1.76667 
0 5 10 1 -0.0152124 0.0708073 1.76667 
10 5 10 1 0.380924 0.234958 1.76667 
0 6 0 1 -0.0720568 -0.431675 1.76667 
0 8 0 1 -0.170952 -0.443283 1.76667 
0 8 5 1 -0.157066 -0.160577 1.76667 
0 6 5 1 -0.0637344 -0.164218 1.76667 
0 2 2.5 1 0.0965546 -0.288442 1.76667 
0 4 2.5 1 0.0185349 -0.291361 1.76667 
0 4 5 1 0.0203825 -0.1675 1.76667 
0 2 5 1 0.096585 -0.170473 1.76667 
0.5 0.5 -0.5 1 0.167169 -0.434652 1.76667 
0.5 0.5 6 1 0.163275 -0.127243 1.76667 
10.5 0.5 -0.5 1 0.685164 -0.594785 1.76667 
10.5 0.5 6 1 0.632733 -0.0924978 1.76667 
10.5 10.5 -0.5 1 0.0486637 -0.83744 1.76667 
10.5 10.5 6 1 0.0555815 -0.013328 1.76667 
0.5 10.5 -0.5 1 -0.305974 -0.500164 1.76667 
0.5 10.5 6 1 -0.276493 -0.0964397 1.76667 
0.5 5.5 9.5 1 -0.023946 0.0563437 1.76667 
10.5 5.5 9.5 1 0.391174 0.221004 1.76667 
0.5 6.5 -0.5 1 -0.0843954 -0.469484 1.76667 
0.5 8.5 -0.5 1 -0.188497 -0.483898 1.76667 
0.5 8.5 4.5 1 -0.173074 -0.186937 1.76667 
0.5 6.5 4.5 1 -0.0751083 -0.189301 1.76667 
0.5 2.5 2 1 0.0920277 -0.316246 1.76667 
0.5 4.5 2 1 0.010707 -0.320739 1.76667 
0.5 4.5 4.5 1 0.0128145 -0.191423 1.76667 
0.5 2.5 4.5 1 0.0921633 -0.193337 1.76667 
