0 0 0 1 0.256961 -0.126636 16.9001 
0 0 6.5 1 0.289714 0.248065 16.9001 
10 0 0 1 -0.302355 -0.242965 16.9001 
10 0 6.5 1 -0.31379 0.305528 16.9001 
10 10 0 1 -0.454201 -0.061436 16.9001 
10 10 6.5 1 -0.470285 0.26661 16.9001 
0 10 0 1 -0.037697 -0.020159 16.9001 
0 10 6.5 1 -0.0299895 0.236695 16.9001 
0 5 10 1 0.107988 0.420501 16.9001 
10 5 10 1 -0.422635 0.530028 16.9001 
0 6 0 1 0.054854 -0.0536029 16.9001 
0 8 0 1 0.00548707 -0.0357639 16.9001 
0 8 5 1 0.0134616 0.172582 16.9001 
0 6 5 1 0.0655171 0.169533 16.9001 
0 2 2.5 1 0.187452 0.0286426 16.9001 
0 4 2.5 1 0.118743 0.0432102 16.9001 
0 4 5 1 0.125968 0.165993 16.9001 
0 2 5 1 0.197024 0.161833 16.9001 
0.5 0.5 -0.5 1 0.214392 -0.149496 16.9001 
0.5 0.5 6 1 0.243679 0.218627 16.9001 
10.5 0.5 -0.5 1 -0.353756 -0.273838 16.9001 
10.5 0.5 6 1 -0.370416 0.260606 16.9001 
10.5 10.5 -0.5 1 -0.483742 -0.0821175 16.9001 
10.5 10.5 6 1 -0.501465 0.240899 16.9001 
0.5 10.5 -0.5 1 -0.0645459 -0.0368278 16.9001 
0.5 10.5 6 1 -0.0581977 0.216937 16.9001 
0.5 5.5 9.5 1 0.0717093 0.394132 16.9001 
10.5 5.5 9.5 1 -0.464495 0.492128 16.9001 
0.5 6.5 -0.5 1 0.0233001 -0.0723105 16.9001 
0.5 8.5 -0.5 1 -0.0235306 -0.0533947 16.9001 
0.5 8.5 4.5 1 -0.0167654 0.152299 16.9001 
0.5 6.5 4.5 1 0.0325307 0.147784 16.9001 
0.5 2.5 2 1 0.148266 0.00536796 16.9001 
0.5 4.5 2 1 0.0833463 0.0215952 16.9001 
0.5 4.5 4.5 1 0.0896906 0.142548 16.9001 
0.5 2.5 4.5 1 0.156759 0.136404 16.9001 
