0 0 0 1 -0.0710053 -0.0361532 4.03333 
0 0 6.5 1 -0.0579237 0.215312 4.03333 
10 0 0 1 0.325877 -0.0860951 4.03333 
10 0 6.5 1 0.358547 0.196307 4.03333 
10 10 0 1 0.325498 -0.236458 4.03333 
10 10 6.5 1 0.381903 0.239679 4.03333 
0 10 0 1 -0.292425 -0.132442 4.03333 
0 10 6.5 1 -0.285613 0.26189 4.03333 
0 5 10 1 -0.138886 0.411395 4.03333 
10 5 10 1 0.391405 0.420375 4.03333 
0 6 0 1 -0.179647 -0.0833981 4.03333 
0 8 0 1 -0.230383 -0.105462 4.03333 
0 8 5 1 -0.223091 0.163403 4.03333 
0 6 5 1 -0.171072 0.160873 4.03333 
0 2 2.5 1 -0.0968343 0.0521123 4.03333 
0 4 2.5 1 -0.132798 0.0449267 4.03333 
0 4 5 1 -0.128049 0.158781 4.03333 
0 2 5 1 -0.0918743 0.157022 4.03333 
0.5 0.5 -0.5 1 -0.0612637 -0.0605678 4.03333 
0.5 0.5 6 1 -0.0475007 0.195397 4.03333 
10.5 0.5 -0.5 1 0.346283 -0.114849 4.03333 
10.5 0.5 6 1 0.380704 0.173227 4.03333 
10.5 10.5 -0.5 1 0.360217 -0.291469 4.03333 
10.5 10.5 6 1 0.4219 0.20097 4.03333 
0.5 10.5 -0.5 1 -0.284398 -0.174091 4.03333 
0.5 10.5 6 1 -0.276819 0.231403 4.03333 
0.5 5.5 9.5 1 -0.127903 0.391558 4.03333 
10.5 5.5 9.5 1 0.421655 0.397298 4.03333 
0.5 6.5 -0.5 1 -0.170091 -0.115936 4.03333 
0.5 8.5 -0.5 1 -0.221345 -0.142012 4.03333 
0.5 8.5 4.5 1 -0.213427 0.133558 4.03333 
0.5 6.5 4.5 1 -0.160893 0.133862 4.03333 
0.5 2.5 2 1 -0.0867462 0.0273709 4.03333 
0.5 4.5 2 1 -0.122731 0.0178507 4.03333 
0.5 4.5 4.5 1 -0.117677 0.134112 4.03333 
0.5 2.5 4.5 1 -0.0815013 0.134321 4.03333 
