0 0 0 1 0.280954 -0.246432 18.6001 
0 0 6.5 1 0.25156 0.102297 18.6001 
10 0 0 1 0.108265 -0.568111 18.6001 
10 0 6.5 1 0.0442195 0.109637 18.6001 
10 10 0 1 -0.577269 -0.44168 18.6001 
10 10 6.5 1 -0.637439 0.025857 18.6001 
0 10 0 1 -0.165853 -0.229747 18.6001 
0 10 6.5 1 -0.196061 0.0534705 18.6001 
0 5 10 1 -0.0122044 0.247756 18.6001 
10 5 10 1 -0.395923 0.370995 18.6001 
0 6 0 1 -0.00866566 -0.235617 18.6001 
0 8 0 1 -0.0902941 -0.232569 18.6001 
0 8 5 1 -0.113503 -0.00697376 18.6001 
0 6 5 1 -0.0318553 -0.000889921 18.6001 
0 2 2.5 1 0.164619 -0.115624 18.6001 
0 4 2.5 1 0.0683227 -0.117353 18.6001 
0 4 5 1 0.0567099 0.00570935 18.6001 
0 2 5 1 0.15311 0.0128925 18.6001 
0.5 0.5 -0.5 1 0.250944 -0.280441 18.6001 
0.5 0.5 6 1 0.220669 0.0718216 18.6001 
10.5 0.5 -0.5 1 0.0453619 -0.642283 18.6001 
10.5 0.5 6 1 -0.0224323 0.0489035 18.6001 
10.5 10.5 -0.5 1 -0.631335 -0.490709 18.6001 
10.5 10.5 6 1 -0.693779 -0.0168133 18.6001 
0.5 10.5 -0.5 1 -0.194462 -0.257216 18.6001 
0.5 10.5 6 1 -0.225371 0.0283269 18.6001 
0.5 5.5 9.5 1 -0.0429079 0.221808 18.6001 
10.5 5.5 9.5 1 -0.459325 0.326139 18.6001 
0.5 6.5 -0.5 1 -0.0379869 -0.265375 18.6001 
0.5 8.5 -0.5 1 -0.119275 -0.261137 18.6001 
0.5 8.5 4.5 1 -0.143047 -0.0336241 18.6001 
0.5 6.5 4.5 1 -0.0617662 -0.0285715 18.6001 
0.5 2.5 2 1 0.134445 -0.146874 18.6001 
0.5 4.5 2 1 0.0383992 -0.147291 18.6001 
0.5 4.5 4.5 1 0.026475 -0.0230862 18.6001 
0.5 2.5 4.5 1 0.122611 -0.0171102 18.6001 
