0 0 0 1 0.262339 -0.263256 16.1668 
0 0 6.5 1 0.306943 0.121212 16.1668 
10 0 0 1 -0.364537 -0.294611 16.1668 
10 0 6.5 1 -0.335642 0.195603 16.1668 
10 10 0 1 -0.3692 -0.123425 16.1668 
10 10 6.5 1 -0.35258 0.165047 16.1668 
0 10 0 1 0.0362636 -0.126454 16.1668 
0 10 6.5 1 0.0596521 0.121845 16.1668 
0 5 10 1 0.173355 0.291006 16.1668 
10 5 10 1 -0.334417 0.381917 16.1668 
0 6 0 1 0.104302 -0.167625 16.1668 
0 8 0 1 0.0676893 -0.14547 16.1668 
0 8 5 1 0.0875581 0.0589511 16.1668 
0 6 5 1 0.126577 0.0535623 16.1668 
0 2 2.5 1 0.213607 -0.0943561 16.1668 
0 4 2.5 1 0.16 -0.0745947 16.1668 
0 4 5 1 0.17277 0.0471828 16.1668 
0 2 5 1 0.228315 0.0395116 16.1668 
0.5 0.5 -0.5 1 0.217648 -0.282105 16.1668 
0.5 0.5 6 1 0.259832 0.0941053 16.1668 
10.5 0.5 -0.5 1 -0.405745 -0.317611 16.1668 
10.5 0.5 6 1 -0.379381 0.159259 16.1668 
10.5 10.5 -0.5 1 -0.39369 -0.139591 16.1668 
10.5 10.5 6 1 -0.377942 0.144215 16.1668 
0.5 10.5 -0.5 1 0.0100183 -0.140412 16.1668 
0.5 10.5 6 1 0.0325292 0.104422 16.1668 
0.5 5.5 9.5 1 0.138056 0.266821 16.1668 
10.5 5.5 9.5 1 -0.367319 0.351072 16.1668 
0.5 6.5 -0.5 1 0.0728033 -0.183258 16.1668 
0.5 8.5 -0.5 1 0.0390493 -0.160223 16.1668 
0.5 8.5 4.5 1 0.0581259 0.0411451 16.1668 
0.5 6.5 4.5 1 0.0941281 0.0343589 16.1668 
0.5 2.5 2 1 0.173638 -0.114525 16.1668 
0.5 4.5 2 1 0.124461 -0.0932731 16.1668 
0.5 4.5 4.5 1 0.136643 0.026345 16.1668 
0.5 2.5 4.5 1 0.187614 0.0167372 16.1668 
