0 0 0 1 -0.293378 -0.111729 5.76666 
0 0 6.5 1 -0.325835 0.164118 5.76666 
10 0 0 1 0.102965 -0.0603068 5.76666 
10 0 6.5 1 0.0835041 0.191131 5.76666 
10 10 0 1 0.312949 -0.141132 5.76666 
10 10 6.5 1 0.290107 0.26072 5.76666 
0 10 0 1 -0.320068 -0.241484 5.76666 
0 10 6.5 1 -0.377142 0.226571 5.76666 
0 5 10 1 -0.368217 0.384276 5.76666 
10 5 10 1 0.150488 0.392432 5.76666 
0 6 0 1 -0.305942 -0.17281 5.76666 
0 8 0 1 -0.312152 -0.203002 5.76666 
0 8 5 1 -0.349917 0.109985 5.76666 
0 6 5 1 -0.339348 0.106363 5.76666 
0 2 2.5 1 -0.310237 -0.0150078 5.76666 
0 4 2.5 1 -0.315725 -0.0240953 5.76666 
0 4 5 1 -0.330888 0.103464 5.76666 
0 2 5 1 -0.323961 0.10109 5.76666 
0.5 0.5 -0.5 1 -0.269626 -0.133686 5.76666 
0.5 0.5 6 1 -0.301864 0.14536 5.76666 
10.5 0.5 -0.5 1 0.129373 -0.0796149 5.76666 
10.5 0.5 6 1 0.110342 0.174481 5.76666 
10.5 10.5 -0.5 1 0.359276 -0.173583 5.76666 
10.5 10.5 6 1 0.337886 0.235101 5.76666 
0.5 10.5 -0.5 1 -0.280249 -0.28183 5.76666 
0.5 10.5 6 1 -0.336749 0.195498 5.76666 
0.5 5.5 9.5 1 -0.337957 0.363944 5.76666 
10.5 5.5 9.5 1 0.185335 0.374644 5.76666 
0.5 6.5 -0.5 1 -0.274602 -0.203081 5.76666 
0.5 8.5 -0.5 1 -0.277078 -0.237606 5.76666 
0.5 8.5 4.5 1 -0.314488 0.080748 5.76666 
0.5 6.5 4.5 1 -0.307721 0.0803573 5.76666 
0.5 2.5 2 1 -0.284299 -0.0377813 5.76666 
0.5 4.5 2 1 -0.287281 -0.0492961 5.76666 
0.5 4.5 4.5 1 -0.302326 0.0800458 5.76666 
0.5 2.5 4.5 1 -0.297925 0.0797917 5.76666 
