0 0 0 1 0.0433469 -0.290006 2.83333 
0 0 6.5 1 0.0672434 -0.02831 2.83333 
10 0 0 1 0.479596 -0.408286 2.83333 
10 0 6.5 1 0.502332 -0.0568376 2.83333 
10 10 0 1 0.24564 -0.604777 2.83333 
10 10 6.5 1 0.292621 -0.00023845 2.83333 
0 10 0 1 -0.303453 -0.359661 2.83333 
0 10 6.5 1 -0.261004 0.0205561 2.83333 
0 5 10 1 -0.0507497 0.153872 2.83333 
10 5 10 1 0.440639 0.193894 2.83333 
0 6 0 1 -0.132561 -0.325337 2.83333 
0 8 0 1 -0.210848 -0.341061 2.83333 
0 8 5 1 -0.18222 -0.0715827 2.83333 
0 6 5 1 -0.107279 -0.0766154 2.83333 
0 2 2.5 1 0.00279107 -0.191745 2.83333 
0 4 2.5 1 -0.0541481 -0.195599 2.83333 
0 4 5 1 -0.0429439 -0.0809359 2.83333 
0 2 5 1 0.012887 -0.0846852 2.83333 
0.5 0.5 -0.5 1 0.0459268 -0.31809 2.83333 
0.5 0.5 6 1 0.0704992 -0.0480819 2.83333 
10.5 0.5 -0.5 1 0.50113 -0.451224 2.83333 
10.5 0.5 6 1 0.524317 -0.0846243 2.83333 
10.5 10.5 -0.5 1 0.266744 -0.695643 2.83333 
10.5 10.5 6 1 0.316248 -0.0448535 2.83333 
0.5 10.5 -0.5 1 -0.315284 -0.404308 2.83333 
0.5 10.5 6 1 -0.270685 -0.00628799 2.83333 
0.5 5.5 9.5 1 -0.0510881 0.13704 2.83333 
10.5 5.5 9.5 1 0.465078 0.171769 2.83333 
0.5 6.5 -0.5 1 -0.136021 -0.36152 2.83333 
0.5 8.5 -0.5 1 -0.217834 -0.381048 2.83333 
0.5 8.5 4.5 1 -0.18793 -0.0999894 2.83333 
0.5 6.5 4.5 1 -0.109743 -0.102966 2.83333 
0.5 2.5 2 1 0.00421624 -0.218385 2.83333 
0.5 4.5 2 1 -0.0545996 -0.224337 2.83333 
0.5 4.5 4.5 1 -0.043005 -0.105506 2.83333 
0.5 2.5 4.5 1 0.0146277 -0.1077 2.83333 
