0 0 0 1 0.25835 -0.0908262 17.9334 
0 0 6.5 1 0.251128 0.273168 17.9334 
10 0 0 1 -0.115352 -0.313408 17.9334 
10 0 6.5 1 -0.169052 0.32851 17.9334 
10 10 0 1 -0.559654 -0.171397 17.9334 
10 10 6.5 1 -0.622137 0.231902 17.9334 
0 10 0 1 -0.134038 -0.0492946 17.9334 
0 10 6.5 1 -0.156694 0.223324 17.9334 
0 5 10 1 0.00712578 0.425859 17.9334 
10 5 10 1 -0.48839 0.570732 17.9334 
0 6 0 1 -0.00269213 -0.0631967 17.9334 
0 8 0 1 -0.0717525 -0.0558871 17.9334 
0 8 5 1 -0.0877255 0.162563 17.9334 
0 6 5 1 -0.0169885 0.167305 17.9334 
0 2 2.5 1 0.156191 0.0463839 17.9334 
0 4 2.5 1 0.0683773 0.0482676 17.9334 
0 4 5 1 0.0622074 0.172614 17.9334 
0 2 5 1 0.151476 0.178598 17.9334 
0.5 0.5 -0.5 1 0.222163 -0.120899 17.9334 
0.5 0.5 6 1 0.21279 0.241644 17.9334 
10.5 0.5 -0.5 1 -0.179234 -0.366365 17.9334 
10.5 0.5 6 1 -0.239956 0.270877 17.9334 
10.5 10.5 -0.5 1 -0.600792 -0.205011 17.9334 
10.5 10.5 6 1 -0.666077 0.196464 17.9334 
0.5 10.5 -0.5 1 -0.161598 -0.0719603 17.9334 
0.5 10.5 6 1 -0.185484 0.199844 17.9334 
0.5 5.5 9.5 1 -0.0266886 0.398337 17.9334 
10.5 5.5 9.5 1 -0.545221 0.525204 17.9334 
0.5 6.5 -0.5 1 -0.0331581 -0.0883396 17.9334 
0.5 8.5 -0.5 1 -0.100693 -0.0797272 17.9334 
0.5 8.5 4.5 1 -0.117701 0.138034 17.9334 
0.5 6.5 4.5 1 -0.0486032 0.141395 17.9334 
0.5 2.5 2 1 0.121429 0.0176783 17.9334 
0.5 4.5 2 1 0.0355874 0.0212477 17.9334 
0.5 4.5 4.5 1 0.0287636 0.145158 17.9334 
0.5 2.5 4.5 1 0.115979 0.1494 17.9334 
