0 0 0 1 0.0753165 -0.278778 11.7334 
0 0 6.5 1 0.0357214 0.397444 11.7334 
10 0 0 1 -0.24294 -0.102181 11.7334 
10 0 6.5 1 -0.280829 0.25772 11.7334 
10 10 0 1 0.168676 -0.0234508 11.7334 
10 10 6.5 1 0.156748 0.258451 11.7334 
0 10 0 1 0.60897 -0.0965139 11.7334 
0 10 6.5 1 0.61963 0.348243 11.7334 
0 5 10 1 0.38913 0.69461 11.7334 
10 5 10 1 -0.0469453 0.441182 11.7334 
0 6 0 1 0.445514 -0.152341 11.7334 
0 8 0 1 0.533162 -0.122405 11.7334 
0 8 5 1 0.537686 0.238792 11.7334 
0 6 5 1 0.445196 0.236959 11.7334 
0 2 2.5 1 0.213658 -0.00625315 11.7334 
0 4 2.5 1 0.33963 0.0170906 11.7334 
0 4 5 1 0.336021 0.234795 11.7334 
0 2 5 1 0.205198 0.232201 11.7334 
0.5 0.5 -0.5 1 0.0880926 -0.294624 11.7334 
0.5 0.5 6 1 0.05277 0.328332 11.7334 
10.5 0.5 -0.5 1 -0.223336 -0.117969 11.7334 
10.5 0.5 6 1 -0.258639 0.2263 11.7334 
10.5 10.5 -0.5 1 0.171453 -0.0383529 11.7334 
10.5 10.5 6 1 0.160022 0.233879 11.7334 
0.5 10.5 -0.5 1 0.592406 -0.115878 11.7334 
0.5 10.5 6 1 0.601469 0.305266 11.7334 
0.5 5.5 9.5 1 0.380865 0.618572 11.7334 
10.5 5.5 9.5 1 -0.0356398 0.406133 11.7334 
0.5 6.5 -0.5 1 0.435373 -0.171536 11.7334 
0.5 8.5 -0.5 1 0.519289 -0.141793 11.7334 
0.5 8.5 4.5 1 0.522851 0.199194 11.7334 
0.5 6.5 4.5 1 0.434503 0.194378 11.7334 
0.5 2.5 2 1 0.216612 -0.0390989 11.7334 
0.5 4.5 2 1 0.334743 -0.0144667 11.7334 
0.5 4.5 4.5 1 0.331209 0.188746 11.7334 
0.5 2.5 4.5 1 0.208825 0.182074 11.7334 
