0 0 0 1 0.27853 -0.236713 18.5334 
0 0 6.5 1 0.250926 0.112354 18.5334 
10 0 0 1 0.0842059 -0.555789 18.5334 
10 0 6.5 1 0.0215781 0.115408 18.5334 
10 10 0 1 -0.575199 -0.421923 18.5334 
10 10 6.5 1 -0.636985 0.0362002 18.5334 
0 10 0 1 -0.162715 -0.216103 18.5334 
0 10 6.5 1 -0.192779 0.0649868 18.5334 
0 5 10 1 -0.0113363 0.258935 18.5334 
10 5 10 1 -0.407719 0.37753 18.5334 
0 6 0 1 -0.00828626 -0.223317 18.5334 
0 8 0 1 -0.0885903 -0.219566 18.5334 
0 8 5 1 -0.111503 0.00446126 18.5334 
0 6 5 1 -0.0309789 0.0101304 18.5334 
0 2 2.5 1 0.163399 -0.105423 18.5334 
0 4 2.5 1 0.0679161 -0.106481 18.5334 
0 4 5 1 0.0566578 0.0163004 18.5334 
0 2 5 1 0.152393 0.0230405 18.5334 
0.5 0.5 -0.5 1 0.247918 -0.270356 18.5334 
0.5 0.5 6 1 0.219331 0.0817141 18.5334 
10.5 0.5 -0.5 1 0.020807 -0.627618 18.5334 
10.5 0.5 6 1 -0.0459735 0.0547103 18.5334 
10.5 10.5 -0.5 1 -0.627591 -0.469014 18.5334 
10.5 10.5 6 1 -0.691827 -0.00572672 18.5334 
0.5 10.5 -0.5 1 -0.191132 -0.243044 18.5334 
0.5 10.5 6 1 -0.221966 0.0399889 18.5334 
0.5 5.5 9.5 1 -0.0423156 0.232776 18.5334 
10.5 5.5 9.5 1 -0.470594 0.332366 18.5334 
0.5 6.5 -0.5 1 -0.0376736 -0.25259 18.5334 
0.5 8.5 -0.5 1 -0.1175 -0.247625 18.5334 
0.5 8.5 4.5 1 -0.141032 -0.0219945 18.5334 
0.5 6.5 4.5 1 -0.0610173 -0.0174018 18.5334 
0.5 2.5 2 1 0.132791 -0.136451 18.5334 
0.5 4.5 2 1 0.037738 -0.136147 18.5334 
0.5 4.5 4.5 1 0.0261344 -0.0123996 18.5334 
0.5 2.5 4.5 1 0.121422 -0.00693029 18.5334 
