0 0 0 1 0.257934 -0.0830033 17.0667 
0 0 6.5 1 0.285633 0.294637 17.0667 
10 0 0 1 -0.283202 -0.208611 17.0667 
10 0 6.5 1 -0.304142 0.364044 17.0667 
10 10 0 1 -0.475602 -0.0412887 17.0667 
10 10 6.5 1 -0.500835 0.300746 17.0667 
0 10 0 1 -0.05468 0.00745435 17.0667 
0 10 6.5 1 -0.0520134 0.268926 17.0667 
0 5 10 1 0.091198 0.462014 17.0667 
10 5 10 1 -0.444626 0.586732 17.0667 
0 6 0 1 0.0443736 -0.0212077 17.0667 
0 8 0 1 -0.00836243 -0.00594805 17.0667 
0 8 5 1 -0.00425454 0.205669 17.0667 
0 6 5 1 0.0511525 0.205044 17.0667 
0 2 2.5 1 0.182514 0.0688276 17.0667 
0 4 2.5 1 0.109964 0.0799131 17.0667 
0 4 5 1 0.115209 0.204323 17.0667 
0 2 5 1 0.190113 0.203479 17.0667 
0.5 0.5 -0.5 1 0.215863 -0.107432 17.0667 
0.5 0.5 6 1 0.240083 0.264071 17.0667 
10.5 0.5 -0.5 1 -0.337315 -0.243007 17.0667 
10.5 0.5 6 1 -0.364177 0.315567 17.0667 
10.5 10.5 -0.5 1 -0.506665 -0.0638116 17.0667 
10.5 10.5 6 1 -0.53374 0.273198 17.0667 
0.5 10.5 -0.5 1 -0.0817335 -0.0102653 17.0667 
0.5 10.5 6 1 -0.0804759 0.248265 17.0667 
0.5 5.5 9.5 1 0.0548468 0.434775 17.0667 
10.5 5.5 9.5 1 -0.489005 0.546334 17.0667 
0.5 6.5 -0.5 1 0.0127698 -0.0411212 17.0667 
0.5 8.5 -0.5 1 -0.0375195 -0.0247014 17.0667 
0.5 8.5 4.5 1 -0.034659 0.1844 17.0667 
0.5 6.5 4.5 1 0.0180792 0.182255 17.0667 
0.5 2.5 2 1 0.143565 0.044256 17.0667 
0.5 4.5 2 1 0.0746262 0.0570943 17.0667 
0.5 4.5 4.5 1 0.0789727 0.179778 17.0667 
0.5 2.5 4.5 1 0.150072 0.176886 17.0667 
