0 0 0 1 0.257042 -0.0256393 17.4667 
0 0 6.5 1 0.269436 0.353963 17.4667 
10 0 0 1 -0.224779 -0.176388 17.4667 
10 0 6.5 1 -0.26586 0.448428 17.4667 
10 10 0 1 -0.525382 -0.0384272 17.4667 
10 10 6.5 1 -0.572016 0.336947 17.4667 
0 10 0 1 -0.0961354 0.03214 17.4667 
0 10 6.5 1 -0.106304 0.302659 17.4667 
0 5 10 1 0.0474245 0.510971 17.4667 
10 5 10 1 -0.48896 0.66948 17.4667 
0 6 0 1 0.0183553 0.0134095 17.4667 
0 8 0 1 -0.0422923 0.0233313 17.4667 
0 8 5 1 -0.0481727 0.241249 17.4667 
0 6 5 1 0.0148783 0.245274 17.4667 
0 2 2.5 1 0.167833 0.118777 17.4667 
0 4 2.5 1 0.0870234 0.12303 17.4667 
0 4 5 1 0.0868543 0.249869 17.4667 
0 2 5 1 0.169795 0.255164 17.4667 
0.5 0.5 -0.5 1 0.216953 -0.0532615 17.4667 
0.5 0.5 6 1 0.226243 0.321888 17.4667 
10.5 0.5 -0.5 1 -0.28489 -0.2195 17.4667 
10.5 0.5 6 1 -0.333204 0.393231 17.4667 
10.5 10.5 -0.5 1 -0.56065 -0.0657562 17.4667 
10.5 10.5 6 1 -0.609635 0.305252 17.4667 
0.5 10.5 -0.5 1 -0.12355 0.0119918 17.4667 
0.5 10.5 6 1 -0.135134 0.280247 17.4667 
0.5 5.5 9.5 1 0.0116236 0.482666 17.4667 
10.5 5.5 9.5 1 -0.539597 0.62466 17.4667 
0.5 6.5 -0.5 1 -0.0130466 -0.00918484 17.4667 
0.5 8.5 -0.5 1 -0.0715677 0.00203 17.4667 
0.5 8.5 4.5 1 -0.0786792 0.218026 17.4667 
0.5 6.5 4.5 1 -0.017945 0.220504 17.4667 
0.5 2.5 2 1 0.130165 0.0916855 17.4667 
0.5 4.5 2 1 0.0523591 0.0977784 17.4667 
0.5 4.5 4.5 1 0.051341 0.22333 17.4667 
0.5 2.5 4.5 1 0.131122 0.226586 17.4667 
