0 0 0 1 0.100835 -0.412359 2.3 
0 0 6.5 1 0.114536 -0.130029 2.3 
10 0 0 1 0.572176 -0.563975 2.3 
10 0 6.5 1 0.564715 -0.147547 2.3 
10 10 0 1 0.172654 -0.803911 2.3 
10 10 6.5 1 0.198338 -0.0969121 2.3 
0 10 0 1 -0.305836 -0.485566 2.3 
0 10 6.5 1 -0.264709 -0.0942363 2.3 
0 5 10 1 -0.033476 0.0494043 2.3 
10 5 10 1 0.42673 0.123782 2.3 
0 6 0 1 -0.109989 -0.45031 2.3 
0 8 0 1 -0.200769 -0.466652 2.3 
0 8 5 1 -0.175151 -0.183874 2.3 
0 6 5 1 -0.0894234 -0.186651 2.3 
0 2 2.5 1 0.0457271 -0.305426 2.3 
0 4 2.5 1 -0.0223513 -0.310375 2.3 
0 4 5 1 -0.0142295 -0.189086 2.3 
0 2 5 1 0.0522596 -0.191239 2.3 
0.5 0.5 -0.5 1 0.101176 -0.44381 2.3 
0.5 0.5 6 1 0.115316 -0.150846 2.3 
10.5 0.5 -0.5 1 0.596996 -0.618829 2.3 
10.5 0.5 6 1 0.587669 -0.178901 2.3 
10.5 10.5 -0.5 1 0.180135 -0.923284 2.3 
10.5 10.5 6 1 0.207161 -0.145925 2.3 
0.5 10.5 -0.5 1 -0.325168 -0.533561 2.3 
0.5 10.5 6 1 -0.281041 -0.121505 2.3 
0.5 5.5 9.5 1 -0.0381393 0.0325339 2.3 
10.5 5.5 9.5 1 0.44639 0.101777 2.3 
0.5 6.5 -0.5 1 -0.118392 -0.490032 2.3 
0.5 8.5 -0.5 1 -0.213899 -0.510138 2.3 
0.5 8.5 4.5 1 -0.186631 -0.213357 2.3 
0.5 6.5 4.5 1 -0.0966749 -0.214237 2.3 
0.5 2.5 2 1 0.0440988 -0.334402 2.3 
0.5 4.5 2 1 -0.0266948 -0.341421 2.3 
0.5 4.5 4.5 1 -0.0181887 -0.215006 2.3 
0.5 2.5 4.5 1 0.0508902 -0.215682 2.3 
