0 0 0 1 0.387928 -0.676296 14.2334 
0 0 6.5 1 0.355791 -0.144349 14.2334 
10 0 0 1 -0.336452 -0.594271 14.2334 
10 0 6.5 1 -0.305497 -0.146911 14.2334 
10 10 0 1 -0.106156 -0.440703 14.2334 
10 10 6.5 1 -0.0983946 -0.168303 14.2334 
0 10 0 1 0.327212 -0.47055 14.2334 
0 10 6.5 1 0.311675 -0.168958 14.2334 
0 5 10 1 0.317838 0.0259233 14.2334 
10 5 10 1 -0.170844 0.0054132 14.2334 
0 6 0 1 0.343808 -0.526788 14.2334 
0 8 0 1 0.334718 -0.495984 14.2334 
0 8 5 1 0.321156 -0.238398 14.2334 
0 6 5 1 0.328416 -0.241826 14.2334 
0 2 2.5 1 0.358486 -0.426114 14.2334 
0 4 2.5 1 0.345904 -0.400699 14.2334 
0 4 5 1 0.337292 -0.246016 14.2334 
0 2 5 1 0.348388 -0.251254 14.2334 
0.5 0.5 -0.5 1 0.343951 -0.69752 14.2334 
0.5 0.5 6 1 0.316948 -0.182269 14.2334 
10.5 0.5 -0.5 1 -0.350039 -0.614894 14.2334 
10.5 0.5 6 1 -0.318951 -0.179362 14.2334 
10.5 10.5 -0.5 1 -0.119112 -0.456446 14.2334 
10.5 10.5 6 1 -0.110856 -0.188449 14.2334 
0.5 10.5 -0.5 1 0.303318 -0.48728 14.2334 
0.5 10.5 6 1 0.289406 -0.191084 14.2334 
0.5 5.5 9.5 1 0.290781 -0.00572647 14.2334 
10.5 5.5 9.5 1 -0.183986 -0.0223943 14.2334 
0.5 6.5 -0.5 1 0.314562 -0.545456 14.2334 
0.5 8.5 -0.5 1 0.308416 -0.513658 14.2334 
0.5 8.5 4.5 1 0.29638 -0.261195 14.2334 
0.5 6.5 4.5 1 0.301041 -0.26676 14.2334 
0.5 2.5 2 1 0.322395 -0.452114 14.2334 
0.5 4.5 2 1 0.314189 -0.424542 14.2334 
0.5 4.5 4.5 1 0.306708 -0.273527 14.2334 
0.5 2.5 4.5 1 0.31375 -0.281934 14.2334 
