0 0 0 1 0.398174 -0.640075 14.0667 
0 0 6.5 1 0.356526 -0.102776 14.0667 
10 0 0 1 -0.317987 -0.561538 14.0667 
10 0 6.5 1 -0.295503 -0.124285 14.0667 
10 10 0 1 -0.0759147 -0.422053 14.0667 
10 10 6.5 1 -0.0738466 -0.152037 14.0667 
0 10 0 1 0.359414 -0.447904 14.0667 
0 10 6.5 1 0.337117 -0.142841 14.0667 
0 5 10 1 0.330299 0.0594169 14.0667 
10 5 10 1 -0.155802 0.0220068 14.0667 
0 6 0 1 0.369996 -0.500369 14.0667 
0 8 0 1 0.364199 -0.471626 14.0667 
0 8 5 1 0.345007 -0.211058 14.0667 
0 6 5 1 0.348574 -0.212164 14.0667 
0 2 2.5 1 0.371848 -0.391846 14.0667 
0 4 2.5 1 0.364684 -0.369832 14.0667 
0 4 5 1 0.352936 -0.213517 14.0667 
0 2 5 1 0.358391 -0.215209 14.0667 
0.5 0.5 -0.5 1 0.355878 -0.662935 14.0667 
0.5 0.5 6 1 0.319681 -0.143293 14.0667 
10.5 0.5 -0.5 1 -0.328805 -0.582807 14.0667 
10.5 0.5 6 1 -0.306175 -0.157286 14.0667 
10.5 10.5 -0.5 1 -0.0876331 -0.43816 14.0667 
10.5 10.5 6 1 -0.0850275 -0.172639 14.0667 
0.5 10.5 -0.5 1 0.33606 -0.465484 14.0667 
0.5 10.5 6 1 0.315545 -0.166151 14.0667 
0.5 5.5 9.5 1 0.304437 0.0259094 14.0667 
10.5 5.5 9.5 1 -0.167108 -0.00634462 14.0667 
0.5 6.5 -0.5 1 0.341541 -0.520093 14.0667 
0.5 8.5 -0.5 1 0.338545 -0.490242 14.0667 
0.5 8.5 4.5 1 0.321023 -0.235115 14.0667 
0.5 6.5 4.5 1 0.322155 -0.238539 14.0667 
0.5 2.5 2 1 0.337145 -0.419563 14.0667 
0.5 4.5 2 1 0.33406 -0.395132 14.0667 
0.5 4.5 4.5 1 0.323532 -0.242703 14.0667 
0.5 2.5 4.5 1 0.325243 -0.247876 14.0667 
