0 0 0 1 0.256381 -0.0303564 17.6001 
0 0 6.5 1 0.263079 0.346356 17.6001 
10 0 0 1 -0.19875 -0.196144 17.6001 
10 0 6.5 1 -0.244753 0.438212 17.6001 
10 10 0 1 -0.53862 -0.0611839 17.6001 
10 10 6.5 1 -0.591175 0.323252 17.6001 
0 10 0 1 -0.108763 0.0206582 17.6001 
0 10 6.5 1 -0.122979 0.292537 17.6001 
0 5 10 1 0.0336557 0.501441 17.6001 
10 5 10 1 -0.49605 0.66294 17.6001 
0 6 0 1 0.010634 0.00397712 17.6001 
0 8 0 1 -0.0524887 0.012796 17.6001 
0 8 5 1 -0.0615805 0.231472 17.6001 
0 6 5 1 0.00377864 0.236158 17.6001 
0 2 2.5 1 0.163084 0.111828 17.6001 
0 4 2.5 1 0.0800184 0.114871 17.6001 
0 4 5 1 0.0780097 0.241481 17.6001 
0 2 5 1 0.163051 0.247578 17.6001 
0.5 0.5 -0.5 1 0.217268 -0.0587575 17.6001 
0.5 0.5 6 1 0.221102 0.314281 17.6001 
10.5 0.5 -0.5 1 -0.260366 -0.241972 17.6001 
10.5 0.5 6 1 -0.313774 0.381905 17.6001 
10.5 10.5 -0.5 1 -0.575442 -0.0901594 17.6001 
10.5 10.5 6 1 -0.630506 0.290428 17.6001 
0.5 10.5 -0.5 1 -0.136234 -0.000211269 17.6001 
0.5 10.5 6 1 -0.151831 0.269751 17.6001 
0.5 5.5 9.5 1 -0.00169207 0.47321 17.6001 
10.5 5.5 9.5 1 -0.548636 0.617538 17.6001 
0.5 6.5 -0.5 1 -0.0205592 -0.0193691 17.6001 
0.5 8.5 -0.5 1 -0.0817037 -0.00924248 17.6001 
0.5 8.5 4.5 1 -0.0919871 0.20781 17.6001 
0.5 6.5 4.5 1 -0.0287771 0.210982 17.6001 
0.5 2.5 2 1 0.126123 0.0841885 17.6001 
0.5 4.5 2 1 0.0457949 0.089047 17.6001 
0.5 4.5 4.5 1 0.0429818 0.214582 17.6001 
0.5 2.5 4.5 1 0.12515 0.218705 17.6001 
