0 0 0 1 -0.131887 -0.0321927 4.53333 
0 0 6.5 1 -0.134049 0.220831 4.53333 
10 0 0 1 0.258088 -0.0526184 4.53333 
10 0 6.5 1 0.276801 0.214669 4.53333 
10 10 0 1 0.324616 -0.212108 4.53333 
10 10 6.5 1 0.362484 0.227237 4.53333 
0 10 0 1 -0.299063 -0.165975 4.53333 
0 10 6.5 1 -0.316457 0.236126 4.53333 
0 5 10 1 -0.207328 0.410661 4.53333 
10 5 10 1 0.323633 0.417668 4.53333 
0 6 0 1 -0.213184 -0.0972504 4.53333 
0 8 0 1 -0.251629 -0.128016 4.53333 
0 8 5 1 -0.260666 0.144061 4.53333 
0 6 5 1 -0.219394 0.149296 4.53333 
0 2 2.5 1 -0.156007 0.0512421 4.53333 
0 4 2.5 1 -0.183447 0.0383742 4.53333 
0 4 5 1 -0.185593 0.153583 4.53333 
0 2 5 1 -0.157401 0.157159 4.53333 
0.5 0.5 -0.5 1 -0.118331 -0.0563237 4.53333 
0.5 0.5 6 1 -0.119832 0.200179 4.53333 
10.5 0.5 -0.5 1 0.279773 -0.0785499 4.53333 
10.5 0.5 6 1 0.300049 0.192615 4.53333 
10.5 10.5 -0.5 1 0.362684 -0.260125 4.53333 
10.5 10.5 6 1 0.405447 0.189686 4.53333 
0.5 10.5 -0.5 1 -0.282112 -0.208418 4.53333 
0.5 10.5 6 1 -0.298593 0.202468 4.53333 
0.5 5.5 9.5 1 -0.190744 0.388579 4.53333 
10.5 5.5 9.5 1 0.355413 0.393972 4.53333 
0.5 6.5 -0.5 1 -0.19755 -0.12989 4.53333 
0.5 8.5 -0.5 1 -0.235293 -0.16494 4.53333 
0.5 8.5 4.5 1 -0.243638 0.112328 4.53333 
0.5 6.5 4.5 1 -0.203107 0.120923 4.53333 
0.5 2.5 2 1 -0.141517 0.0262428 4.53333 
0.5 4.5 2 1 -0.168234 0.0108406 4.53333 
0.5 4.5 4.5 1 -0.170072 0.127928 4.53333 
0.5 2.5 4.5 1 -0.14263 0.133747 4.53333 
