0 0 0 1 0.268372 -0.272287 16.0001 
0 0 6.5 1 0.312738 0.118973 16.0001 
10 0 0 1 -0.371009 -0.280252 16.0001 
10 0 6.5 1 -0.33442 0.202485 16.0001 
10 10 0 1 -0.349359 -0.128233 16.0001 
10 10 6.5 1 -0.327744 0.154731 16.0001 
0 10 0 1 0.0550295 -0.141121 16.0001 
0 10 6.5 1 0.0799314 0.107742 16.0001 
0 5 10 1 0.187729 0.280435 16.0001 
10 5 10 1 -0.315089 0.370641 16.0001 
0 6 0 1 0.118586 -0.180196 16.0001 
0 8 0 1 0.0843159 -0.159127 16.0001 
0 8 5 1 0.105274 0.0465893 16.0001 
0 6 5 1 0.141798 0.0429752 16.0001 
0 2 2.5 1 0.222821 -0.101956 16.0001 
0 4 2.5 1 0.172128 -0.0841179 16.0001 
0 4 5 1 0.185212 0.0386793 16.0001 
0 2 5 1 0.237668 0.0334886 16.0001 
0.5 0.5 -0.5 1 0.22319 -0.291326 16.0001 
0.5 0.5 6 1 0.265603 0.0912713 16.0001 
10.5 0.5 -0.5 1 -0.410149 -0.303321 16.0001 
10.5 0.5 6 1 -0.37559 0.166301 16.0001 
10.5 10.5 -0.5 1 -0.372929 -0.144205 16.0001 
10.5 10.5 6 1 -0.352026 0.134203 16.0001 
0.5 10.5 -0.5 1 0.028871 -0.155062 16.0001 
0.5 10.5 6 1 0.0530645 0.0902709 16.0001 
0.5 5.5 9.5 1 0.152794 0.256022 16.0001 
10.5 5.5 9.5 1 -0.346269 0.340312 16.0001 
0.5 6.5 -0.5 1 0.0870656 -0.19587 16.0001 
0.5 8.5 -0.5 1 0.0557193 -0.173889 16.0001 
0.5 8.5 4.5 1 0.0760373 0.0286935 16.0001 
0.5 6.5 4.5 1 0.109511 0.0236174 16.0001 
0.5 2.5 2 1 0.182723 -0.122388 16.0001 
0.5 4.5 2 1 0.13658 -0.102971 16.0001 
0.5 4.5 4.5 1 0.14919 0.0176001 16.0001 
0.5 2.5 4.5 1 0.19698 0.0103531 16.0001 
