0 0 0 1 0.369906 -0.685937 14.4334 
0 0 6.5 1 0.350462 -0.167176 14.4334 
10 0 0 1 -0.356964 -0.606731 14.4334 
10 0 6.5 1 -0.316921 -0.15177 14.4334 
10 10 0 1 -0.14263 -0.443193 14.4334 
10 10 6.5 1 -0.128319 -0.169756 14.4334 
0 10 0 1 0.286756 -0.475452 14.4334 
0 10 6.5 1 0.27963 -0.180178 14.4334 
0 5 10 1 0.30061 0.0074575 14.4334 
10 5 10 1 -0.189356 0.0045199 14.4334 
0 6 0 1 0.309588 -0.53325 14.4334 
0 8 0 1 0.297092 -0.501616 14.4334 
0 8 5 1 0.290582 -0.249753 14.4334 
0 6 5 1 0.301821 -0.254806 14.4334 
0 2 2.5 1 0.338389 -0.439578 14.4334 
0 4 2.5 1 0.320139 -0.412277 14.4334 
0 4 5 1 0.31554 -0.260973 14.4334 
0 2 5 1 0.332663 -0.268671 14.4334 
0.5 0.5 -0.5 1 0.3246 -0.70594 14.4334 
0.5 0.5 6 1 0.309684 -0.202568 14.4334 
10.5 0.5 -0.5 1 -0.373828 -0.626925 14.4334 
10.5 0.5 6 1 -0.333672 -0.183804 14.4334 
10.5 10.5 -0.5 1 -0.157006 -0.458608 14.4334 
10.5 10.5 6 1 -0.142269 -0.189465 14.4334 
0.5 10.5 -0.5 1 0.262353 -0.491368 14.4334 
0.5 10.5 6 1 0.256621 -0.201104 14.4334 
0.5 5.5 9.5 1 0.272284 -0.0223277 14.4334 
10.5 5.5 9.5 1 -0.204652 -0.0228082 14.4334 
0.5 6.5 -0.5 1 0.279641 -0.550962 14.4334 
0.5 8.5 -0.5 1 0.270198 -0.51841 14.4334 
0.5 8.5 4.5 1 0.265 -0.271292 14.4334 
0.5 6.5 4.5 1 0.273488 -0.278313 14.4334 
0.5 2.5 2 1 0.301047 -0.464002 14.4334 
0.5 4.5 2 1 0.287413 -0.434745 14.4334 
0.5 4.5 4.5 1 0.283801 -0.286844 14.4334 
0.5 2.5 4.5 1 0.296596 -0.297429 14.4334 
