0 0 0 1 0.286882 -0.26525 18.8001 
0 0 6.5 1 0.252895 0.0829228 18.8001 
10 0 0 1 0.180747 -0.579976 18.8001 
10 0 6.5 1 0.11178 0.116771 18.8001 
10 10 0 1 -0.583904 -0.484092 18.8001 
10 10 6.5 1 -0.637017 0.0144679 18.8001 
0 10 0 1 -0.176098 -0.261411 18.8001 
0 10 6.5 1 -0.205792 0.0290617 18.8001 
0 5 10 1 -0.0143325 0.224928 18.8001 
10 5 10 1 -0.357515 0.372887 18.8001 
0 6 0 1 -0.0105704 -0.262783 18.8001 
0 8 0 1 -0.0961633 -0.262073 18.8001 
0 8 5 1 -0.119588 -0.0311331 18.8001 
0 6 5 1 -0.034622 -0.0236509 18.8001 
0 2 2.5 1 0.167495 -0.135833 18.8001 
0 4 2.5 1 0.0689647 -0.139735 18.8001 
0 4 5 1 0.0565948 -0.0156182 18.8001 
0 2 5 1 0.154779 -0.00697196 18.8001 
0.5 0.5 -0.5 1 0.258684 -0.300093 18.8001 
0.5 0.5 6 1 0.224084 0.0532199 18.8001 
10.5 0.5 -0.5 1 0.120226 -0.660375 18.8001 
10.5 0.5 6 1 0.0486993 0.0572644 18.8001 
10.5 10.5 -0.5 1 -0.643494 -0.539102 18.8001 
10.5 10.5 6 1 -0.698069 -0.0299348 18.8001 
0.5 10.5 -0.5 1 -0.205384 -0.290375 18.8001 
0.5 10.5 6 1 -0.235538 0.00366659 18.8001 
0.5 5.5 9.5 1 -0.0442257 0.199853 18.8001 
10.5 5.5 9.5 1 -0.422042 0.329937 18.8001 
0.5 6.5 -0.5 1 -0.0397327 -0.293844 18.8001 
0.5 8.5 -0.5 1 -0.125426 -0.292049 18.8001 
0.5 8.5 4.5 1 -0.149224 -0.0581749 18.8001 
0.5 6.5 4.5 1 -0.0641789 -0.0515642 18.8001 
0.5 2.5 2 1 0.138619 -0.167497 18.8001 
0.5 4.5 2 1 0.0397898 -0.170273 18.8001 
0.5 4.5 4.5 1 0.0272104 -0.0444603 18.8001 
0.5 2.5 4.5 1 0.125681 -0.036806 18.8001 
