0 0 0 1 0.290426 -0.273629 19.0001 
0 0 6.5 1 0.253252 0.0735834 19.0001 
10 0 0 1 0.252712 -0.562669 19.0001 
10 0 6.5 1 0.178201 0.146766 19.0001 
10 10 0 1 -0.588911 -0.504544 19.0001 
10 10 6.5 1 -0.631524 0.0266453 19.0001 
0 10 0 1 -0.187331 -0.282206 19.0001 
0 10 6.5 1 -0.214995 0.0160319 19.0001 
0 5 10 1 -0.0155811 0.212859 19.0001 
10 5 10 1 -0.313385 0.396262 19.0001 
0 6 0 1 -0.0135607 -0.279086 19.0001 
0 8 0 1 -0.102995 -0.280692 19.0001 
0 8 5 1 -0.125537 -0.0441177 19.0001 
0 6 5 1 -0.0374299 -0.0354238 19.0001 
0 2 2.5 1 0.169067 -0.145464 19.0001 
0 4 2.5 1 0.068742 -0.151313 19.0001 
0 4 5 1 0.0561291 -0.0261919 19.0001 
0 2 5 1 0.155663 -0.0163706 19.0001 
0.5 0.5 -0.5 1 0.264059 -0.308812 19.0001 
0.5 0.5 6 1 0.226486 0.0450977 19.0001 
10.5 0.5 -0.5 1 0.196207 -0.647242 19.0001 
10.5 0.5 6 1 0.120127 0.0907146 19.0001 
10.5 10.5 -0.5 1 -0.654562 -0.565378 19.0001 
10.5 10.5 6 1 -0.697302 -0.0183601 19.0001 
0.5 10.5 -0.5 1 -0.217402 -0.312429 19.0001 
0.5 10.5 6 1 -0.245226 -0.00926468 19.0001 
0.5 5.5 9.5 1 -0.044644 0.189041 19.0001 
10.5 5.5 9.5 1 -0.378011 0.356867 19.0001 
0.5 6.5 -0.5 1 -0.0425768 -0.311116 19.0001 
0.5 8.5 -0.5 1 -0.132596 -0.311792 19.0001 
0.5 8.5 4.5 1 -0.155288 -0.0711861 19.0001 
0.5 6.5 4.5 1 -0.0666271 -0.0631738 19.0001 
0.5 2.5 2 1 0.141512 -0.177086 19.0001 
0.5 4.5 2 1 0.0403342 -0.182037 19.0001 
0.5 4.5 4.5 1 0.027614 -0.0546573 19.0001 
0.5 2.5 4.5 1 0.127979 -0.0455873 19.0001 
