0 0 0 1 -0.537575 -0.448954 7.36666 
0 0 6.5 1 -0.520279 -0.0695539 7.36666 
10 0 0 1 -0.0742222 -0.35842 7.36666 
10 0 6.5 1 -0.0828579 -0.0848629 7.36666 
10 10 0 1 0.299889 -0.41838 7.36666 
10 10 6.5 1 0.263434 -0.0284073 7.36666 
0 10 0 1 -0.251616 -0.616514 7.36666 
0 10 6.5 1 -0.252712 0.0313755 7.36666 
0 5 10 1 -0.413366 0.196206 7.36666 
10 5 10 1 0.0516613 0.0977616 7.36666 
0 6 0 1 -0.405132 -0.52656 7.36666 
0 8 0 1 -0.338254 -0.565748 7.36666 
0 8 5 1 -0.332741 -0.119724 7.36666 
0 6 5 1 -0.39588 -0.130645 7.36666 
0 2 2.5 1 -0.495066 -0.303945 7.36666 
0 4 2.5 1 -0.452411 -0.312069 7.36666 
0 4 5 1 -0.446849 -0.13946 7.36666 
0 2 5 1 -0.488856 -0.146725 7.36666 
0.5 0.5 -0.5 1 -0.498283 -0.478822 7.36666 
0.5 0.5 6 1 -0.483359 -0.0950788 7.36666 
10.5 0.5 -0.5 1 -0.0437249 -0.379407 7.36666 
10.5 0.5 6 1 -0.0538098 -0.103587 7.36666 
10.5 10.5 -0.5 1 0.346574 -0.449094 7.36666 
10.5 10.5 6 1 0.306827 -0.0545074 7.36666 
0.5 10.5 -0.5 1 -0.179497 -0.670735 7.36666 
0.5 10.5 6 1 -0.18821 -0.0101286 7.36666 
0.5 5.5 9.5 1 -0.368247 0.167651 7.36666 
10.5 5.5 9.5 1 0.0854532 0.07743 7.36666 
0.5 6.5 -0.5 1 -0.351041 -0.567463 7.36666 
0.5 8.5 -0.5 1 -0.276426 -0.612383 7.36666 
0.5 8.5 4.5 1 -0.275379 -0.158606 7.36666 
0.5 6.5 4.5 1 -0.345239 -0.165438 7.36666 
0.5 2.5 2 1 -0.452971 -0.334641 7.36666 
0.5 4.5 2 1 -0.405758 -0.345903 7.36666 
0.5 4.5 4.5 1 -0.401526 -0.170943 7.36666 
0.5 2.5 4.5 1 -0.447847 -0.175473 7.36666 
