0 0 0 1 0.287208 -0.526098 12.4667 
0 0 6.5 1 0.228788 0.0882628 12.4667 
10 0 0 1 -0.223202 -0.34493 12.4667 
10 0 6.5 1 -0.261614 0.0208246 12.4667 
10 10 0 1 0.127521 -0.212806 12.4667 
10 10 6.5 1 0.1019 0.0494391 12.4667 
0 10 0 1 0.577198 -0.267911 12.4667 
0 10 6.5 1 0.544405 0.101521 12.4667 
0 5 10 1 0.403303 0.34858 12.4667 
10 5 10 1 -0.0663937 0.203552 12.4667 
0 6 0 1 0.494229 -0.341781 12.4667 
0 8 0 1 0.539309 -0.301644 12.4667 
0 8 5 1 0.511696 0.00658163 12.4667 
0 6 5 1 0.46367 -0.00437618 12.4667 
0 2 2.5 1 0.353063 -0.243032 12.4667 
0 4 2.5 1 0.42266 -0.20469 12.4667 
0 4 5 1 0.405497 -0.0176493 12.4667 
0 2 5 1 0.333581 -0.0340583 12.4667 
0.5 0.5 -0.5 1 0.273864 -0.535471 12.4667 
0.5 0.5 6 1 0.219051 0.039217 12.4667 
10.5 0.5 -0.5 1 -0.211486 -0.357721 12.4667 
10.5 0.5 6 1 -0.248308 -0.00640518 12.4667 
10.5 10.5 -0.5 1 0.126111 -0.225804 12.4667 
10.5 10.5 6 1 0.10121 0.0289354 12.4667 
0.5 10.5 -0.5 1 0.55758 -0.28383 12.4667 
0.5 10.5 6 1 0.525944 0.070878 12.4667 
0.5 5.5 9.5 1 0.387266 0.298264 12.4667 
10.5 5.5 9.5 1 -0.0616379 0.174587 12.4667 
0.5 6.5 -0.5 1 0.474907 -0.357157 12.4667 
0.5 8.5 -0.5 1 0.519674 -0.317451 12.4667 
0.5 8.5 4.5 1 0.493125 -0.0225039 12.4667 
0.5 6.5 4.5 1 0.44565 -0.0355997 12.4667 
0.5 2.5 2 1 0.337402 -0.267493 12.4667 
0.5 4.5 2 1 0.405002 -0.22867 12.4667 
0.5 4.5 4.5 1 0.388658 -0.0513205 12.4667 
0.5 2.5 4.5 1 0.318971 -0.0705434 12.4667 
