0 0 0 1 -0.367269 -0.341174 6.4 
0 0 6.5 1 -0.394592 -0.0386599 6.4 
10 0 0 1 0.0450696 -0.253431 6.4 
10 0 6.5 1 0.0198331 -0.0013378 6.4 
10 10 0 1 0.323513 -0.353428 6.4 
10 10 6.5 1 0.282136 0.0356583 6.4 
0 10 0 1 -0.2949 -0.539917 6.4 
0 10 6.5 1 -0.342873 -0.0160743 6.4 
0 5 10 1 -0.394096 0.173339 6.4 
10 5 10 1 0.106396 0.176176 6.4 
0 6 0 1 -0.333688 -0.433397 6.4 
0 8 0 1 -0.316772 -0.479851 6.4 
0 8 5 1 -0.348909 -0.127471 6.4 
0 6 5 1 -0.362087 -0.120991 6.4 
0 2 2.5 1 -0.369697 -0.238541 6.4 
0 4 2.5 1 -0.359921 -0.255652 6.4 
0 4 5 1 -0.3726 -0.115822 6.4 
0 2 5 1 -0.381182 -0.111603 6.4 
0.5 0.5 -0.5 1 -0.338001 -0.365368 6.4 
0.5 0.5 6 1 -0.365855 -0.0591151 6.4 
10.5 0.5 -0.5 1 0.073509 -0.272703 6.4 
10.5 0.5 6 1 0.0478558 -0.0180185 6.4 
10.5 10.5 -0.5 1 0.371959 -0.384896 6.4 
10.5 10.5 6 1 0.329507 0.0103985 6.4 
0.5 10.5 -0.5 1 -0.242245 -0.586328 6.4 
0.5 10.5 6 1 -0.291853 -0.0511727 6.4 
0.5 5.5 9.5 1 -0.357778 0.150652 6.4 
10.5 5.5 9.5 1 0.141344 0.158097 6.4 
0.5 6.5 -0.5 1 -0.293776 -0.467421 6.4 
0.5 8.5 -0.5 1 -0.271362 -0.51914 6.4 
0.5 8.5 4.5 1 -0.304452 -0.160123 6.4 
0.5 6.5 4.5 1 -0.322919 -0.14981 6.4 
0.5 2.5 2 1 -0.337818 -0.263591 6.4 
0.5 4.5 2 1 -0.324623 -0.283524 6.4 
0.5 4.5 4.5 1 -0.337599 -0.141612 6.4 
0.5 2.5 4.5 1 -0.349547 -0.134939 6.4 
