0 0 0 1 -0.525224 -0.446648 7.29999 
0 0 6.5 1 -0.512151 -0.0729645 7.29999 
10 0 0 1 -0.0651888 -0.354929 7.29999 
10 0 6.5 1 -0.0758147 -0.082897 7.29999 
10 10 0 1 0.302704 -0.416187 7.29999 
10 10 6.5 1 0.264553 -0.0257862 7.29999 
0 10 0 1 -0.258239 -0.616272 7.29999 
0 10 6.5 1 -0.263015 0.0245072 7.29999 
0 5 10 1 -0.414472 0.189651 7.29999 
10 5 10 1 0.0547156 0.0999654 7.29999 
0 6 0 1 -0.401758 -0.52509 7.29999 
0 8 0 1 -0.339289 -0.564778 7.29999 
0 8 5 1 -0.337004 -0.124635 7.29999 
0 6 5 1 -0.395873 -0.134737 7.29999 
0 2 2.5 1 -0.486921 -0.30461 7.29999 
0 4 2.5 1 -0.447227 -0.313208 7.29999 
0 4 5 1 -0.443306 -0.142877 7.29999 
0 2 5 1 -0.482341 -0.149576 7.29999 
0.5 0.5 -0.5 1 -0.486702 -0.475989 7.29999 
0.5 0.5 6 1 -0.475852 -0.0979207 7.29999 
10.5 0.5 -0.5 1 -0.0347602 -0.375712 7.29999 
10.5 0.5 6 1 -0.0467896 -0.101352 7.29999 
10.5 10.5 -0.5 1 0.3498 -0.44686 7.29999 
10.5 10.5 6 1 0.308395 -0.051648 7.29999 
0.5 10.5 -0.5 1 -0.187202 -0.669936 7.29999 
0.5 10.5 6 1 -0.199196 -0.0162079 7.29999 
0.5 5.5 9.5 1 -0.369937 0.161817 7.29999 
10.5 5.5 9.5 1 0.0886602 0.0799537 7.29999 
0.5 6.5 -0.5 1 -0.348614 -0.56541 7.29999 
0.5 8.5 -0.5 1 -0.278476 -0.61083 7.29999 
0.5 8.5 4.5 1 -0.280407 -0.16282 7.29999 
0.5 6.5 4.5 1 -0.345976 -0.168871 7.29999 
0.5 2.5 2 1 -0.445577 -0.334738 7.29999 
0.5 4.5 2 1 -0.401369 -0.346448 7.29999 
0.5 4.5 4.5 1 -0.3987 -0.173737 7.29999 
0.5 2.5 4.5 1 -0.442017 -0.177734 7.29999 
