0 0 0 1 0.244247 -0.400827 1.06667 
0 0 6.5 1 0.217528 -0.0884549 1.06667 
10 0 0 1 0.720993 -0.568416 1.06667 
10 0 6.5 1 0.631805 -0.0108293 1.06667 
10 10 0 1 -0.142783 -0.777456 1.06667 
10 10 6.5 1 -0.15849 -0.00217077 1.06667 
0 10 0 1 -0.249777 -0.468167 1.06667 
0 10 6.5 1 -0.251179 -0.097563 1.06667 
0 5 10 1 -0.00614619 0.0746871 1.06667 
10 5 10 1 0.265001 0.289725 1.06667 
0 6 0 1 -0.0317919 -0.438454 1.06667 
0 8 0 1 -0.136905 -0.452782 1.06667 
0 8 5 1 -0.143118 -0.174181 1.06667 
0 6 5 1 -0.0424457 -0.169638 1.06667 
0 2 2.5 1 0.149027 -0.28432 1.06667 
0 4 2.5 1 0.0589208 -0.292393 1.06667 
0 4 5 1 0.0518229 -0.165385 1.06667 
0 2 5 1 0.14028 -0.161394 1.06667 
0.5 0.5 -0.5 1 0.238538 -0.434805 1.06667 
0.5 0.5 6 1 0.211225 -0.110101 1.06667 
10.5 0.5 -0.5 1 0.741952 -0.642828 1.06667 
10.5 0.5 6 1 0.645423 -0.0447264 1.06667 
10.5 10.5 -0.5 1 -0.194662 -0.903655 1.06667 
10.5 10.5 6 1 -0.204885 -0.0480189 1.06667 
0.5 10.5 -0.5 1 -0.277536 -0.511537 1.06667 
0.5 10.5 6 1 -0.277244 -0.123472 1.06667 
0.5 5.5 9.5 1 -0.0206721 0.057727 1.06667 
10.5 5.5 9.5 1 0.255845 0.272382 1.06667 
0.5 6.5 -0.5 1 -0.0489831 -0.477555 1.06667 
0.5 8.5 -0.5 1 -0.159026 -0.493917 1.06667 
0.5 8.5 4.5 1 -0.164431 -0.202525 1.06667 
0.5 6.5 4.5 1 -0.0592491 -0.196846 1.06667 
0.5 2.5 2 1 0.139834 -0.314472 1.06667 
0.5 4.5 2 1 0.0460698 -0.323862 1.06667 
0.5 4.5 4.5 1 0.0389989 -0.191541 1.06667 
0.5 2.5 4.5 1 0.130977 -0.186575 1.06667 
