0 0 0 1 -0.166481 -0.0208631 4.8 
0 0 6.5 1 -0.177429 0.236475 4.8 
10 0 0 1 0.223594 -0.0228292 4.8 
10 0 6.5 1 0.233241 0.240993 4.8 
10 10 0 1 0.325048 -0.164642 4.8 
10 10 6.5 1 0.350471 0.267433 4.8 
0 10 0 1 -0.305072 -0.156083 4.8 
0 10 6.5 1 -0.335212 0.258849 4.8 
0 5 10 1 -0.24697 0.43369 4.8 
10 5 10 1 0.285649 0.446153 4.8 
0 6 0 1 -0.233423 -0.0861767 4.8 
0 8 0 1 -0.265378 -0.117354 4.8 
0 8 5 1 -0.283218 0.16206 4.8 
0 6 5 1 -0.247776 0.166203 4.8 
0 2 2.5 1 -0.189967 0.064419 4.8 
0 4 2.5 1 -0.2129 0.0518751 4.8 
0 4 5 1 -0.218927 0.169576 4.8 
0 2 5 1 -0.194987 0.172374 4.8 
0.5 0.5 -0.5 1 -0.150699 -0.0443652 4.8 
0.5 0.5 6 1 -0.161 0.216196 4.8 
10.5 0.5 -0.5 1 0.246359 -0.0469454 4.8 
10.5 0.5 6 1 0.257418 0.220266 4.8 
10.5 10.5 -0.5 1 0.365366 -0.208309 4.8 
10.5 10.5 6 1 0.395312 0.232853 4.8 
0.5 10.5 -0.5 1 -0.283187 -0.197813 4.8 
0.5 10.5 6 1 -0.312257 0.225492 4.8 
0.5 5.5 9.5 1 -0.227191 0.41179 4.8 
10.5 5.5 9.5 1 0.318535 0.423796 4.8 
0.5 6.5 -0.5 1 -0.214361 -0.118099 4.8 
0.5 8.5 -0.5 1 -0.244969 -0.153548 4.8 
0.5 8.5 4.5 1 -0.262049 0.130764 4.8 
0.5 6.5 4.5 1 -0.228028 0.138282 4.8 
0.5 2.5 2 1 -0.172937 0.0399757 4.8 
0.5 4.5 2 1 -0.19475 0.0249163 4.8 
0.5 4.5 4.5 1 -0.200464 0.144373 4.8 
0.5 2.5 4.5 1 -0.177678 0.149409 4.8 
