0 0 0 1 -0.706135 -0.487057 8.90001 
0 0 6.5 1 -0.625769 0.0465156 8.90001 
10 0 0 1 -0.242914 -0.331347 8.90001 
10 0 6.5 1 -0.21037 -0.0291035 8.90001 
10 10 0 1 0.233717 -0.419766 8.90001 
10 10 6.5 1 0.25553 -0.059851 8.90001 
0 10 0 1 0.105908 -0.731866 8.90001 
0 10 6.5 1 0.158619 0.0122212 8.90001 
0 5 10 1 -0.258114 0.337116 8.90001 
10 5 10 1 0.0177743 0.125166 8.90001 
0 6 0 1 -0.284616 -0.614133 8.90001 
0 8 0 1 -0.103473 -0.668743 8.90001 
0 8 5 1 -0.0544269 -0.130118 8.90001 
0 6 5 1 -0.230088 -0.112699 8.90001 
0 2 2.5 1 -0.551222 -0.299344 8.90001 
0 4 2.5 1 -0.413044 -0.326532 8.90001 
0 4 5 1 -0.384551 -0.0973821 8.90001 
0 2 5 1 -0.521432 -0.0838087 8.90001 
0.5 0.5 -0.5 1 -0.643533 -0.524502 8.90001 
0.5 0.5 6 1 -0.56787 0.000648186 8.90001 
10.5 0.5 -0.5 1 -0.212751 -0.354382 8.90001 
10.5 0.5 6 1 -0.181452 -0.0548517 8.90001 
10.5 10.5 -0.5 1 0.262934 -0.445844 8.90001 
10.5 10.5 6 1 0.283455 -0.0897826 8.90001 
0.5 10.5 -0.5 1 0.169448 -0.776629 8.90001 
0.5 10.5 6 1 0.216454 -0.0489403 8.90001 
0.5 5.5 9.5 1 -0.201463 0.279702 8.90001 
10.5 5.5 9.5 1 0.0458177 0.0959391 8.90001 
0.5 6.5 -0.5 1 -0.219926 -0.655874 8.90001 
0.5 8.5 -0.5 1 -0.0389489 -0.712 8.90001 
0.5 8.5 4.5 1 0.00567766 -0.184571 8.90001 
0.5 6.5 4.5 1 -0.169675 -0.164141 8.90001 
0.5 2.5 2 1 -0.489644 -0.342085 8.90001 
0.5 4.5 2 1 -0.350837 -0.371244 8.90001 
0.5 4.5 4.5 1 -0.324328 -0.146122 8.90001 
0.5 2.5 4.5 1 -0.461742 -0.130113 8.90001 
