0 0 0 1 0.255642 -0.216869 16.5334 
0 0 6.5 1 0.296534 0.156991 16.5334 
10 0 0 1 -0.338997 -0.299358 16.5334 
10 0 6.5 1 -0.329593 0.210481 16.5334 
10 10 0 1 -0.410878 -0.104663 16.5334 
10 10 6.5 1 -0.408731 0.199111 16.5334 
0 10 0 1 -0.00174037 -0.0835399 16.5334 
0 10 6.5 1 0.015368 0.166155 16.5334 
0 5 10 1 0.141221 0.335285 16.5334 
10 5 10 1 -0.377216 0.427161 16.5334 
0 6 0 1 0.0774815 -0.124578 16.5334 
0 8 0 1 0.0350442 -0.102595 16.5334 
0 8 5 1 0.0501809 0.101249 16.5334 
0 6 5 1 0.0952267 0.0947185 16.5334 
0 2 2.5 1 0.197902 -0.0537774 16.5334 
0 4 2.5 1 0.137326 -0.0336781 16.5334 
0 4 5 1 0.148041 0.0870616 16.5334 
0 2 5 1 0.210822 0.0779598 16.5334 
0.5 0.5 -0.5 1 0.212102 -0.236801 16.5334 
0.5 0.5 6 1 0.249856 0.129685 16.5334 
10.5 0.5 -0.5 1 -0.384924 -0.324423 16.5334 
10.5 0.5 6 1 -0.379289 0.171778 16.5334 
10.5 10.5 -0.5 1 -0.437603 -0.122248 16.5334 
10.5 10.5 6 1 -0.436692 0.176662 16.5334 
0.5 10.5 -0.5 1 -0.028204 -0.0983199 16.5334 
0.5 10.5 6 1 -0.0122657 0.148079 16.5334 
0.5 5.5 9.5 1 0.105359 0.310645 16.5334 
10.5 5.5 9.5 1 -0.41419 0.393936 16.5334 
0.5 6.5 -0.5 1 0.0460326 -0.1411 16.5334 
0.5 8.5 -0.5 1 0.00629592 -0.118201 16.5334 
0.5 8.5 4.5 1 0.0203828 0.082783 16.5334 
0.5 6.5 4.5 1 0.0625243 0.0748874 16.5334 
0.5 2.5 2 1 0.158351 -0.0746666 16.5334 
0.5 4.5 2 1 0.101895 -0.0530923 16.5334 
0.5 4.5 4.5 1 0.111834 0.0656489 16.5334 
0.5 2.5 4.5 1 0.17031 0.054693 16.5334 
