0 0 0 1 -0.694783 -0.445985 9.00001 
0 0 6.5 1 -0.61726 0.0935488 9.00001 
10 0 0 1 -0.245372 -0.297628 9.00001 
10 0 6.5 1 -0.212428 0.0045255 9.00001 
10 10 0 1 0.233126 -0.381329 9.00001 
10 10 6.5 1 0.257845 -0.0272895 9.00001 
0 10 0 1 0.142459 -0.67201 9.00001 
0 10 6.5 1 0.197524 0.0587947 9.00001 
0 5 10 1 -0.232247 0.388214 9.00001 
10 5 10 1 0.0202242 0.158378 9.00001 
0 6 0 1 -0.25422 -0.564921 9.00001 
0 8 0 1 -0.0688763 -0.614957 9.00001 
0 8 5 1 -0.0197781 -0.0834068 9.00001 
0 6 5 1 -0.200705 -0.0667426 9.00001 
0 2 2.5 1 -0.534084 -0.256016 9.00001 
0 4 2.5 1 -0.389232 -0.281859 9.00001 
0 4 5 1 -0.361451 -0.0519373 9.00001 
0 2 5 1 -0.505214 -0.0386961 9.00001 
0.5 0.5 -0.5 1 -0.631094 -0.483502 9.00001 
0.5 0.5 6 1 -0.557963 0.0457522 9.00001 
10.5 0.5 -0.5 1 -0.215397 -0.320611 9.00001 
10.5 0.5 6 1 -0.183592 -0.0217039 9.00001 
10.5 10.5 -0.5 1 0.260886 -0.40687 9.00001 
10.5 10.5 6 1 0.284464 -0.0572884 9.00001 
0.5 10.5 -0.5 1 0.202038 -0.715323 9.00001 
0.5 10.5 6 1 0.252182 -0.00332848 9.00001 
0.5 5.5 9.5 1 -0.175848 0.327992 9.00001 
10.5 5.5 9.5 1 0.0476844 0.128527 9.00001 
0.5 6.5 -0.5 1 -0.191029 -0.605951 9.00001 
0.5 8.5 -0.5 1 -0.00700215 -0.657157 9.00001 
0.5 8.5 4.5 1 0.0382155 -0.13857 9.00001 
0.5 6.5 4.5 1 -0.141337 -0.119166 9.00001 
0.5 2.5 2 1 -0.471987 -0.299357 9.00001 
0.5 4.5 2 1 -0.327327 -0.326954 9.00001 
0.5 4.5 4.5 1 -0.301355 -0.101873 9.00001 
0.5 2.5 4.5 1 -0.444861 -0.0863652 9.00001 
