0 0 0 1 -0.717468 -0.599332 8.46667 
0 0 6.5 1 -0.636326 -0.0932283 8.46667 
10 0 0 1 -0.2165 -0.435691 8.46667 
10 0 6.5 1 -0.190103 -0.132626 8.46667 
10 10 0 1 0.247771 -0.538374 8.46667 
10 10 6.5 1 0.253649 -0.15266 8.46667 
0 10 0 1 -0.0393585 -0.900915 8.46667 
0 10 6.5 1 0.00459817 -0.112736 8.46667 
0 5 10 1 -0.344895 0.186501 8.46667 
10 5 10 1 0.0161634 0.027031 8.46667 
0 6 0 1 -0.384236 -0.747534 8.46667 
0 8 0 1 -0.228953 -0.816594 8.46667 
0 8 5 1 -0.181968 -0.257768 8.46667 
0 6 5 1 -0.329601 -0.240655 8.46667 
0 2 2.5 1 -0.591348 -0.420425 8.46667 
0 4 2.5 1 -0.483026 -0.449795 8.46667 
0 4 5 1 -0.454419 -0.226186 8.46667 
0 2 5 1 -0.561332 -0.213792 8.46667 
0.5 0.5 -0.5 1 -0.660847 -0.63706 8.46667 
0.5 0.5 6 1 -0.584712 -0.132697 8.46667 
10.5 0.5 -0.5 1 -0.185609 -0.459187 8.46667 
10.5 0.5 6 1 -0.160796 -0.156723 8.46667 
10.5 10.5 -0.5 1 0.283453 -0.567373 8.46667 
10.5 10.5 6 1 0.287214 -0.182667 8.46667 
0.5 10.5 -0.5 1 0.0378035 -0.954605 8.46667 
0.5 10.5 6 1 0.0725337 -0.171012 8.46667 
0.5 5.5 9.5 1 -0.289102 0.138646 8.46667 
10.5 5.5 9.5 1 0.0466119 7.62748e-06 8.46667 
0.5 6.5 -0.5 1 -0.316577 -0.793535 8.46667 
0.5 8.5 -0.5 1 -0.156775 -0.866166 8.46667 
0.5 8.5 4.5 1 -0.116183 -0.310371 8.46667 
0.5 6.5 4.5 1 -0.267561 -0.2891 8.46667 
0.5 2.5 2 1 -0.53371 -0.461513 8.46667 
0.5 4.5 2 1 -0.422019 -0.493811 8.46667 
0.5 4.5 4.5 1 -0.395794 -0.271081 8.46667 
0.5 2.5 4.5 1 -0.505814 -0.255622 8.46667 
