0 0 0 1 0.257195 -0.117598 16.9334 
0 0 6.5 1 0.289007 0.257648 16.9334 
10 0 0 1 -0.298663 -0.235994 16.9334 
10 0 6.5 1 -0.312011 0.31712 16.9334 
10 10 0 1 -0.458407 -0.0570826 16.9334 
10 10 6.5 1 -0.476292 0.273656 16.9334 
0 10 0 1 -0.0410452 -0.0142667 16.9334 
0 10 6.5 1 -0.0343143 0.243482 16.9334 
0 5 10 1 0.104738 0.429119 16.9334 
10 5 10 1 -0.427006 0.54141 16.9334 
0 6 0 1 0.052795 -0.0467795 16.9334 
0 8 0 1 0.00275914 -0.0294436 16.9334 
0 8 5 1 0.00998633 0.179528 16.9334 
0 6 5 1 0.0627107 0.176949 16.9334 
0 2 2.5 1 0.186519 0.0369753 16.9334 
0 4 2.5 1 0.117037 0.0508609 16.9334 
0 4 5 1 0.123885 0.173958 16.9334 
0 2 5 1 0.195717 0.170445 16.9334 
0.5 0.5 -0.5 1 0.214718 -0.140772 16.9334 
0.5 0.5 6 1 0.243053 0.227977 16.9334 
10.5 0.5 -0.5 1 -0.350602 -0.267544 16.9334 
10.5 0.5 6 1 -0.369314 0.271496 16.9334 
10.5 10.5 -0.5 1 -0.48824 -0.0781166 16.9334 
10.5 10.5 6 1 -0.507804 0.247587 16.9334 
0.5 10.5 -0.5 1 -0.0679352 -0.0311414 16.9334 
0.5 10.5 6 1 -0.0625756 0.223543 16.9334 
0.5 5.5 9.5 1 0.068435 0.402569 16.9334 
10.5 5.5 9.5 1 -0.469357 0.503011 16.9334 
0.5 6.5 -0.5 1 0.0212285 -0.0657246 16.9334 
0.5 8.5 -0.5 1 -0.0262877 -0.0472949 16.9334 
0.5 8.5 4.5 1 -0.0202794 0.159049 16.9334 
0.5 6.5 4.5 1 0.029702 0.154992 16.9334 
0.5 2.5 2 1 0.147372 0.0134412 16.9334 
0.5 4.5 2 1 0.0816471 0.0290063 16.9334 
0.5 4.5 4.5 1 0.0876084 0.150291 16.9334 
0.5 2.5 4.5 1 0.155487 0.144781 16.9334 
